    360.3600159   2.4202780e-23
    372.2399902   2.7698068e-23
    380.1600037   2.9618900e-23
    388.0800171   1.6594891e-22
    396.0000000   4.5924089e-22
    403.9200134   4.9835214e-22
    411.8399963   4.7322304e-22
    419.7600098   4.8103264e-22
    427.6799927   4.9085601e-22
    435.6000061   5.6076277e-22
    451.4400024   5.8179807e-22
    467.2799988   5.6498253e-22
    479.1600037   7.1607012e-22
    495.0000000   7.4314999e-22
    502.9200134   7.5889580e-22
    506.8800049   7.7086109e-22
    518.7600098   7.4378012e-22
    522.7200317   7.6960270e-22
    530.6400146   7.3496411e-22
    542.5200195   8.1746609e-22
    554.4000244   8.1935309e-22
    566.2800293   1.0353723e-21
    582.1199951   1.2879172e-21
    597.9600220   1.1531397e-21
    613.7999878   1.3011413e-21
    629.6400146   1.3068109e-21
    641.5200195   1.3087004e-21
    657.3599854   1.3168876e-21
    673.2000122   1.3156272e-21
    685.0800171   1.0813444e-21
    700.9199829   1.3257021e-21
    712.7999878   1.3275957e-21
    720.7200317   1.3275957e-21
    736.5599976   1.3294803e-21
    756.3599854   1.3313734e-21
    768.2399902   1.3389318e-21
    784.0800171   1.3357777e-21
    799.9199829   1.3401908e-21
    811.7999878   1.3389318e-21
    831.6000366   1.2979908e-21
    855.3599854   1.3376681e-21
    871.2000122   1.3427064e-21
    883.0800171   1.3263310e-21
    898.9199829   1.3458591e-21
    910.7999878   1.6853132e-21
    926.6400146   2.4281352e-21
    950.4000244   2.5047122e-21
    974.1600342   2.2163491e-21
    997.9199829   2.1740267e-21
   1017.7200317   1.9196418e-21
   1029.5999756   1.9622015e-21
   1045.4400635   2.3818211e-21
   1065.2399902   2.3448403e-21
   1085.0400391   2.2853231e-21
   1104.8399658   1.8956805e-21
   1124.6400146   2.1575904e-21
   1148.4000244   2.1327657e-21
   1172.1600342   1.8737868e-21
   1191.9599609   1.6483249e-21
   1219.6800537   1.6751225e-21
   1259.2800293   1.5282904e-21
   1298.8800049   1.4657161e-21
   1338.4799805   1.2881661e-21
   1378.0799561   1.1346525e-21
   1413.7199707   1.4282621e-21
   1449.3599854   2.0407218e-21
   1485.0000000   1.8894384e-21
   1524.5999756   1.4042351e-21
   1564.2000732   1.9570376e-21
   1603.8000488   2.2771079e-21
   1639.4400635   2.1423317e-21
   1671.1199951   1.8531390e-21
   1702.8000488   1.6898936e-21
   1746.3599854   1.8573351e-21
   1785.9599609   1.7955835e-21
   1821.5999756   1.5073859e-21
   1861.2000732   1.4636575e-21
   1900.8000488   1.5717116e-21
   1940.4000244   1.2730483e-21
   1980.0000000   1.5101490e-21
   2003.7600098   1.2700830e-21
   2027.5200195   1.9589380e-21
   2059.1999512   1.8104146e-21
   2098.8000488   1.6157490e-21
   2138.3999023   1.2883529e-21
   2178.0000000   1.2163326e-21
   2217.6000977   1.5623588e-21
   2257.1999512   1.7146390e-21
   2296.8000488   1.6457496e-21
   2336.3999023   1.6505560e-21
   2376.0000000   1.3686407e-21
   2415.6000977   1.3182068e-21
   2455.1999512   1.6691448e-21
   2494.8000488   1.5700834e-21
   2534.3999023   1.7391739e-21
   2574.0000000   1.6857795e-21
   2605.6799316   1.5600139e-21
   2633.4001465   1.7826265e-21
   2673.0000000   1.9123461e-21
   2712.6000977   1.6749019e-21
   2752.1999512   2.0034244e-21
   2791.8000488   1.6700834e-21
   2835.3601074   2.2358827e-21
   2874.9599609   2.3633984e-21
   2910.6000977   2.4801704e-21
   2950.1999512   2.5306189e-21
   2989.8000488   2.6686775e-21
   3029.4001465   2.5575685e-21
   3069.0000000   3.0686537e-21
   3108.6000977   3.0377992e-21
   3148.1999512   3.5593174e-21
   3187.8000488   4.0614451e-21
   3227.4001465   4.6632598e-21
   3267.0000000   5.4478963e-21
   3306.6000977   5.0047973e-21
   3346.1999512   7.1962322e-21
   3385.8000488   8.2965125e-21
   3425.4001465   1.0165162e-20
   3465.0000000   1.2151794e-20
   3504.6000977   1.4600045e-20
   3544.1999512   1.7686519e-20
   3583.8000488   2.1121374e-20
   3623.4001465   2.5139584e-20
   3663.0000000   8.4714436e-20
   3702.6000977   1.5430334e-19
   3742.1999512   2.2481417e-19
   3781.8000488   2.9088427e-19
   3821.4001465   3.1551879e-19
   3861.0000000   1.4685768e-19
   3900.6000977   2.9016589e-19
   3940.1999512   2.8499903e-19
   3979.8000488   3.5969375e-19
   4019.4001465   3.7591060e-19
   4059.0000000   2.7166653e-19
   4098.6000977   4.1814629e-19
   4138.2001953   5.6911407e-19
   4177.7998047   5.5066385e-19
   4217.3999023   4.6995062e-19
   4257.0000000   5.1889805e-19
   4296.6000977   4.6026464e-19
   4336.2001953   5.3942562e-19
   4375.7998047   5.1363553e-19
   4415.3999023   5.0349786e-19
   4455.0000000   4.4222094e-19
   4494.6000977   5.2853512e-19
   4534.2001953   5.0442746e-19
   4573.7998047   5.0664321e-19
   4613.3999023   4.9870688e-19
   4653.0000000   3.3661823e-19
   4692.6000977   4.7985947e-19
   4732.2001953   4.2448358e-19
   4771.7998047   3.6096130e-19
   4811.3999023   2.9933534e-19
   4851.0000000   6.3234587e-19
   4890.6000977   7.4372135e-19
   4930.2001953   7.6020013e-19
   4969.7998047   7.4509447e-19
   5009.3999023   7.3674480e-19
   5049.0000000   8.2848249e-19
   5088.6000977   8.4461815e-19
   5128.2001953   7.3485438e-19
   5167.8002930   7.5264244e-19
   5207.3999023   8.5320428e-19
   5247.0000000   8.1929913e-19
   5286.6000977   7.8118084e-19
   5326.2001953   8.4116069e-19
   5365.8002930   8.2791148e-19
   5405.3999023   7.7855723e-19
   5445.0000000   7.7522374e-19
   5484.6000977   7.7044140e-19
   5524.2001953   5.7792716e-19
   5563.8002930   5.6944659e-19
   5603.3999023   7.3564227e-19
   5643.0000000   7.1719056e-19
   5682.6000977   7.5288377e-19
   5710.3198242   7.6373726e-19
   5730.1201172   7.6256085e-19
   5761.8002930   7.4192704e-19
   5801.3999023   7.0800214e-19
   5841.0000000   7.2411872e-19
   5880.6000977   7.3265662e-19
   5920.2001953   7.2805692e-19
   5959.8002930   6.9086549e-19
   5987.5200195   6.3863389e-19
   6007.3198242   6.5932468e-19
   6039.0000000   6.6018226e-19
   6078.6000977   5.7170438e-19
   6118.2001953   5.1373262e-19
   6157.8002930   5.1479865e-19
   6197.3999023   5.7534408e-19
   6237.0000000   6.1018736e-19
   6276.6000977   6.2063610e-19
   6316.2001953   6.2192944e-19
   6355.8002930   6.1281391e-19
   6395.3999023   6.0414496e-19
   6435.0000000   5.9810199e-19
   6474.6000977   6.2794832e-19
   6514.2001953   6.2937852e-19
   6553.8002930   6.2217253e-19
   6593.3999023   6.4116879e-19
   6621.1201172   6.0124129e-19
   6640.9199219   6.6764079e-19
   6672.6000977   6.5905827e-19
   6712.2001953   6.3080090e-19
   6751.8002930   6.1737111e-19
   6791.3999023   5.8543258e-19
   6831.0000000   5.7625439e-19
   6870.6000977   6.0452453e-19
   6910.2001953   5.9296520e-19
   6949.8002930   6.0328324e-19
   6989.3999023   5.8679174e-19
   7029.0000000   5.7055057e-19
   7068.6000977   5.8554058e-19
   7108.2001953   5.9794177e-19
   7147.8002930   6.0265567e-19
   7187.3999023   5.5693890e-19
   7227.0000000   5.7082121e-19
   7266.6000977   5.5907338e-19
   7306.2001953   5.2233462e-19
   7345.8002930   5.2202960e-19
   7385.3999023   5.2923429e-19
   7425.0000000   5.4990259e-19
   7464.6000977   5.0444074e-19
   7504.2001953   4.8095662e-19
   7543.8002930   5.1329276e-19
   7583.3999023   4.8637103e-19
   7623.0000000   4.6592882e-19
   7662.6000977   4.9339121e-19
   7702.2001953   5.0143678e-19
   7741.8002930   4.5939424e-19
   7789.3203125   4.9454751e-19
   7824.9599609   5.0885091e-19
   7856.6401367   4.8265363e-19
   7900.2001953   4.7267261e-19
   7939.8002930   4.8814720e-19
   7979.3999023   4.7980472e-19
   8019.0000000   4.9427175e-19
   8058.6000977   4.6098279e-19
   8098.2001953   4.6816872e-19
   8137.8002930   4.1906735e-19
   8177.3999023   4.3775142e-19
   8213.0400391   4.8044361e-19
   8228.8798828   4.4535301e-19
   8256.5996094   4.6214229e-19
   8296.2001953   4.3998921e-19
   8335.7998047   4.4951693e-19
   8375.4003906   4.5354851e-19
   8415.0000000   4.5441379e-19
   8454.5996094   4.4414589e-19
   8494.2001953   4.3220197e-19
   8533.7998047   4.4625955e-19
   8573.4003906   4.3847495e-19
   8613.0000000   4.3748621e-19
   8652.5996094   4.2512164e-19
   8692.2001953   4.3545817e-19
   8731.7998047   4.3120093e-19
   8771.4003906   4.2077693e-19
   8811.0000000   4.1345682e-19
   8850.5996094   4.1703487e-19
   8890.2001953   4.1421472e-19
   8929.7998047   4.0345825e-19
   8969.4003906   4.1043549e-19
   9009.0000000   4.1091885e-19
   9048.5996094   4.1083763e-19
   9088.2001953   3.8836913e-19
   9127.7998047   3.9664841e-19
   9167.4003906   3.8709540e-19
   9207.0000000   3.4045712e-19
   9246.5996094   3.7410223e-19
   9286.2001953   3.7388378e-19
   9325.7998047   3.7512227e-19
   9365.4003906   3.6717459e-19
   9405.0000000   3.6342209e-19
   9444.5996094   3.5318332e-19
   9484.2001953   3.5885587e-19
   9523.7998047   3.5080577e-19
   9563.4003906   3.5084119e-19
   9603.0000000   3.5285310e-19
   9642.5996094   3.4248920e-19
   9682.2001953   3.4688067e-19
   9721.7998047   3.4369616e-19
   9761.4003906   3.3943142e-19
   9801.0000000   3.3355135e-19
   9840.5996094   3.3182725e-19
   9880.2001953   2.8491768e-19
   9919.7998047   3.2493668e-19
   9951.4804688   3.0976032e-19
   9971.2802734   3.2195221e-19
   9999.0000000   3.1752752e-19
  10038.5996094   3.1667103e-19
  10078.2001953   3.0946933e-19
  10117.7998047   3.1371698e-19
  10157.4003906   3.1068816e-19
  10197.0000000   3.1375281e-19
  10236.6005859   3.1093523e-19
  10276.2001953   3.0782374e-19
  10315.7998047   3.0395075e-19
  10355.4003906   3.0019372e-19
  10395.0000000   3.0048525e-19
  10434.6005859   2.9987352e-19
  10474.2001953   3.0194171e-19
  10513.7998047   3.0081534e-19
  10553.4003906   2.9037369e-19
  10593.0000000   2.9203627e-19
  10632.6005859   2.9126648e-19
  10672.2001953   2.8388970e-19
  10711.7998047   2.8219541e-19
  10751.4003906   2.7932121e-19
  10791.0000000   2.7881994e-19
  10830.6005859   2.7837210e-19
  10870.2001953   2.7007483e-19
  10909.7998047   2.6901296e-19
  10949.4003906   2.6848657e-19
  10989.0000000   2.7126832e-19
  11028.6005859   2.6745559e-19
  11068.2001953   2.5280527e-19
  11107.7998047   2.5762256e-19
  11147.4003906   2.6255243e-19
  11187.0000000   2.5990227e-19
  11226.6005859   2.5084441e-19
  11266.2001953   2.5091273e-19
  11305.7998047   2.4856118e-19
  11345.4003906   2.5002938e-19
  11385.0000000   2.4686404e-19
  11424.6005859   2.4533575e-19
  11464.2001953   2.4245230e-19
  11523.6005859   2.4156161e-19
  11602.7998047   2.3821558e-19
  11682.0000000   2.3325558e-19
  11761.2001953   2.3143314e-19
  11840.4003906   2.2792892e-19
  11919.6005859   2.2388701e-19
  11998.7998047   2.2264269e-19
  12078.0000000   2.1997666e-19
  12157.2001953   2.1711738e-19
  12236.4003906   2.1283210e-19
  12315.6005859   2.1069861e-19
  12394.7998047   2.0674786e-19
  12474.0000000   2.0445344e-19
  12553.2001953   2.0029053e-19
  12632.4003906   1.9574156e-19
  12711.6005859   1.9366370e-19
  12790.7998047   1.9034809e-19
  12870.0000000   1.8809272e-19
  12949.2001953   1.8455123e-19
  13028.4003906   1.8170421e-19
  13107.6005859   1.7890107e-19
  13186.7998047   1.7532464e-19
  13266.0000000   1.7187631e-19
  13345.2001953   1.6895375e-19
  13424.4003906   1.6650594e-19
  13503.6005859   1.6398984e-19
  13582.7998047   1.6005430e-19
  13662.0000000   1.5741778e-19
  13741.2001953   1.5548838e-19
  13820.4003906   1.5301709e-19
  13899.6005859   1.5098042e-19
  13978.7998047   1.4873877e-19
  14058.0000000   1.4660443e-19
  14137.2001953   1.4393890e-19
  14216.4003906   1.4067288e-19
  14295.6005859   1.3867865e-19
  14374.7998047   1.3702406e-19
  14414.4003906   1.3627748e-19
  14454.0000000   1.3587288e-19
  14533.2001953   1.3336616e-19
  14612.4003906   1.2810405e-19
  14691.6005859   1.3019815e-19
  14770.7998047   1.2881605e-19
  14850.0000000   1.4031439e-19
  14929.2001953   1.4025894e-19
  15008.4003906   1.4818130e-19
  15087.6005859   1.5597740e-19
  15166.7998047   1.3733855e-19
  15246.0000000   1.5732308e-19
  15325.2001953   1.5877031e-19
  15404.4003906   1.2995651e-19
  15483.6005859   1.5776245e-19
  15562.7998047   1.5053349e-19
  15642.0000000   1.5177354e-19
  15721.2001953   1.1998796e-19
  15800.4003906   1.4949649e-19
  15879.6005859   1.5132229e-19
  15958.7998047   1.4702419e-19
  16038.0000000   1.4810388e-19
  16117.2001953   1.4325275e-19
  16196.4003906   1.3461723e-19
  16275.6005859   1.1927186e-19
  16354.7998047   1.3723847e-19
  16434.0000000   1.3782314e-19
  16513.1992188   1.3683342e-19
  16592.4003906   1.3588721e-19
  16671.5996094   1.3487703e-19
  16750.8007812   1.3290951e-19
  16830.0000000   1.3122515e-19
  16909.1992188   1.2769120e-19
  16988.4003906   1.2721598e-19
  17067.5996094   1.2317070e-19
  17146.8007812   1.1457894e-19
  17226.0000000   1.0534996e-19
  17305.1992188   1.2098861e-19
  17384.4003906   1.1902957e-19
  17463.5996094   1.1897260e-19
  17542.8007812   1.1849391e-19
  17622.0000000   1.1776395e-19
  17701.1992188   1.1461517e-19
  17780.4003906   1.1537881e-19
  17859.5996094   1.1608173e-19
  17938.8007812   1.1308020e-19
  18018.0000000   1.1176636e-19
  18097.1992188   1.1221147e-19
  18176.4003906   1.0990692e-19
  18255.5996094   1.0912199e-19
  18334.8007812   1.0704154e-19
  18414.0000000   1.0556765e-19
  18493.1992188   1.0574165e-19
  18572.4003906   1.0431543e-19
  18651.5996094   1.0164760e-19
  18730.8007812   1.0248854e-19
  18810.0000000   1.0196908e-19
  18889.1992188   1.0150752e-19
  18968.4003906   9.9987673e-20
  19047.5996094   9.8273684e-20
  19126.8007812   9.7176254e-20
  19206.0000000   9.0090573e-20
  19285.1992188   8.0487995e-20
  19364.4003906   9.3723266e-20
  19443.5996094   9.3480728e-20
  19522.8007812   9.1291834e-20
  19602.0000000   9.2107356e-20
  19681.1992188   9.0912933e-20
  19760.4003906   8.8770135e-20
  19839.5996094   8.5548938e-20
  19918.8007812   8.6985202e-20
  19998.0000000   8.5645925e-20
  20077.1992188   8.6513916e-20
  20156.4003906   8.4787758e-20
  20235.5996094   8.4259150e-20
  20314.8007812   8.2523241e-20
  20394.0000000   8.1162076e-20
  20473.2011719   7.9415640e-20
  20552.4003906   7.9128421e-20
  20631.5996094   7.8712484e-20
  20710.8007812   7.8869248e-20
  20790.0000000   7.8960742e-20
  20869.2011719   7.6556076e-20
  20948.4003906   7.8052918e-20
  21027.5996094   7.7885478e-20
  21106.8007812   7.5660285e-20
  21186.0000000   7.6323432e-20
  21265.2011719   7.5827944e-20
  21344.4003906   7.4493411e-20
  21423.5996094   7.3606240e-20
  21502.8007812   7.3103987e-20
  21582.0000000   7.2923454e-20
  21661.2011719   7.1511787e-20
  21740.4003906   7.0938725e-20
  21819.5996094   7.0363757e-20
  21898.8007812   7.0371486e-20
  21978.0000000   7.0247971e-20
  22057.2011719   6.9473271e-20
  22136.4003906   6.8305447e-20
  22215.5996094   6.8308452e-20
  22294.8007812   6.7266483e-20
  22374.0000000   6.6809840e-20
  22453.2011719   6.5959401e-20
  22532.4003906   6.6153479e-20
  22611.5996094   6.5299925e-20
  22690.8007812   6.6344635e-20
  22770.0000000   6.4806234e-20
  22849.2011719   6.4800541e-20
  22928.4003906   6.3545837e-20
  23007.5996094   6.3939161e-20
  23086.8007812   6.4036956e-20
  23166.0000000   6.2888396e-20
  23245.2011719   6.1479798e-20
  23324.4003906   5.9843829e-20
  23403.5996094   6.0954183e-20
  23482.8007812   6.0636985e-20
  23562.0000000   6.0067123e-20
  23641.2011719   6.0284626e-20
  23720.4003906   5.9328037e-20
  23799.5996094   5.8953757e-20
  23878.8007812   5.9215844e-20
  23958.0000000   5.9205439e-20
  24037.2011719   5.9015156e-20
  24116.4003906   5.7818109e-20
  24195.5996094   5.7565489e-20
  24274.8007812   5.6111260e-20
  24354.0000000   5.5702691e-20
  24433.2011719   5.4591051e-20
  24512.4003906   5.4882167e-20
  24591.5996094   5.4195698e-20
  24670.8007812   5.3019508e-20
  24750.0000000   5.1921038e-20
  24829.2011719   5.2913897e-20
  24908.4003906   5.3290071e-20
  24987.5996094   5.2544761e-20
  25066.8007812   5.2873475e-20
  25146.0000000   5.2348057e-20
  25225.2011719   5.2084106e-20
  25304.4003906   5.2345298e-20
  25383.5996094   5.1871349e-20
  25462.8007812   5.1774391e-20
  25542.0000000   5.1501347e-20
  25621.2011719   5.1329055e-20
  25700.4003906   5.0385177e-20
  25779.5996094   5.0732457e-20
  25858.8007812   5.0233389e-20
  25938.0000000   4.8499952e-20
  26017.2011719   4.4166000e-20
  26096.4003906   4.9015369e-20
  26175.5996094   4.9382043e-20
  26254.8007812   4.8919885e-20
  26334.0000000   4.8415889e-20
  26413.2011719   4.7400719e-20
  26492.4003906   4.7486982e-20
  26571.5996094   4.6523972e-20
  26650.8007812   4.6739013e-20
  26730.0000000   4.6087550e-20
  26809.2011719   4.6131494e-20
  26888.4003906   4.5587701e-20
  26967.5996094   4.5699357e-20
  27046.8007812   4.5749360e-20
  27126.0000000   4.5224168e-20
  27205.2011719   4.5444773e-20
  27284.4003906   4.5754785e-20
  27363.5996094   4.5584495e-20
  27442.8007812   4.5125762e-20
  27522.0000000   4.4666150e-20
  27601.2011719   4.4851911e-20
  27680.4003906   4.4528848e-20
  27759.5996094   4.4040101e-20
  27838.8007812   4.4060024e-20
  27918.0000000   4.3652660e-20
  27997.2011719   4.2252134e-20
  28076.4003906   4.1436026e-20
  28155.5996094   4.0101157e-20
  28234.8007812   3.9434349e-20
  28314.0000000   3.9575054e-20
  28393.2011719   3.9722544e-20
  28472.4003906   3.9482869e-20
  28551.5996094   4.0149266e-20
  28630.8007812   4.0373122e-20
  28710.0000000   4.0645678e-20
  28789.2011719   4.0627296e-20
  28868.4003906   4.0254851e-20
  28947.5996094   4.0867456e-20
  29026.8007812   4.0820817e-20
  29106.0000000   4.0913067e-20
  29185.2011719   4.1429296e-20
  29264.4003906   4.0881638e-20
  29343.5996094   4.0743977e-20
  29422.8007812   4.0821893e-20
  29502.0000000   4.0760443e-20
  29581.2011719   4.0635862e-20
  29660.4003906   4.0392632e-20
  29739.5996094   4.0574695e-20
  29818.8007812   4.0756863e-20
  29898.0000000   4.0743443e-20
  29977.2011719   4.0436294e-20
  30056.4003906   3.9925953e-20
  30135.5996094   3.9547777e-20
  30214.8007812   3.9218281e-20
  30294.0000000   3.8810998e-20
  30373.2011719   3.7891900e-20
  30452.4003906   3.8205721e-20
  30531.5996094   3.7698853e-20
  30610.8007812   3.7584457e-20
  30690.0000000   3.7392648e-20
  30769.2011719   3.7418439e-20
  30848.4003906   3.7570592e-20
  30927.5996094   3.7490653e-20
  31006.8007812   3.7375406e-20
  31086.0000000   3.6858667e-20
  31165.2011719   3.6813211e-20
  31244.4003906   3.5872826e-20
  31323.5996094   3.5354339e-20
  31402.8007812   3.5469896e-20
  31482.0000000   3.5155225e-20
  31561.2011719   3.5750775e-20
  31640.4003906   3.5626482e-20
  31719.5996094   3.5848253e-20
  31798.8007812   3.5758944e-20
  31878.0000000   3.5535065e-20
  31957.2011719   3.5240243e-20
  32036.4003906   3.4690045e-20
  32115.5996094   3.4479376e-20
  32194.8007812   3.4835238e-20
  32274.0000000   3.4766152e-20
  32353.2011719   3.4803123e-20
  32432.4003906   3.4393020e-20
  32511.5996094   3.4160139e-20
  32590.8007812   3.4317426e-20
  32670.0000000   3.4304169e-20
  32749.2011719   3.4369161e-20
  32828.3984375   3.4078620e-20
  32907.6015625   3.3225454e-20
  32986.8007812   3.3211596e-20
  33066.0000000   3.3097726e-20
  33145.1992188   3.3154901e-20
  33224.3984375   3.2720073e-20
  33303.6015625   3.3219031e-20
  33382.8007812   3.2684026e-20
  33462.0000000   3.2426666e-20
  33541.1992188   3.2219124e-20
  33620.3984375   3.2725388e-20
  33699.6015625   3.1245882e-20
  33778.8007812   3.2574111e-20
  33858.0000000   3.0299380e-20
  33937.1992188   3.3180686e-20
  34016.3984375   3.2092165e-20
  34095.6015625   3.2098227e-20
  34174.8007812   3.3300395e-20
  34254.0000000   3.2776450e-20
  34333.1992188   2.9850567e-20
  34412.3984375   3.2372738e-20
  34491.6015625   3.3103102e-20
  34570.8007812   3.2786244e-20
  34650.0000000   3.0975487e-20
  34729.1992188   3.2496236e-20
  34808.3984375   3.2925924e-20
  34887.6015625   3.2457155e-20
  34966.8007812   3.2477121e-20
  35046.0000000   3.1950126e-20
  35125.1992188   3.0386399e-20
  35204.3984375   3.2176563e-20
  35283.6015625   3.2556236e-20
  35362.8007812   3.2021069e-20
  35442.0000000   3.2011790e-20
  35521.1992188   3.1937359e-20
  35600.3984375   3.1603191e-20
  35679.6015625   2.9760508e-20
  35758.8007812   3.0854515e-20
  35838.0000000   3.2014320e-20
  35917.1992188   3.1592784e-20
  35996.3984375   3.0802390e-20
  36075.6015625   3.0864274e-20
  36154.8007812   3.1193918e-20
  36234.0000000   3.0930493e-20
  36313.1992188   3.0507549e-20
  36392.3984375   3.0308563e-20
  36471.6015625   2.9138930e-20
  36550.8007812   2.7693076e-20
  36630.0000000   2.8797469e-20
  36709.1992188   2.9315426e-20
  36788.3984375   2.9405689e-20
  36867.6015625   2.9524871e-20
  36946.8007812   2.9346597e-20
  37026.0000000   2.9291616e-20
  37105.1992188   2.8938700e-20
  37184.3984375   2.9065056e-20
  37263.6015625   2.8457378e-20
  37342.8007812   2.8925362e-20
  37422.0000000   2.8477134e-20
  37501.1992188   2.8712473e-20
  37580.3984375   2.8671395e-20
  37659.6015625   2.8280707e-20
  37738.8007812   2.8049888e-20
  37818.0000000   2.6507473e-20
  37897.1992188   2.7762734e-20
  37976.3984375   2.8326202e-20
  38055.6015625   2.8022188e-20
  38134.8007812   2.8002254e-20
  38214.0000000   2.7778105e-20
  38293.1992188   2.7612074e-20
  38372.3984375   2.7825600e-20
  38451.6015625   2.7681405e-20
  38530.8007812   2.7573539e-20
  38610.0000000   2.7377814e-20
  38689.1992188   2.7386713e-20
  38768.3984375   2.7059128e-20
  38847.6015625   2.7455601e-20
  38926.8007812   2.7237616e-20
  39006.0000000   2.7341528e-20
  39085.1992188   2.7167128e-20
  39164.3984375   2.7051166e-20
  39243.6015625   2.6913231e-20
  39322.8007812   2.6950963e-20
  39402.0000000   2.6893500e-20
  39481.1992188   2.6850543e-20
  39560.3984375   2.6690176e-20
  39699.0000000   2.6141793e-20
  39897.0000000   2.5613452e-20
  40095.0000000   2.6047706e-20
  40293.0000000   2.5790672e-20
  40491.0000000   2.5687916e-20
  40689.0000000   2.5584110e-20
  40887.0000000   2.5170074e-20
  41085.0000000   2.4925314e-20
  41283.0000000   2.4841930e-20
  41481.0000000   2.4559448e-20
  41679.0000000   2.4431214e-20
  41877.0000000   2.4132196e-20
  42075.0000000   2.3950695e-20
  42273.0000000   2.3509034e-20
  42471.0000000   2.3401696e-20
  42669.0000000   2.3166297e-20
  42867.0000000   2.2670893e-20
  43065.0000000   2.2271505e-20
  43263.0000000   2.1423600e-20
  43461.0000000   2.1245667e-20
  43659.0000000   2.1059963e-20
  43857.0000000   2.0836678e-20
  44055.0000000   2.0724422e-20
  44253.0000000   2.0597025e-20
  44451.0000000   2.0491910e-20
  44649.0000000   2.0289345e-20
  44847.0000000   2.0191298e-20
  45045.0000000   2.0093193e-20
  45243.0000000   1.9956088e-20
  45441.0000000   2.0037851e-20
  45639.0000000   1.9953109e-20
  45837.0000000   1.9749189e-20
  46035.0000000   1.9528649e-20
  46233.0000000   1.9443410e-20
  46431.0000000   1.9501137e-20
  46629.0000000   1.9264912e-20
  46827.0000000   1.9118926e-20
  47025.0000000   1.8844412e-20
  47223.0000000   1.9000146e-20
  47421.0000000   1.8505282e-20
  47619.0000000   1.8667967e-20
  47817.0000000   1.8460474e-20
  48015.0000000   1.8372798e-20
  48213.0000000   1.8337972e-20
  48411.0000000   1.8175449e-20
  48609.0000000   1.8034311e-20
  48807.0000000   1.7870161e-20
  49005.0000000   1.7781853e-20
  49203.0000000   1.7617367e-20
  49401.0000000   1.7521149e-20
  49599.0000000   1.7318260e-20
  49797.0000000   1.7236995e-20
  49995.0000000   1.7124566e-20
  50193.0000000   1.6951042e-20
  50391.0000000   1.6891739e-20
  50589.0000000   1.6794172e-20
  50787.0000000   1.6116314e-20
  50985.0000000   1.6476590e-20
  51183.0000000   1.6294025e-20
  51381.0000000   1.6356474e-20
  51579.0000000   1.6150679e-20
  51777.0000000   1.6167214e-20
  51975.0000000   1.5938163e-20
  52173.0000000   1.5862117e-20
  52371.0000000   1.5808982e-20
  52569.0000000   1.5594179e-20
  52767.0000000   1.5625303e-20
  52965.0000000   1.5463915e-20
  53163.0000000   1.5479612e-20
  53361.0000000   1.5356442e-20
  53559.0000000   1.5279347e-20
  53757.0000000   1.5063602e-20
  53955.0000000   1.4993967e-20
  54153.0000000   1.4970412e-20
  54351.0000000   1.4931473e-20
  54549.0000000   1.4838449e-20
  54747.0000000   1.4791212e-20
  54945.0000000   1.4620450e-20
  55143.0000000   1.4419136e-20
  55341.0000000   1.4371593e-20
  55539.0000000   1.4130818e-20
  55737.0000000   1.4036740e-20
  55935.0000000   1.3749244e-20
  56133.0000000   1.3678115e-20
  56331.0000000   1.3505842e-20
  56529.0000000   1.3349332e-20
  56727.0000000   1.3479294e-20
  56925.0000000   1.3484979e-20
  57123.0000000   1.3188265e-20
  57321.0000000   1.3333864e-20
  57519.0000000   1.3184268e-20
  57697.1992188   1.3220450e-20
  57895.1992188   1.3070232e-20
  58113.0000000   1.3022161e-20
  58311.0000000   1.2856228e-20
  58509.0000000   1.2892754e-20
  58707.0000000   1.2874817e-20
  58905.0000000   1.2817554e-20
  59103.0000000   1.2978653e-20
  59301.0000000   1.2859052e-20
  59499.0000000   1.2825493e-20
  59697.0000000   1.2736916e-20
  59895.0000000   1.2827633e-20
  60093.0000000   1.2840428e-20
  60291.0000000   1.2822001e-20
  60489.0000000   1.2811362e-20
  60687.0000000   1.2722603e-20
  60885.0000000   1.2805681e-20
  61083.0000000   1.2755501e-20
  61281.0000000   1.2767831e-20
  61479.0000000   1.2639842e-20
  61677.0000000   1.2081339e-20
  61875.0000000   1.2194831e-20
  62073.0000000   1.2199545e-20
  62271.0000000   1.2384438e-20
  62469.0000000   1.1644069e-20
  62667.0000000   1.1523145e-20
  62865.0000000   1.1534689e-20
  63063.0000000   1.1915719e-20
  63261.0000000   1.1511510e-20
  63558.0000000   1.1627767e-20
  63954.0000000   1.1784570e-20
  64350.0000000   1.1446979e-20
  64746.0000000   1.1729733e-20
  65142.0000000   1.1210606e-20
  65538.0000000   1.1430552e-20
  65934.0000000   1.1169963e-20
  66330.0000000   1.1090383e-20
  66726.0000000   1.0844976e-20
  67122.0000000   1.0867099e-20
  67518.0000000   1.0676547e-20
  67914.0000000   1.0548330e-20
  68310.0000000   1.0357316e-20
  68706.0000000   1.0086271e-20
  69102.0000000   1.0044585e-20
  69498.0000000   9.8998414e-21
  69894.0000000   9.7549119e-21
  70290.0000000   9.5780972e-21
  70686.0000000   9.4962952e-21
  71082.0000000   9.3264622e-21
  71478.0000000   9.1410994e-21
  71874.0000000   8.9708384e-21
  72270.0000000   8.8481709e-21
  72666.0000000   8.7020733e-21
  73062.0000000   8.5392779e-21
  73458.0000000   8.4320974e-21
  73854.0000000   8.2291611e-21
  74250.0000000   8.0498947e-21
  74646.0000000   8.0061753e-21
  75042.0000000   7.7590503e-21
  75438.0000000   7.7902238e-21
  75834.0000000   7.6383796e-21
  76230.0000000   7.5306563e-21
  76626.0000000   7.3497057e-21
  77022.0000000   7.1657033e-21
  77418.0000000   7.1432999e-21
  77814.0000000   7.0047100e-21
  78210.0000000   6.8624180e-21
  78606.0000000   6.7684918e-21
  79002.0000000   6.6696385e-21
  79398.0000000   6.6044330e-21
  79794.0000000   6.5082041e-21
  80190.0000000   6.3480567e-21
  80586.0000000   6.2488362e-21
  80982.0000000   6.2058155e-21
  81378.0000000   6.0875533e-21
  81774.0000000   5.9800481e-21
  82170.0000000   5.9010491e-21
  82566.0000000   5.8034600e-21
  82962.0000000   5.7029252e-21
  83358.0000000   5.6567772e-21
  83754.0000000   5.5517079e-21
  84150.0000000   5.4659182e-21
  84546.0000000   5.4167377e-21
  84942.0000000   5.3283990e-21
  85338.0000000   5.2432269e-21
  85734.0000000   5.1261469e-21
  86130.0000000   5.0707286e-21
  86526.0000000   5.0104272e-21
  86922.0000000   4.9484735e-21
  87318.0000000   4.8427584e-21
  87714.0000000   4.8159917e-21
  88110.0000000   4.7109547e-21
  88506.0000000   4.6511922e-21
  88902.0000000   4.5878737e-21
  89298.0000000   4.5288365e-21
  89694.0000000   4.4454403e-21
  90090.0000000   4.4171429e-21
  90486.0000000   4.3309121e-21
  90882.0000000   3.6562336e-21
  91278.0000000   3.9062025e-21
  91674.0000000   3.8806569e-21
  92070.0000000   3.3212905e-21
  92466.0000000   3.5958002e-21
  92862.0000000   3.3873151e-21
  93258.0000000   3.0450124e-21
  93654.0000000   3.3197155e-21
  94050.0000000   3.1279936e-21
  94446.0000000   2.8943914e-21
  94842.0000000   3.1106636e-21
  95238.0000000   3.0172962e-21
  95634.0000000   2.8039668e-21
  96030.0000000   2.9639721e-21
  96426.0000000   2.8639178e-21
  96822.0000000   2.7703175e-21
  97218.0000000   2.7924394e-21
  97614.0000000   2.8016896e-21
  98010.0000000   2.7398383e-21
  98406.0000000   2.4825136e-21
  98802.0000000   2.4759586e-21
  99198.0000000   2.5448290e-21
  99594.0000000   2.4647731e-21
  99990.0000000   2.5491021e-21
 100386.0000000   2.5722011e-21
 100782.0000000   2.5789426e-21
 101178.0000000   2.5832162e-21
 101574.0000000   2.5938912e-21
 101970.0000000   2.6104853e-21
 102366.0000000   2.5327091e-21
 102762.0000000   2.5343449e-21
 103158.0000000   2.5386114e-21
 103554.0000000   2.4829060e-21
 103950.0000000   2.4444201e-21
 104346.0000000   2.4534330e-21
 104742.0000000   2.4321802e-21
 105138.0000000   2.3927984e-21
 105534.0000000   2.3540649e-21
 105930.0000000   2.3665040e-21
 106326.0000000   2.3451800e-21
 106722.0000000   2.2859354e-21
 107118.0000000   2.2924402e-21
 107514.0000000   2.2652979e-21
 107910.0000000   2.2529750e-21
 108306.0000000   2.1951053e-21
 108702.0000000   2.1959634e-21
 109098.0000000   2.1745138e-21
 109494.0000000   2.1456086e-21
 109890.0000000   2.1041564e-21
 110286.0000000   2.1016628e-21
 110682.0000000   2.0884226e-21
 111078.0000000   2.0634509e-21
 111474.0000000   2.0261741e-21
 111870.0000000   2.0153646e-21
 112266.0000000   2.0037237e-21
 112662.0000000   1.9778527e-21
 113058.0000000   1.9522987e-21
 113454.0000000   1.9307518e-21
 113850.0000000   1.9042334e-21
 114246.0000000   1.8909741e-21
 114642.0000000   1.8694304e-21
 115038.0000000   1.8478888e-21
 115434.0000000   1.8304820e-21
 115830.0000000   1.7989934e-21
 116226.0000000   1.7907087e-21
 116622.0000000   1.7633625e-21
 117018.0000000   1.7426448e-21
 117414.0000000   1.7277315e-21
 117810.0000000   1.7070126e-21
 118206.0000000   1.6838114e-21
 118602.0000000   1.6639262e-21
 118998.0000000   1.6432074e-21
 119394.0000000   1.6282937e-21
 119790.0000000   1.6067480e-21
 120186.0000000   1.5785740e-21
 120582.0000000   1.5686292e-21
 120978.0000000   1.5504038e-21
 121374.0000000   1.5330028e-21
 121770.0000000   1.5180821e-21
 122166.0000000   1.4957069e-21
 122562.0000000   1.4791342e-21
 122958.0000000   1.4667076e-21
 123354.0000000   1.4435040e-21
 123750.0000000   1.4310751e-21
 124146.0000000   1.4145039e-21
 124542.0000000   1.3987571e-21
 124938.0000000   1.3813583e-21
 125334.0000000   1.3631279e-21
 125730.0000000   1.3515276e-21
 126126.0000000   1.3357836e-21
 126522.0000000   1.3208668e-21
 127116.0000000   1.2968340e-21
 127908.0000000   1.2678315e-21
 128700.0000000   1.2388301e-21
 129492.0000000   1.2106568e-21
 130284.0000000   1.1799952e-21
 131076.0000000   1.1567918e-21
 131868.0000000   1.1319349e-21
 132660.0000000   1.1095596e-21
 133452.0000000   1.0838739e-21
 134244.0000000   1.0606677e-21
 135036.0000000   1.0366371e-21
 135828.0000000   1.0167528e-21
 136620.0000000   9.9686452e-22
 137412.0000000   9.7531986e-22
 138204.0000000   9.5625886e-22
 138996.0000000   9.3719967e-22
 139788.0000000   9.1648562e-22
 140580.0000000   8.9908363e-22
 141372.0000000   8.8002324e-22
 142164.0000000   8.6262377e-22
 142956.0000000   8.4688022e-22
 143748.0000000   8.3030743e-22
 144540.0000000   8.1174550e-22
 145332.0000000   7.9624833e-22
 146124.0000000   7.7702345e-22
 146916.0000000   7.6127925e-22
 147708.0000000   7.4860078e-22
 148500.0000000   7.2937544e-22
 149292.0000000   7.2100559e-22
 150084.0000000   7.0675328e-22
 150876.0000000   6.9424162e-22
 151668.0000000   6.8264065e-22
 152460.0000000   6.7045871e-22
 153252.0000000   6.5612401e-22
 154044.0000000   6.4444074e-22
 154836.0000000   6.3267367e-22
 155628.0000000   6.2231467e-22
 156420.0000000   6.0856022e-22
 157212.0000000   5.9787089e-22
 158004.0000000   5.8461045e-22
 158796.0000000   5.7533143e-22
 159588.0000000   5.6580199e-22
 160380.0000000   5.5411604e-22
 161172.0000000   5.4558216e-22
 161964.0000000   5.3613557e-22
 162756.0000000   5.2710252e-22
 163548.0000000   5.1831953e-22
 164340.0000000   5.0862520e-22
 165132.0000000   4.9868055e-22
 165924.0000000   4.9072449e-22
 166716.0000000   4.8160976e-22
 167508.0000000   4.7523076e-22
 168300.0000000   4.6586540e-22
 169092.0000000   4.5882160e-22
 169884.0000000   4.3769189e-22
 170676.0000000   4.1946138e-22
 171468.0000000   4.1946138e-22
 172260.0000000   4.0156322e-22
 173052.0000000   3.9178516e-22
 173844.0000000   3.8325041e-22
 174636.0000000   3.6667663e-22
 175428.0000000   3.6369353e-22
 176220.0000000   3.5557235e-22
 177012.0000000   3.4339138e-22
 177804.0000000   3.4405407e-22
 178596.0000000   3.3510483e-22
 179388.0000000   3.2590712e-22
 180180.0000000   3.2499519e-22
 180972.0000000   3.1944378e-22
 181764.0000000   3.0933480e-22
 182556.0000000   3.1016327e-22
 183348.0000000   3.0311891e-22
 184140.0000000   2.9856204e-22
 184932.0000000   2.9582761e-22
 185724.0000000   2.9085612e-22
 186516.0000000   2.8546882e-22
 187308.0000000   2.8497276e-22
 188100.0000000   2.7917159e-22
 188892.0000000   2.7544249e-22
 189684.0000000   2.7129929e-22
 190476.0000000   2.6574732e-22
 191268.0000000   2.6583020e-22
 192060.0000000   2.6069217e-22
 192852.0000000   2.5580401e-22
 193644.0000000   2.5298630e-22
 194436.0000000   2.4884298e-22
 195228.0000000   2.4552870e-22
 196020.0000000   2.4138556e-22
 196812.0000000   2.3997654e-22
 197604.0000000   2.3558439e-22
 198396.0000000   2.3334781e-22
 199188.0000000   2.3011555e-22
 199980.0000000   2.2539253e-22
 200772.0000000   2.2323799e-22
 201564.0000000   2.2017189e-22
 202356.0000000   2.1660878e-22
 203148.0000000   2.1346023e-22
 203940.0000000   2.1064217e-22
 204732.0000000   2.0973107e-22
 205524.0000000   2.0608518e-22
 206316.0000000   2.0326715e-22
 207108.0000000   2.0036707e-22
 207900.0000000   1.9854419e-22
 208692.0000000   1.9763245e-22
 209484.0000000   1.9299209e-22
 210276.0000000   1.9000899e-22
 211068.0000000   1.8860061e-22
 211860.0000000   1.8611402e-22
 212652.0000000   1.8371104e-22
 213444.0000000   1.8172255e-22
 214236.0000000   1.7948502e-22
 215028.0000000   1.7650205e-22
 215820.0000000   1.7542477e-22
 216612.0000000   1.7219287e-22
 217404.0000000   1.7086702e-22
 218196.0000000   1.6788419e-22
 218988.0000000   1.6813285e-22
 219780.0000000   1.6407268e-22
 220572.0000000   1.6332642e-22
 221364.0000000   1.6059225e-22
 222156.0000000   1.5959735e-22
 222948.0000000   1.5653189e-22
 223740.0000000   1.5562023e-22
 224532.0000000   1.5354823e-22
 225324.0000000   1.5073130e-22
 226116.0000000   1.4998511e-22
 226908.0000000   1.4824510e-22
 227700.0000000   1.4633940e-22
 228492.0000000   1.4451596e-22
 229284.0000000   1.4327352e-22
 230076.0000000   1.4128461e-22
 230868.0000000   1.3970994e-22
 231660.0000000   1.3805274e-22
 232452.0000000   1.3589856e-22
 233244.0000000   1.3448960e-22
 234036.0000000   1.3258360e-22
 234828.0000000   1.3158932e-22
 235620.0000000   1.2968341e-22
 236412.0000000   1.2868882e-22
 237204.0000000   1.2719754e-22
 237996.0000000   1.2562310e-22
 238788.0000000   1.2413135e-22
 239580.0000000   1.2239150e-22
 240372.0000000   1.2106568e-22
 241164.0000000   1.1949101e-22
 241956.0000000   1.1808246e-22
 242748.0000000   1.1692239e-22
 243540.0000000   1.1567917e-22
 244332.0000000   1.1468517e-22
 245124.0000000   1.1319349e-22
 245916.0000000   1.1211590e-22
 246708.0000000   1.1054155e-22
 247500.0000000   1.0905012e-22
 248292.0000000   1.0780726e-22
 249084.0000000   1.0664690e-22
 249876.0000000   1.0540411e-22
 250668.0000000   1.0457552e-22
 251460.0000000   1.0316684e-22
 252252.0000000   1.0233787e-22
 253044.0000000   1.0092918e-22
 254232.0000000   9.9355144e-23
 255816.0000000   9.6952028e-23
 257400.0000000   9.4880409e-23
 258984.0000000   9.2725910e-23
 260568.0000000   9.0819947e-23
 262152.0000000   8.8748303e-23
 263736.0000000   8.6842441e-23
 265320.0000000   8.4936464e-23
 266904.0000000   8.3030381e-23
 268488.0000000   8.1273720e-23
 270072.0000000   7.9500436e-23
 271656.0000000   7.7868037e-23
 273240.0000000   7.6136285e-23
 274824.0000000   7.4545121e-23
 276408.0000000   7.2962540e-23
 277992.0000000   7.1396304e-23
 279576.0000000   6.9937978e-23
 281160.0000000   6.8446286e-23
 282744.0000000   6.7045869e-23
 284328.0000000   6.5637191e-23
 285912.0000000   6.4286623e-23
 287496.0000000   6.2952508e-23
 289080.0000000   6.1676402e-23
 290664.0000000   6.0400170e-23
 292248.0000000   5.9190360e-23
 293832.0000000   5.7930701e-23
 295416.0000000   5.6687892e-23
 297000.0000000   5.5552689e-23
 298584.0000000   5.4516776e-23
 300168.0000000   5.3472697e-23
 301752.0000000   5.2412010e-23
 303336.0000000   5.1384541e-23
 304920.0000000   5.0365266e-23
 306504.0000000   4.9387467e-23
 308088.0000000   4.8434602e-23
 309672.0000000   4.7489903e-23
 311256.0000000   4.6578355e-23
 312840.0000000   4.5683301e-23
 314424.0000000   4.4805053e-23
 316008.0000000   4.3959713e-23
 317592.0000000   4.3106269e-23
 319176.0000000   4.2294279e-23
 320760.0000000   4.1515263e-23
 322344.0000000   4.0728055e-23
 323928.0000000   3.9982279e-23
 325512.0000000   3.9244817e-23
 327096.0000000   3.8515540e-23
 328680.0000000   3.7819582e-23
 330264.0000000   3.7106849e-23
 331848.0000000   3.6435702e-23
 333432.0000000   3.5789262e-23
 335016.0000000   3.5143028e-23
 336600.0000000   3.4513160e-23
 338184.0000000   3.3899941e-23
 339768.0000000   3.3295127e-23
 341352.0000000   3.2706713e-23
 342936.0000000   3.2135044e-23
 344520.0000000   3.1571561e-23
 346104.0000000   3.1016326e-23
 347688.0000000   3.0477685e-23
 349272.0000000   2.9939057e-23
 350856.0000000   2.9425326e-23
 352440.0000000   2.8919770e-23
 354024.0000000   2.8430894e-23
 355608.0000000   2.7933716e-23
 357192.0000000   2.7478035e-23
 358776.0000000   2.7013889e-23
 360360.0000000   2.6541607e-23
 361944.0000000   2.6102443e-23
 363528.0000000   2.5679795e-23
 365112.0000000   2.5257223e-23
 366696.0000000   2.4834621e-23
 368280.0000000   2.4428533e-23
 369864.0000000   2.4022541e-23
 371448.0000000   2.3633050e-23
 373032.0000000   2.3251918e-23
 374616.0000000   2.2870703e-23
 376200.0000000   2.2506115e-23
 377784.0000000   2.2141502e-23
 379368.0000000   2.1793420e-23
 380952.0000000   2.1437153e-23
 382536.0000000   2.1105704e-23
 384120.0000000   2.0765968e-23
 385704.0000000   2.0426138e-23
 387288.0000000   2.0111292e-23
 388872.0000000   1.9804691e-23
 390456.0000000   1.9498139e-23
 392040.0000000   1.9199791e-23
 393624.0000000   1.8901439e-23
 395208.0000000   1.8611401e-23
 396792.0000000   1.8321389e-23
 792000.0000000   1.2330275e-24
1584000.0000000   7.9260239e-26
2376000.0000000   1.5752636e-26
3168000.0000000   4.9909465e-27
3960000.0000000   2.0434483e-27
4752000.0000000   9.8443457e-28
5544000.0000000   5.3091509e-28
6336000.0000000   3.1082600e-28
