    285.2850037   4.7925121e-23
    294.6900024   5.4846312e-23
    300.9599915   5.8650111e-23
    307.2300110   3.2860510e-22
    313.5000000   9.0936967e-22
    319.7699890   9.8681183e-22
    326.0400085   9.3705235e-22
    332.3099976   9.5251655e-22
    338.5799866   9.7197246e-22
    344.8500061   1.1103940e-21
    357.3899841   1.1520472e-21
    369.9299927   1.1187499e-21
    379.3349915   1.4179259e-21
    391.8750000   1.4715480e-21
    398.1449890   1.5027271e-21
    401.2799988   1.5264203e-21
    410.6849976   1.4727959e-21
    413.8200073   1.5239284e-21
    420.0899963   1.4553389e-21
    429.4949951   1.6187051e-21
    438.8999939   1.6224487e-21
    448.3049927   2.0501920e-21
    460.8450012   2.5502685e-21
    473.3850098   2.2833988e-21
    485.9249878   2.5764544e-21
    498.4649963   2.5876809e-21
    507.8699951   2.5914224e-21
    520.4099731   2.6076342e-21
    532.9500122   2.6051387e-21
    542.3549805   2.1412329e-21
    554.8950195   2.6250997e-21
    564.2999878   2.6288379e-21
    570.5700073   2.6288379e-21
    583.1099854   2.6325815e-21
    598.7849731   2.6363183e-21
    608.1900024   2.6512851e-21
    620.7299805   2.6450514e-21
    633.2700195   2.6537780e-21
    642.6749878   2.6512851e-21
    658.3499756   2.5702271e-21
    677.1599731   2.6487945e-21
    689.7000122   2.6587711e-21
    699.1049805   2.6263451e-21
    711.6450195   2.6650023e-21
    721.0499878   3.3371721e-21
    733.5900269   4.9907975e-21
    752.4000244   5.4385057e-21
    771.2100220   5.0743415e-21
    790.0200195   5.2389730e-21
    805.6950073   4.8249300e-21
    815.0999756   5.0656137e-21
    827.6400146   6.3563478e-21
    843.3150024   6.5197100e-21
    858.9899902   6.6169812e-21
    874.6649780   5.7128567e-21
    890.3400269   6.7641289e-21
    909.1500244   7.0060703e-21
    927.9600220   6.2745268e-21
    943.6350098   5.6026348e-21
    965.5800171   5.8404380e-21
    996.9299927   5.4977505e-21
   1028.2800293   5.4349955e-21
   1059.6300049   4.9292165e-21
   1090.9799805   4.4785614e-21
   1119.1949463   5.7947039e-21
   1147.4100342   8.5071681e-21
   1175.6250000   8.0897375e-21
   1206.9749756   6.1902505e-21
   1238.3249512   8.8434784e-21
   1269.6750488   1.0578494e-20
   1297.8900146   1.0197678e-20
   1322.9699707   9.0099364e-21
   1348.0500488   8.3883352e-21
   1382.5350342   9.4786772e-21
   1413.8850098   9.3898029e-21
   1442.0999756   8.0520233e-21
   1473.4499512   7.9987307e-21
   1504.8000488   8.7792782e-21
   1536.1500244   7.2615431e-21
   1567.5000000   8.7876486e-21
   1586.3099365   7.4759606e-21
   1605.1199951   1.1659328e-20
   1630.1999512   1.0929042e-20
   1661.5500488   9.9179537e-21
   1692.9000244   8.0317153e-21
   1724.2500000   7.6914380e-21
   1755.5999756   1.0007958e-20
   1786.9499512   1.1111112e-20
   1818.3000488   1.0773351e-20
   1849.6500244   1.0898748e-20
   1881.0000000   9.1017680e-21
   1912.3499756   8.8146281e-21
   1943.6999512   1.1204020e-20
   1975.0500488   1.0560948e-20
   2006.4000244   1.1701547e-20
   2037.7500000   1.1323982e-20
   2062.8300781   1.0450995e-20
   2084.7749023   1.1901712e-20
   2116.1250000   1.2683450e-20
   2147.4750977   1.1011671e-20
   2178.8249512   1.3027777e-20
   2210.1750488   1.0717051e-20
   2244.6599121   1.4101198e-20
   2276.0100098   1.4634660e-20
   2304.2250977   1.5073607e-20
   2335.5749512   1.5027074e-20
   2366.9250488   1.5441329e-20
   2398.2749023   1.4379435e-20
   2429.6250000   1.6716330e-20
   2460.9750977   1.5986408e-20
   2492.3249512   1.8039397e-20
   2523.6750488   1.9802358e-20
   2555.0249023   2.1847679e-20
   2586.3750000   2.4445402e-20
   2617.7250977   2.1433311e-20
   2649.0749512   2.9310431e-20
   2680.4250488   3.2022081e-20
   2711.7749023   3.7041587e-20
   2743.1250000   4.1648243e-20
   2774.4750977   4.6878022e-20
   2805.8249512   5.2986030e-20
   2837.1750488   5.8797116e-20
   2868.5249023   6.4136082e-20
   2899.8750000   1.7559449e-19
   2931.2250977   2.9893098e-19
   2962.5749512   4.2022510e-19
   2993.9250488   5.1899876e-19
   3025.2749023   5.7067387e-19
   3056.6250000   2.4924242e-19
   3087.9750977   4.9807031e-19
   3119.3249512   4.9486949e-19
   3150.6750488   6.3194386e-19
   3182.0249023   6.6830729e-19
   3213.3750000   4.8878051e-19
   3244.7250977   6.7959603e-19
   3276.0749512   9.3254047e-19
   3307.4250488   9.0954940e-19
   3338.7749023   7.8237291e-19
   3370.1250000   8.7062476e-19
   3401.4750977   7.7827077e-19
   3432.8249512   9.1926784e-19
   3464.1750488   8.8222586e-19
   3495.5249023   8.7178788e-19
   3526.8750000   7.7198993e-19
   3558.2250977   9.3036829e-19
   3589.5749512   8.9545900e-19
   3620.9250488   9.0707613e-19
   3652.2749023   9.0053075e-19
   3683.6250000   6.1305131e-19
   3714.9750977   8.8136229e-19
   3746.3249512   7.8628253e-19
   3777.6750488   6.7433361e-19
   3809.0249023   5.6400622e-19
   3840.3750000   9.4562667e-19
   3871.7250977   1.1142288e-18
   3903.0749512   1.1410198e-18
   3934.4250488   1.1204068e-18
   3965.7749023   1.1099456e-18
   3997.1250000   1.2540051e-18
   4028.4750977   1.2810304e-18
   4059.8249512   1.1164332e-18
   4091.1750488   1.1453929e-18
   4122.5249023   1.3006224e-18
   4153.8750000   1.2511664e-18
   4185.2250977   1.1951788e-18
   4216.5751953   1.2893388e-18
   4247.9248047   1.2714011e-18
   4279.2749023   1.1977431e-18
   4310.6250000   1.1943183e-18
   4341.9750977   1.1886459e-18
   4373.3251953   8.9290632e-19
   4404.6748047   8.8106037e-19
   4436.0249023   1.1398428e-18
   4467.3750000   1.1128548e-18
   4498.7250977   1.1699234e-18
   4520.6699219   1.1879936e-18
   4536.3452148   1.1870183e-18
   4561.4248047   1.1562849e-18
   4592.7749023   1.1051349e-18
   4624.1250000   1.1320501e-18
   4655.4750977   1.1471850e-18
   4686.8251953   1.1417517e-18
   4718.1748047   1.0844223e-18
   4740.1201172   1.0030796e-18
   4755.7949219   1.0360555e-18
   4780.8750000   1.0381644e-18
   4812.2250977   8.9985463e-19
   4843.5751953   8.0906613e-19
   4874.9248047   8.1103348e-19
   4906.2749023   9.0674153e-19
   4937.6250000   9.6200102e-19
   4968.9750977   9.7894261e-19
   5000.3251953   9.8178853e-19
   5031.6748047   9.6820198e-19
   5063.0249023   9.5528990e-19
   5094.3750000   9.4651992e-19
   5125.7250977   9.9474859e-19
   5157.0751953   9.9804376e-19
   5188.4248047   9.8763121e-19
   5219.7749023   1.0188367e-18
   5241.7202148   9.5601606e-19
   5257.3950195   1.0619456e-18
   5282.4750977   1.0488424e-18
   5313.8251953   1.0045343e-18
   5345.1748047   9.8379134e-19
   5376.5249023   9.3349927e-19
   5407.8750000   9.1935676e-19
   5439.2250977   9.6498001e-19
   5470.5751953   9.4703557e-19
   5501.9248047   9.6403113e-19
   5533.2749023   9.3841552e-19
   5564.6250000   9.1326003e-19
   5595.9750977   9.3809002e-19
   5627.3251953   9.5881224e-19
   5658.6748047   9.6714805e-19
   5690.0249023   8.9435450e-19
   5721.3750000   9.1723132e-19
   5752.7250977   8.9893036e-19
   5784.0751953   8.4038960e-19
   5815.4248047   8.4016818e-19
   5846.7749023   8.5201805e-19
   5878.1250000   8.8556044e-19
   5909.4750977   8.1259509e-19
   5940.8251953   7.7498608e-19
   5972.1748047   8.2733054e-19
   6003.5249023   7.8416169e-19
   6034.8750000   7.5141774e-19
   6066.2250977   7.9595180e-19
   6097.5751953   8.0924739e-19
   6128.9248047   7.4168984e-19
   6166.5449219   7.9882347e-19
   6194.7597656   8.2221955e-19
   6219.8398438   7.8015633e-19
   6254.3251953   7.6438892e-19
   6285.6748047   7.8975720e-19
   6317.0249023   7.7659769e-19
   6348.3750000   8.0035804e-19
   6379.7250977   7.4677897e-19
   6411.0751953   7.5874977e-19
   6442.4248047   6.7946771e-19
   6473.7749023   7.1007040e-19
   6501.9897461   7.7961173e-19
   6514.5297852   7.2279440e-19
   6536.4750977   7.5026357e-19
   6567.8251953   7.1459725e-19
   6599.1748047   7.3037623e-19
   6630.5249023   7.3723092e-19
   6661.8750000   7.3893600e-19
   6693.2250977   7.2253410e-19
   6724.5751953   7.0338797e-19
   6755.9248047   7.2657219e-19
   6787.2749023   7.1423019e-19
   6818.6250000   7.1294842e-19
   6849.9750977   6.9312111e-19
   6881.3251953   7.1030439e-19
   6912.6748047   7.0377111e-19
   6944.0249023   6.8717125e-19
   6975.3750000   6.7562313e-19
   7006.7250977   6.8187714e-19
   7038.0751953   6.7770344e-19
   7069.4248047   6.6055407e-19
   7100.7749023   6.7243797e-19
   7132.1250000   6.7368836e-19
   7163.4750977   6.7400796e-19
   7194.8251953   6.3751906e-19
   7226.1748047   6.5148730e-19
   7257.5249023   6.3616538e-19
   7288.8750000   5.5984535e-19
   7320.2250977   6.1542791e-19
   7351.5751953   6.1528734e-19
   7382.9248047   6.1754244e-19
   7414.2749023   6.0467373e-19
   7445.6250000   5.9867538e-19
   7476.9750977   5.8193149e-19
   7508.3251953   5.9140260e-19
   7539.6748047   5.7825772e-19
   7571.0249023   5.7843810e-19
   7602.3750000   5.8187524e-19
   7633.7250977   5.6490361e-19
   7665.0751953   5.7226759e-19
   7696.4248047   5.6713090e-19
   7727.7749023   5.6023402e-19
   7759.1250000   5.5067879e-19
   7790.4750977   5.4798156e-19
   7821.8251953   4.7064504e-19
   7853.1748047   5.3690184e-19
   7878.2548828   5.1195594e-19
   7893.9301758   5.3218779e-19
   7915.8750000   5.2498905e-19
   7947.2250977   5.2373856e-19
   7978.5751953   5.1198742e-19
   8009.9248047   5.1918343e-19
   8041.2749023   5.1433806e-19
   8072.6250000   5.1958259e-19
   8103.9750977   5.1508402e-19
   8135.3251953   5.1009985e-19
   8166.6748047   5.0385220e-19
   8198.0253906   4.9779042e-19
   8229.3750000   4.9844012e-19
   8260.7246094   4.9759370e-19
   8292.0751953   5.0119499e-19
   8323.4248047   4.9949637e-19
   8354.7753906   4.8232348e-19
   8386.1250000   4.8525134e-19
   8417.4746094   4.8412953e-19
   8448.8251953   4.7202369e-19
   8480.1748047   4.6935908e-19
   8511.5253906   4.6472956e-19
   8542.8750000   4.6403617e-19
   8574.2246094   4.6340690e-19
   8605.5751953   4.4970687e-19
   8636.9248047   4.4805091e-19
   8668.2753906   4.4728613e-19
   8699.6250000   4.5198788e-19
   8730.9746094   4.4569582e-19
   8762.3251953   4.2133946e-19
   8793.6748047   4.2942859e-19
   8825.0253906   4.3769606e-19
   8856.3750000   4.3332182e-19
   8887.7246094   4.1825868e-19
   8919.0751953   4.1841300e-19
   8950.4248047   4.1453533e-19
   8981.7753906   4.1705353e-19
   9013.1250000   4.1184061e-19
   9044.4746094   4.0936111e-19
   9075.8251953   4.0461553e-19
   9122.8496094   4.0329028e-19
   9185.5498047   3.9793118e-19
   9248.2500000   3.8988703e-19
   9310.9501953   3.8710595e-19
   9373.6503906   3.8150588e-19
   9436.3496094   3.7499246e-19
   9499.0498047   3.7315901e-19
   9561.7500000   3.6891252e-19
   9624.4501953   3.6433491e-19
   9687.1503906   3.5732597e-19
   9749.8496094   3.5391809e-19
   9812.5498047   3.4742679e-19
   9875.2500000   3.4369794e-19
   9937.9501953   3.3681223e-19
  10000.6503906   3.2925226e-19
  10063.3496094   3.2584157e-19
  10126.0498047   3.2032629e-19
  10188.7500000   3.1659340e-19
  10251.4501953   3.1067751e-19
  10314.1503906   3.0593040e-19
  10376.8496094   3.0124395e-19
  10439.5498047   2.9525157e-19
  10502.2500000   2.8946989e-19
  10564.9501953   2.8457029e-19
  10627.6503906   2.8046709e-19
  10690.3496094   2.7624834e-19
  10753.0498047   2.6963537e-19
  10815.7500000   2.6521003e-19
  10878.4501953   2.6197443e-19
  10941.1503906   2.5782881e-19
  11003.8496094   2.5441382e-19
  11066.5498047   2.5065630e-19
  11129.2500000   2.4707900e-19
  11191.9501953   2.4261013e-19
  11254.6503906   2.3712918e-19
  11317.3496094   2.3379422e-19
  11380.0498047   2.3103320e-19
  11411.4003906   2.2978853e-19
  11442.7500000   2.2912244e-19
  11505.4501953   2.2493091e-19
  11568.1503906   2.1609017e-19
  11630.8496094   2.1966404e-19
  11693.5498047   2.1737327e-19
  11756.2500000   2.3682838e-19
  11818.9501953   2.3678678e-19
  11881.6503906   2.5022074e-19
  11944.3496094   2.6344896e-19
  12007.0498047   2.3202768e-19
  12069.7500000   2.6586076e-19
  12132.4501953   2.6837950e-19
  12195.1503906   2.1973448e-19
  12257.8496094   2.6682344e-19
  12320.5498047   2.5466983e-19
  12383.2500000   2.5684217e-19
  12445.9501953   2.0311115e-19
  12508.6503906   2.5313658e-19
  12571.3496094   2.5630354e-19
  12634.0498047   2.4909686e-19
  12696.7500000   2.5100000e-19
  12759.4501953   2.4284999e-19
  12822.1503906   2.2827771e-19
  12884.8496094   2.0231435e-19
  12947.5498047   2.3285662e-19
  13010.2500000   2.3391644e-19
  13072.9501953   2.3230297e-19
  13135.6503906   2.3076041e-19
  13198.3496094   2.2910734e-19
  13261.0498047   2.2582669e-19
  13323.7500000   2.2302358e-19
  13386.4501953   2.1707466e-19
  13449.1503906   2.1632186e-19
  13511.8496094   2.0949557e-19
  13574.5498047   1.9493018e-19
  13637.2500000   1.7927246e-19
  13699.9501953   2.0593333e-19
  13762.6503906   2.0264604e-19
  13825.3496094   2.0259445e-19
  13888.0498047   2.0182536e-19
  13950.7500000   2.0062612e-19
  14013.4501953   1.9530466e-19
  14076.1503906   1.9664733e-19
  14138.8496094   1.9788710e-19
  14201.5498047   1.9281011e-19
  14264.2500000   1.9060840e-19
  14326.9501953   1.9140618e-19
  14389.6503906   1.8751222e-19
  14452.3496094   1.8620819e-19
  14515.0498047   1.8269338e-19
  14577.7500000   1.8021104e-19
  14640.4501953   1.8054138e-19
  14703.1503906   1.7813914e-19
  14765.8496094   1.7361456e-19
  14828.5498047   1.7508163e-19
  14891.2500000   1.7422408e-19
  14953.9501953   1.7346516e-19
  15016.6503906   1.7089718e-19
  15079.3496094   1.6799570e-19
  15142.0498047   1.6614739e-19
  15204.7500000   1.5405700e-19
  15267.4501953   1.3765873e-19
  15330.1503906   1.6032037e-19
  15392.8496094   1.5993007e-19
  15455.5498047   1.5620993e-19
  15518.2500000   1.5762961e-19
  15580.9501953   1.5560875e-19
  15643.6503906   1.5196310e-19
  15706.3496094   1.4647069e-19
  15769.0498047   1.4895200e-19
  15831.7500000   1.4667927e-19
  15894.4501953   1.4818664e-19
  15957.1503906   1.4525036e-19
  16019.8496094   1.4436574e-19
  16082.5498047   1.4141074e-19
  16145.2500000   1.3909722e-19
  16207.9501953   1.3612207e-19
  16270.6503906   1.3564822e-19
  16333.3496094   1.3495240e-19
  16396.0507812   1.3523898e-19
  16458.7500000   1.3541369e-19
  16521.4492188   1.3130655e-19
  16584.1503906   1.3389094e-19
  16646.8496094   1.3362013e-19
  16709.5507812   1.2981913e-19
  16772.2500000   1.3097308e-19
  16834.9492188   1.3013881e-19
  16897.6503906   1.2786416e-19
  16960.3496094   1.2635635e-19
  17023.0507812   1.2550959e-19
  17085.7500000   1.2521394e-19
  17148.4492188   1.2280458e-19
  17211.1503906   1.2183493e-19
  17273.8496094   1.2086072e-19
  17336.5507812   1.2088779e-19
  17399.2500000   1.2068939e-19
  17461.9492188   1.1937205e-19
  17524.6503906   1.1737834e-19
  17587.3496094   1.1739638e-19
  17650.0507812   1.1561833e-19
  17712.7500000   1.1484604e-19
  17775.4492188   1.1339610e-19
  17838.1503906   1.1374225e-19
  17900.8496094   1.1228601e-19
  17963.5507812   1.1409496e-19
  18026.2500000   1.1146057e-19
  18088.9492188   1.1146254e-19
  18151.6503906   1.0931538e-19
  18214.3496094   1.1000360e-19
  18277.0507812   1.1018298e-19
  18339.7500000   1.0821720e-19
  18402.4492188   1.0580399e-19
  18465.1503906   1.0299897e-19
  18527.8496094   1.0492018e-19
  18590.5507812   1.0438426e-19
  18653.2500000   1.0341325e-19
  18715.9492188   1.0379774e-19
  18778.6503906   1.0216012e-19
  18841.3496094   1.0152543e-19
  18904.0507812   1.0198619e-19
  18966.7500000   1.0197767e-19
  19029.4492188   1.0165930e-19
  19092.1503906   9.9606446e-20
  19154.8496094   9.9180403e-20
  19217.5507812   9.6683377e-20
  19280.2500000   9.5987822e-20
  19342.9492188   9.4080893e-20
  19405.6503906   9.4590488e-20
  19468.3496094   9.3415962e-20
  19531.0507812   9.1396220e-20
  19593.7500000   8.9510507e-20
  19656.4492188   9.1230183e-20
  19719.1503906   9.1886428e-20
  19781.8496094   9.0608873e-20
  19844.5507812   9.1183718e-20
  19907.2500000   9.0285129e-20
  19969.9492188   8.9837385e-20
  20032.6503906   9.0295049e-20
  20095.3496094   8.9484954e-20
  20158.0507812   8.9324759e-20
  20220.7500000   8.8861092e-20
  20283.4492188   8.8570816e-20
  20346.1503906   8.6949374e-20
  20408.8496094   8.7555588e-20
  20471.5507812   8.6701130e-20
  20534.2500000   8.3715525e-20
  20596.9492188   7.6240746e-20
  20659.6503906   8.4618573e-20
  20722.3496094   8.5257952e-20
  20785.0507812   8.4466340e-20
  20847.7500000   8.3602369e-20
  20910.4492188   8.1855887e-20
  20973.1503906   8.2010977e-20
  21035.8496094   8.0353843e-20
  21098.5507812   8.0730915e-20
  21161.2500000   7.9611617e-20
  21223.9492188   7.9693126e-20
  21286.6503906   7.8759588e-20
  21349.3496094   7.8958041e-20
  21412.0507812   7.9050329e-20
  21474.7500000   7.8148347e-20
  21537.4492188   7.8535074e-20
  21600.1503906   7.9076373e-20
  21662.8496094   7.8787609e-20
  21725.5507812   7.8000217e-20
  21788.2500000   7.7211197e-20
  21850.9492188   7.7537759e-20
  21913.6503906   7.6984336e-20
  21976.3496094   7.6144709e-20
  22039.0507812   7.6184181e-20
  22101.7500000   7.5484774e-20
  22164.4492188   7.3068101e-20
  22227.1503906   7.1661183e-20
  22289.8496094   6.9357479e-20
  22352.5507812   6.8208383e-20
  22415.2500000   6.8456569e-20
  22477.9492188   6.8715916e-20
  22540.6503906   6.8305809e-20
  22603.3496094   6.9463254e-20
  22666.0507812   6.9855157e-20
  22728.7500000   7.0331070e-20
  22791.4492188   7.0303276e-20
  22854.1503906   6.9663368e-20
  22916.8496094   7.0727865e-20
  22979.5507812   7.0651803e-20
  23042.2500000   7.0815514e-20
  23104.9492188   7.1713761e-20
  23167.6503906   7.0770122e-20
  23230.3496094   7.0536159e-20
  23293.0507812   7.0675074e-20
  23355.7500000   7.0573034e-20
  23418.4492188   7.0361657e-20
  23481.1503906   6.9944493e-20
  23543.8496094   7.0264075e-20
  23606.5507812   7.0583574e-20
  23669.2500000   7.0564355e-20
  23731.9492188   7.0036400e-20
  23794.6503906   6.9156732e-20
  23857.3496094   6.8505593e-20
  23920.0507812   6.7938715e-20
  23982.7500000   6.7237001e-20
  24045.4492188   6.5648491e-20
  24108.1503906   6.6195678e-20
  24170.8496094   6.5321490e-20
  24233.5507812   6.5126993e-20
  24296.2500000   6.4798033e-20
  24358.9492188   6.4846430e-20
  24421.6503906   6.5113545e-20
  24484.3496094   6.4978714e-20
  24547.0507812   6.4782382e-20
  24609.7500000   6.3890371e-20
  24672.4492188   6.3814936e-20
  24735.1503906   6.2188078e-20
  24797.8496094   6.1292474e-20
  24860.5507812   6.1496323e-20
  24923.2500000   6.0953970e-20
  24985.9492188   6.1989839e-20
  25048.6503906   6.1777577e-20
  25111.3496094   6.2165137e-20
  25174.0507812   6.2013530e-20
  25236.7500000   6.1628529e-20
  25299.4492188   6.1120440e-20
  25362.1503906   6.0169350e-20
  25424.8496094   5.9806832e-20
  25487.5507812   6.0427282e-20
  25550.2500000   6.0310365e-20
  25612.9492188   6.0377677e-20
  25675.6503906   5.9669094e-20
  25738.3496094   5.9267930e-20
  25801.0507812   5.9543698e-20
  25863.7500000   5.9523833e-20
  25926.4492188   5.9639490e-20
  25989.1503906   5.9138186e-20
  26051.8496094   5.7660428e-20
  26114.5507812   5.7639160e-20
  26177.2500000   5.7444572e-20
  26239.9492188   5.7546328e-20
  26302.6503906   5.6794596e-20
  26365.3496094   5.7663213e-20
  26428.0507812   5.6737010e-20
  26490.7500000   5.6293221e-20
  26553.4492188   5.5935381e-20
  26616.1503906   5.6817052e-20
  26678.8496094   5.4250989e-20
  26741.5507812   5.6559870e-20
  26804.2500000   5.2612464e-20
  26866.9492188   5.7618151e-20
  26929.6503906   5.5730635e-20
  26992.3496094   5.5743611e-20
  27055.0507812   5.7833903e-20
  27117.7500000   5.6926699e-20
  27180.4492188   5.1847251e-20
  27243.1503906   5.6230458e-20
  27305.8496094   5.7501867e-20
  27368.5507812   5.6953712e-20
  27431.2500000   5.3810577e-20
  27493.9492188   5.6455141e-20
  27556.6503906   5.7203889e-20
  27619.3496094   5.6392198e-20
  27682.0507812   5.6429111e-20
  27744.7500000   5.5515904e-20
  27807.4492188   5.2801123e-20
  27870.1503906   5.5914017e-20
  27932.8496094   5.6576517e-20
  27995.5507812   5.5648944e-20
  28058.2500000   5.5635018e-20
  28120.9492188   5.5507858e-20
  28183.6503906   5.4929717e-20
  28246.3496094   5.1728980e-20
  28309.0507812   5.3632911e-20
  28371.7500000   5.5651141e-20
  28434.4492188   5.4920553e-20
  28497.1503906   5.3548655e-20
  28559.8496094   5.3658592e-20
  28622.5507812   5.4233838e-20
  28685.2500000   5.3777971e-20
  28747.9492188   5.3044705e-20
  28810.6503906   5.2701037e-20
  28873.3496094   5.0669262e-20
  28936.0507812   4.8156998e-20
  28998.7500000   5.0079676e-20
  29061.4492188   5.0982211e-20
  29124.1503906   5.1141207e-20
  29186.8496094   5.1350519e-20
  29249.5507812   5.1042479e-20
  29312.2500000   5.0948862e-20
  29374.9492188   5.0337003e-20
  29437.6503906   5.0558785e-20
  29500.3496094   4.9503687e-20
  29563.0507812   5.0319542e-20
  29625.7500000   4.9541747e-20
  29688.4492188   4.9953146e-20
  29751.1503906   4.9883434e-20
  29813.8496094   4.9205643e-20
  29876.5507812   4.8805976e-20
  29939.2500000   4.6123837e-20
  30001.9492188   4.8309939e-20
  30064.6503906   4.9292381e-20
  30127.3496094   4.8764840e-20
  30190.0507812   4.8732296e-20
  30252.7500000   4.8343686e-20
  30315.4492188   4.8056641e-20
  30378.1503906   4.8430174e-20
  30440.8496094   4.8180902e-20
  30503.5507812   4.7994838e-20
  30566.2500000   4.7655836e-20
  30628.9492188   4.7673210e-20
  30691.6503906   4.7104414e-20
  30754.3496094   4.7796480e-20
  30817.0507812   4.7418665e-20
  30879.7500000   4.7601239e-20
  30942.4492188   4.7299280e-20
  31005.1503906   4.7099244e-20
  31067.8496094   4.6860522e-20
  31130.5507812   4.6928073e-20
  31193.2500000   4.6829454e-20
  31255.9492188   4.6756297e-20
  31318.6503906   4.6478674e-20
  31428.3750000   4.5527113e-20
  31585.1250000   4.4611098e-20
  31741.8750000   4.5372023e-20
  31898.6250000   4.4928641e-20
  32055.3750000   4.4753760e-20
  32212.1250000   4.4577219e-20
  32368.8750000   4.3860047e-20
  32525.6250000   4.3437361e-20
  32682.3750000   4.3296039e-20
  32839.1250000   4.2807660e-20
  32995.8750000   4.2587882e-20
  33152.6250000   4.2070522e-20
  33309.3750000   4.1757590e-20
  33466.1250000   4.0991161e-20
  33622.8750000   4.0807763e-20
  33779.6250000   4.0400470e-20
  33936.3750000   3.9539996e-20
  34093.1250000   3.8846670e-20
  34249.8750000   3.7371009e-20
  34406.6250000   3.7063556e-20
  34563.3750000   3.6742652e-20
  34720.1250000   3.6355971e-20
  34876.8750000   3.6163121e-20
  35033.6250000   3.5943663e-20
  35190.3750000   3.5763057e-20
  35347.1250000   3.5412177e-20
  35503.8750000   3.5243988e-20
  35660.6250000   3.5075369e-20
  35817.3750000   3.4838631e-20
  35974.1250000   3.4983982e-20
  36130.8750000   3.4838631e-20
  36287.6250000   3.4485308e-20
  36444.3750000   3.4102605e-20
  36601.1250000   3.3956142e-20
  36757.8750000   3.4059498e-20
  36914.6250000   3.3649436e-20
  37071.3750000   3.3396794e-20
  37228.1250000   3.2919588e-20
  37384.8750000   3.3193976e-20
  37541.6250000   3.2331702e-20
  37698.3750000   3.2618087e-20
  37855.1250000   3.2257947e-20
  38011.8750000   3.2106854e-20
  38168.6250000   3.2048108e-20
  38325.3750000   3.1766304e-20
  38482.1250000   3.1521575e-20
  38638.8750000   3.1236854e-20
  38795.6250000   3.1084401e-20
  38952.3750000   3.0798897e-20
  39109.1250000   3.0632569e-20
  39265.8750000   3.0279851e-20
  39422.6250000   3.0139744e-20
  39579.3750000   2.9945001e-20
  39736.1250000   2.9643390e-20
  39892.8750000   2.9541369e-20
  40049.6250000   2.9372670e-20
  40206.3750000   2.8188722e-20
  40363.1250000   2.8820646e-20
  40519.8750000   2.8502931e-20
  40676.6250000   2.8613932e-20
  40833.3750000   2.8255653e-20
  40990.1250000   2.8286197e-20
  41146.8750000   2.7887040e-20
  41303.6250000   2.7755564e-20
  41460.3750000   2.7664170e-20
  41617.1250000   2.7289845e-20
  41773.8750000   2.7345874e-20
  41930.6250000   2.7064855e-20
  42087.3750000   2.7093873e-20
  42244.1250000   2.6879824e-20
  42400.8750000   2.6746169e-20
  42557.6250000   2.6370015e-20
  42714.3750000   2.6249499e-20
  42871.1250000   2.6209643e-20
  43027.8750000   2.6142849e-20
  43184.6250000   2.5981460e-20
  43341.3750000   2.5900001e-20
  43498.1250000   2.5602340e-20
  43654.8750000   2.5251144e-20
  43811.6250000   2.5169101e-20
  43968.3750000   2.4748737e-20
  44125.1250000   2.4585262e-20
  44281.8750000   2.4082877e-20
  44438.6250000   2.3959446e-20
  44595.3750000   2.3658824e-20
  44752.1250000   2.3385892e-20
  44908.8750000   2.3614706e-20
  45065.6250000   2.3625702e-20
  45222.3750000   2.3106974e-20
  45379.1250000   2.3363206e-20
  45535.8750000   2.3102206e-20
  45676.9492188   2.3166519e-20
  45833.6992188   2.2904395e-20
  46006.1250000   2.2821357e-20
  46162.8750000   2.2531550e-20
  46319.6250000   2.2596558e-20
  46476.3750000   2.2566211e-20
  46633.1250000   2.2466730e-20
  46789.8750000   2.2750205e-20
  46946.6250000   2.2541546e-20
  47103.3750000   2.2483806e-20
  47260.1250000   2.2329505e-20
  47416.8750000   2.2489534e-20
  47573.6250000   2.2512855e-20
  47730.3750000   2.2481535e-20
  47887.1250000   2.2463768e-20
  48043.8750000   2.2309118e-20
  48200.6250000   2.2455781e-20
  48357.3750000   2.2368670e-20
  48514.1250000   2.2391274e-20
  48670.8750000   2.2167694e-20
  48827.6250000   2.1189123e-20
  48984.3750000   2.1388926e-20
  49141.1250000   2.1398135e-20
  49297.8750000   2.1723393e-20
  49454.6250000   2.0425438e-20
  49611.3750000   2.0214205e-20
  49768.1250000   2.0235167e-20
  49924.8750000   2.0904523e-20
  50081.6250000   2.0196103e-20
  50316.7500000   2.0401323e-20
  50630.2500000   2.0677890e-20
  50943.7500000   2.0087210e-20
  51257.2500000   2.0584835e-20
  51570.7500000   1.9675360e-20
  51884.2500000   2.0062789e-20
  52197.7500000   1.9606782e-20
  52511.2500000   1.9468549e-20
  52824.7500000   1.9039089e-20
  53138.2500000   1.9079100e-20
  53451.7500000   1.8745952e-20
  53765.2500000   1.8522049e-20
  54078.7500000   1.8187920e-20
  54392.2500000   1.7713044e-20
  54705.7500000   1.7641076e-20
  55019.2500000   1.7387933e-20
  55332.7500000   1.7134510e-20
  55646.2500000   1.6824970e-20
  55959.7500000   1.6682373e-20
  56273.2500000   1.6384958e-20
  56586.7500000   1.6060368e-20
  56900.2500000   1.5762200e-20
  57213.7500000   1.5547554e-20
  57527.2500000   1.5291779e-20
  57840.7500000   1.5006562e-20
  58154.2500000   1.4819118e-20
  58467.7500000   1.4463227e-20
  58781.2500000   1.4149026e-20
  59094.7500000   1.4072924e-20
  59408.2500000   1.3639255e-20
  59721.7500000   1.3694838e-20
  60035.2500000   1.3428608e-20
  60348.7500000   1.3239925e-20
  60662.2500000   1.2922527e-20
  60975.7500000   1.2599672e-20
  61289.2500000   1.2560940e-20
  61602.7500000   1.2317836e-20
  61916.2500000   1.2068303e-20
  62229.7500000   1.1903699e-20
  62543.2500000   1.1730464e-20
  62856.7500000   1.1616344e-20
  63170.2500000   1.1447592e-20
  63483.7500000   1.1166441e-20
  63797.2500000   1.0992487e-20
  64110.7500000   1.0917384e-20
  64424.2500000   1.0709759e-20
  64737.7500000   1.0521133e-20
  65051.2500000   1.0382601e-20
  65364.7500000   1.0211348e-20
  65678.2500000   1.0034981e-20
  65991.7500000   9.9541719e-21
  66305.2500000   9.7697115e-21
  66618.7500000   9.6191654e-21
  66932.2500000   9.5330748e-21
  67245.7500000   9.3780172e-21
  67559.2500000   9.2285189e-21
  67872.7500000   9.0227658e-21
  68186.2500000   8.9256132e-21
  68499.7500000   8.8198561e-21
  68813.2500000   8.7111440e-21
  69126.7500000   8.5254202e-21
  69440.2500000   8.4785964e-21
  69753.7500000   8.2940431e-21
  70067.2500000   8.1892205e-21
  70380.7500000   8.0779858e-21
  70694.2500000   7.9744242e-21
  71007.7500000   7.8278880e-21
  71321.2500000   7.7784018e-21
  71634.7500000   7.6268209e-21
  71948.2500000   6.4389811e-21
  72261.7500000   6.8795028e-21
  72575.2500000   6.8347519e-21
  72888.7500000   5.8498334e-21
  73202.2500000   6.3336085e-21
  73515.7500000   5.9666472e-21
  73829.2500000   5.3638801e-21
  74142.7500000   5.8480098e-21
  74456.2500000   5.5105379e-21
  74769.7500000   5.0991840e-21
  75083.2500000   5.4804177e-21
  75396.7500000   5.3161549e-21
  75710.2500000   4.9405079e-21
  76023.7500000   5.2225934e-21
  76337.2500000   5.0465166e-21
  76650.7500000   4.8817978e-21
  76964.2500000   4.9209754e-21
  77277.7500000   4.9374928e-21
  77591.2500000   4.8287032e-21
  77904.7500000   4.3753654e-21
  78218.2500000   4.3639662e-21
  78531.7500000   4.4855492e-21
  78845.2500000   4.3446325e-21
  79158.7500000   4.4934365e-21
  79472.2500000   4.5343533e-21
  79785.7500000   4.5464177e-21
  80099.2500000   4.5541515e-21
  80412.7500000   4.5731520e-21
  80726.2500000   4.6025896e-21
  81039.7500000   4.4656577e-21
  81353.2500000   4.4687181e-21
  81666.7500000   4.4764377e-21
  81980.2500000   4.3783833e-21
  82293.7500000   4.3107060e-21
  82607.2500000   4.3267524e-21
  82920.7500000   4.2894416e-21
  83234.2500000   4.2201911e-21
  83547.7500000   4.1520222e-21
  83861.2500000   4.1741452e-21
  84174.7500000   4.1366967e-21
  84488.2500000   4.0323714e-21
  84801.7500000   4.0440060e-21
  85115.2500000   3.9962828e-21
  85428.7500000   3.9747184e-21
  85742.2500000   3.8727768e-21
  86055.7500000   3.8744441e-21
  86369.2500000   3.8367678e-21
  86682.7500000   3.7859330e-21
  86996.2500000   3.7129213e-21
  87309.7500000   3.7086841e-21
  87623.2500000   3.6854653e-21
  87936.7500000   3.6415253e-21
  88250.2500000   3.5758969e-21
  88563.7500000   3.5569760e-21
  88877.2500000   3.5365861e-21
  89190.7500000   3.4910467e-21
  89504.2500000   3.4459573e-21
  89817.7500000   3.4079397e-21
  90131.2500000   3.3611329e-21
  90444.7500000   3.3377293e-21
  90758.2500000   3.2997028e-21
  91071.7500000   3.2616654e-21
  91385.2500000   3.2309556e-21
  91698.7500000   3.1753753e-21
  92012.2500000   3.1607522e-21
  92325.7500000   3.1124837e-21
  92639.2500000   3.0759155e-21
  92952.7500000   3.0495918e-21
  93266.2500000   3.0130215e-21
  93579.7500000   2.9720694e-21
  93893.2500000   2.9369702e-21
  94206.7500000   2.9004000e-21
  94520.2500000   2.8740760e-21
  94833.7500000   2.8360459e-21
  95147.2500000   2.7863165e-21
  95460.7500000   2.7687629e-21
  95774.2500000   2.7365819e-21
  96087.7500000   2.7058675e-21
  96401.2500000   2.6795434e-21
  96714.7500000   2.6400491e-21
  97028.2500000   2.6107969e-21
  97341.7500000   2.5888629e-21
  97655.2500000   2.5479065e-21
  97968.7500000   2.5259685e-21
  98282.2500000   2.4967187e-21
  98595.7500000   2.4689243e-21
  98909.2500000   2.4382035e-21
  99222.7500000   2.4060360e-21
  99536.2500000   2.3855499e-21
  99849.7500000   2.3577606e-21
 100163.2500000   2.3314417e-21
 100633.5000000   2.2890216e-21
 101260.5000000   2.2378297e-21
 101887.5000000   2.1866398e-21
 102514.5000000   2.1369022e-21
 103141.5000000   2.0827911e-21
 103768.5000000   2.0418352e-21
 104395.5000000   1.9979520e-21
 105022.5000000   1.9584664e-21
 105649.5000000   1.9131205e-21
 106276.5000000   1.8721680e-21
 106903.5000000   1.8297522e-21
 107530.5000000   1.7946467e-21
 108157.5000000   1.7595501e-21
 108784.5000000   1.7215218e-21
 109411.5000000   1.6878776e-21
 110038.5000000   1.6542367e-21
 110665.5000000   1.6176745e-21
 111292.5000000   1.5869585e-21
 111919.5000000   1.5533152e-21
 112546.5000000   1.5226037e-21
 113173.5000000   1.4948087e-21
 113800.5000000   1.4655563e-21
 114427.5000000   1.4327930e-21
 115054.5000000   1.4054457e-21
 115681.5000000   1.3715121e-21
 116308.5000000   1.3437222e-21
 116935.5000000   1.3213437e-21
 117562.5000000   1.2874094e-21
 118189.5000000   1.2726357e-21
 118816.5000000   1.2474792e-21
 119443.5000000   1.2253952e-21
 120070.5000000   1.2049185e-21
 120697.5000000   1.1834163e-21
 121324.5000000   1.1581145e-21
 121951.5000000   1.1374874e-21
 122578.5000000   1.1167225e-21
 123205.5000000   1.0984380e-21
 123832.5000000   1.0741554e-21
 124459.5000000   1.0552880e-21
 125086.5000000   1.0318868e-21
 125713.5000000   1.0155042e-21
 126340.5000000   9.9868387e-22
 126967.5000000   9.7806161e-22
 127594.5000000   9.6299858e-22
 128221.5000000   9.4632461e-22
 128848.5000000   9.3038048e-22
 129475.5000000   9.1487781e-22
 130102.5000000   8.9776248e-22
 130729.5000000   8.8021337e-22
 131356.5000000   8.6617018e-22
 131983.5000000   8.5008196e-22
 132610.5000000   8.3881880e-22
 133237.5000000   8.2229180e-22
 133864.5000000   8.0985894e-22
 134491.5000000   7.7256311e-22
 135118.5000000   7.4038476e-22
 135745.5000000   7.4038476e-22
 136372.5000000   7.0879301e-22
 136999.5000000   6.9153390e-22
 137626.5000000   6.7646638e-22
 138253.5000000   6.4721526e-22
 138880.5000000   6.4194981e-22
 139507.5000000   6.2761526e-22
 140134.5000000   6.0611478e-22
 140761.5000000   6.0728446e-22
 141388.5000000   5.9148836e-22
 142015.5000000   5.7525363e-22
 142642.5000000   5.7364400e-22
 143269.5000000   5.6384521e-22
 143896.5000000   5.4599969e-22
 144523.5000000   5.4746442e-22
 145150.5000000   5.3503051e-22
 145777.5000000   5.2698721e-22
 146404.5000000   5.2216074e-22
 147031.5000000   5.1338341e-22
 147658.5000000   5.0387659e-22
 148285.5000000   5.0299877e-22
 148912.5000000   4.9276145e-22
 149539.5000000   4.8617929e-22
 150166.5000000   4.7886619e-22
 150793.5000000   4.6906644e-22
 151420.5000000   4.6921275e-22
 152047.5000000   4.6014375e-22
 152674.5000000   4.5151571e-22
 153301.5000000   4.4654223e-22
 153928.5000000   4.3922887e-22
 154555.5000000   4.3337888e-22
 155182.5000000   4.2606405e-22
 155809.5000000   4.2357888e-22
 156436.5000000   4.1582633e-22
 157063.5000000   4.1187677e-22
 157690.5000000   4.0617342e-22
 158317.5000000   3.9783682e-22
 158944.5000000   3.9403393e-22
 159571.5000000   3.8862201e-22
 160198.5000000   3.8233281e-22
 160825.5000000   3.7677368e-22
 161452.5000000   3.7180125e-22
 162079.5000000   3.7019306e-22
 162706.5000000   3.6375613e-22
 163333.5000000   3.5878368e-22
 163960.5000000   3.5366482e-22
 164587.5000000   3.5044725e-22
 165214.5000000   3.4883798e-22
 165841.5000000   3.4064733e-22
 166468.5000000   3.3538190e-22
 167095.5000000   3.3289456e-22
 167722.5000000   3.2850697e-22
 168349.5000000   3.2426550e-22
 168976.5000000   3.2075567e-22
 169603.5000000   3.1680624e-22
 170230.5000000   3.1154104e-22
 170857.5000000   3.0963954e-22
 171484.5000000   3.0393501e-22
 172111.5000000   3.0159475e-22
 172738.5000000   2.9632978e-22
 173365.5000000   2.9676869e-22
 173992.5000000   2.8960089e-22
 174619.5000000   2.8828494e-22
 175246.5000000   2.8345764e-22
 175873.5000000   2.8170281e-22
 176500.5000000   2.7629082e-22
 177127.5000000   2.7468286e-22
 177754.5000000   2.7102562e-22
 178381.5000000   2.6605231e-22
 179008.5000000   2.6473639e-22
 179635.5000000   2.6166511e-22
 180262.5000000   2.5830141e-22
 180889.5000000   2.5508288e-22
 181516.5000000   2.5288876e-22
 182143.5000000   2.4937928e-22
 182770.5000000   2.4659986e-22
 183397.5000000   2.4367477e-22
 184024.5000000   2.3987137e-22
 184651.5000000   2.3738549e-22
 185278.5000000   2.3402125e-22
 185905.5000000   2.3226625e-22
 186532.5000000   2.2890217e-22
 187159.5000000   2.2714665e-22
 187786.5000000   2.2451441e-22
 188413.5000000   2.2173537e-22
 189040.5000000   2.1910232e-22
 189667.5000000   2.1603040e-22
 190294.5000000   2.1369023e-22
 190921.5000000   2.1091173e-22
 191548.5000000   2.0842552e-22
 192175.5000000   2.0637790e-22
 192802.5000000   2.0418352e-22
 193429.5000000   2.0242812e-22
 194056.5000000   1.9979606e-22
 194683.5000000   1.9789404e-22
 195310.5000000   1.9511519e-22
 195937.5000000   1.9248267e-22
 196564.5000000   1.9028891e-22
 197191.5000000   1.8824079e-22
 197818.5000000   1.8604716e-22
 198445.5000000   1.8458463e-22
 199072.5000000   1.8209739e-22
 199699.5000000   1.8063497e-22
 200326.5000000   1.7814853e-22
 201267.0000000   1.7536945e-22
 202521.0000000   1.7112777e-22
 203775.0000000   1.6747121e-22
 205029.0000000   1.6366834e-22
 206283.0000000   1.6030488e-22
 207537.0000000   1.5664825e-22
 208791.0000000   1.5328358e-22
 210045.0000000   1.4992004e-22
 211299.0000000   1.4655563e-22
 212553.0000000   1.4345497e-22
 213807.0000000   1.4032499e-22
 215061.0000000   1.3744365e-22
 216315.0000000   1.3438697e-22
 217569.0000000   1.3157844e-22
 218823.0000000   1.2878505e-22
 220077.0000000   1.2602050e-22
 221331.0000000   1.2344644e-22
 222585.0000000   1.2081348e-22
 223839.0000000   1.1834162e-22
 225093.0000000   1.1585519e-22
 226347.0000000   1.1347081e-22
 227601.0000000   1.1111601e-22
 228855.0000000   1.0886359e-22
 230109.0000000   1.0661141e-22
 231363.0000000   1.0447599e-22
 232617.0000000   1.0225259e-22
 233871.0000000   1.0005892e-22
 235125.0000000   9.8054760e-23
 236379.0000000   9.6226724e-23
 237633.0000000   9.4383831e-23
 238887.0000000   9.2511624e-23
 240141.0000000   9.0698052e-23
 241395.0000000   8.8898957e-23
 242649.0000000   8.7173055e-23
 243903.0000000   8.5490794e-23
 245157.0000000   8.3823325e-23
 246411.0000000   8.2214730e-23
 247665.0000000   8.0634888e-23
 248919.0000000   7.9084707e-23
 250173.0000000   7.7592605e-23
 251427.0000000   7.6086209e-23
 252681.0000000   7.4652646e-23
 253935.0000000   7.3277952e-23
 255189.0000000   7.1888459e-23
 256443.0000000   7.0572102e-23
 257697.0000000   6.9270413e-23
 258951.0000000   6.7983187e-23
 260205.0000000   6.6754464e-23
 261459.0000000   6.5496723e-23
 262713.0000000   6.4312087e-23
 263967.0000000   6.3171079e-23
 265221.0000000   6.2030146e-23
 266475.0000000   6.0918641e-23
 267729.0000000   5.9836261e-23
 268983.0000000   5.8768717e-23
 270237.0000000   5.7730110e-23
 271491.0000000   5.6720816e-23
 272745.0000000   5.5726226e-23
 273999.0000000   5.4746436e-23
 275253.0000000   5.3795688e-23
 276507.0000000   5.2844965e-23
 277761.0000000   5.1938185e-23
 279015.0000000   5.1045842e-23
 280269.0000000   5.0182932e-23
 281523.0000000   4.9305369e-23
 282777.0000000   4.8500841e-23
 284031.0000000   4.7681795e-23
 285285.0000000   4.6848177e-23
 286539.0000000   4.6073017e-23
 287793.0000000   4.5327007e-23
 289047.0000000   4.4581130e-23
 290301.0000000   4.3835013e-23
 291555.0000000   4.3118424e-23
 292809.0000000   4.2401813e-23
 294063.0000000   4.1714327e-23
 295317.0000000   4.1041416e-23
 296571.0000000   4.0368723e-23
 297825.0000000   3.9725192e-23
 299079.0000000   3.9081624e-23
 300333.0000000   3.8467227e-23
 301587.0000000   3.7838385e-23
 302841.0000000   3.7253186e-23
 304095.0000000   3.6653529e-23
 305349.0000000   3.6053859e-23
 306603.0000000   3.5498129e-23
 307857.0000000   3.4956951e-23
 309111.0000000   3.4415710e-23
 310365.0000000   3.3889250e-23
 311619.0000000   3.3362638e-23
 312873.0000000   3.2850696e-23
 314127.0000000   3.2338801e-23
 627000.0000000   2.1763976e-24
1254000.0000000   1.3990102e-25
1881000.0000000   2.7804614e-26
2508000.0000000   8.8094424e-27
3135000.0000000   3.6068589e-27
3762000.0000000   1.7376100e-27
4389000.0000000   9.3710994e-28
5016000.0000000   5.4863417e-28
