    346.7099915   1.5646775e-23
    358.1399841   1.7902894e-23
    365.7600098   1.9148647e-23
    373.3800049   1.0724703e-22
    381.0000000   2.9682667e-22
    388.6199951   3.2210733e-22
    396.2399902   3.0587598e-22
    403.8599854   3.1094845e-22
    411.4799805   3.1727756e-22
    419.1000061   3.6248113e-22
    434.3399963   3.7607521e-22
    449.5799866   3.6520080e-22
    461.0099792   4.6258642e-22
    476.2500000   4.8044088e-22
    483.8699951   4.9058596e-22
    487.6799927   4.9829458e-22
    499.1099854   4.8044088e-22
    502.9199829   4.9748335e-22
    510.5399780   4.7516543e-22
    521.9699707   5.2832320e-22
    533.3999634   5.2954039e-22
    544.8300171   6.6912818e-22
    560.0700073   8.3265801e-22
    575.3099976   7.4541418e-22
    590.5499878   8.4117796e-22
    605.7899780   8.4442413e-22
    617.2199707   8.4564142e-22
    632.4599609   8.5091672e-22
    647.7000122   8.5050949e-22
    659.1300049   6.9915467e-22
    674.3699951   8.5700375e-22
    685.7999878   8.5822028e-22
    693.4199829   8.5822028e-22
    708.6599731   8.5943854e-22
    727.7099609   8.6025047e-22
    739.1400146   8.6552566e-22
    754.3800049   8.6349437e-22
    769.6199951   8.6633568e-22
    781.0499878   8.6552566e-22
    800.0999756   8.3874327e-22
    822.9599609   8.6471252e-22
    838.2000122   8.6755414e-22
    849.6300049   8.5741027e-22
    864.8699951   8.6998832e-22
    876.2999878   1.0895136e-21
    891.5399780   1.6291999e-21
    914.3999634   1.7664759e-21
    937.2600098   1.5633520e-21
    960.1199951   1.5374102e-21
    979.1699829   1.3611341e-21
    990.5999756   1.3964288e-21
   1005.8399658   1.7002166e-21
   1024.8900146   1.6800787e-21
   1043.9399414   1.6400185e-21
   1062.9899902   1.3655528e-21
   1082.0400391   1.5596761e-21
   1104.9000244   1.5482515e-21
   1127.7600098   1.3655348e-21
   1146.8099365   1.2054927e-21
   1173.4799805   1.2354326e-21
   1211.5799561   1.1353886e-21
   1249.6799316   1.0923355e-21
   1287.7800293   9.6650047e-22
   1325.8800049   8.5719560e-22
   1360.1699219   1.0853728e-21
   1394.4599609   1.5601351e-21
   1428.7500000   1.4528514e-21
   1466.8499756   1.0866177e-21
   1504.9499512   1.5243602e-21
   1543.0499268   1.7847391e-21
   1577.3399658   1.6870215e-21
   1607.8199463   1.4667702e-21
   1638.2999268   1.3440852e-21
   1680.2099609   1.4858253e-21
   1718.3099365   1.4455511e-21
   1752.5999756   1.2190638e-21
   1790.6999512   1.1899020e-21
   1828.7999268   1.2848309e-21
   1866.9000244   1.0445741e-21
   1905.0000000   1.2452924e-21
   1927.8599854   1.0507626e-21
   1950.7199707   1.6246913e-21
   1981.1999512   1.5059942e-21
   2019.2999268   1.3499182e-21
   2057.3999023   1.0804267e-21
   2095.5000000   1.0238043e-21
   2133.5998535   1.3191780e-21
   2171.6999512   1.4515822e-21
   2209.8000488   1.3971834e-21
   2247.8999023   1.4054980e-21
   2286.0000000   1.1669394e-21
   2324.0998535   1.1269630e-21
   2362.1999512   1.4276957e-21
   2400.3000488   1.3446283e-21
   2438.3999023   1.4898896e-21
   2476.5000000   1.4446627e-21
   2506.9799805   1.3361339e-21
   2533.6499023   1.5267990e-21
   2571.7500000   1.6362128e-21
   2609.8498535   1.4308469e-21
   2647.9499512   1.7088330e-21
   2686.0500488   1.4199543e-21
   2727.9599609   1.8965525e-21
   2766.0600586   1.9964125e-21
   2800.3498535   2.0890527e-21
   2838.4499512   2.1207045e-21
   2876.5500488   2.2250749e-21
   2914.6499023   2.1192056e-21
   2952.7500000   2.5258851e-21
   2990.8498535   2.4835678e-21
   3028.9499512   2.8870748e-21
   3067.0500488   3.2692880e-21
   3105.1499023   3.7166328e-21
   3143.2500000   4.2992579e-21
   3181.3498535   3.9078965e-21
   3219.4499512   5.5555296e-21
   3257.5500488   6.3274785e-21
   3295.6499023   7.6447459e-21
   3333.7500000   9.0124486e-21
   3371.8498535   1.0669219e-20
   3409.9499512   1.2723313e-20
   3448.0500488   1.4944312e-20
   3486.1499023   1.7419614e-20
   3524.2500000   5.5467779e-20
   3562.3498535   9.8497811e-20
   3600.4499512   1.3938738e-19
   3638.5500488   1.7464887e-19
   3676.6499023   1.8865420e-19
   3714.7500000   9.0554169e-20
   3752.8498535   1.6920525e-19
   3790.9499512   1.6504304e-19
   3829.0500488   2.0436430e-19
   3867.1499023   2.1602328e-19
   3905.2500000   1.6552432e-19
   3943.3498535   2.4250413e-19
   3981.4499512   3.1476404e-19
   4019.5500488   3.0361013e-19
   4057.6499023   2.6260051e-19
   4095.7500000   2.8611609e-19
   4133.8500977   2.5941157e-19
   4171.9497070   2.9707969e-19
   4210.0498047   2.8427734e-19
   4248.1499023   2.8077459e-19
   4286.2500000   2.4580458e-19
   4324.3500977   2.8995276e-19
   4362.4497070   2.7947913e-19
   4400.5498047   2.7814811e-19
   4438.6499023   2.7164229e-19
   4476.7500000   1.8297000e-19
   4514.8500977   2.6001037e-19
   4552.9497070   2.4017548e-19
   4591.0498047   2.1041628e-19
   4629.1499023   1.7910758e-19
   4667.2500000   3.3906596e-19
   4705.3500977   3.8168773e-19
   4743.4497070   3.8621864e-19
   4781.5498047   3.8080366e-19
   4819.6499023   3.8529701e-19
   4857.7500000   4.2281404e-19
   4895.8500977   4.2947478e-19
   4933.9497070   3.8318594e-19
   4972.0498047   3.9153692e-19
   5010.1499023   4.3514208e-19
   5048.2500000   4.1976673e-19
   5086.3500977   4.0611900e-19
   5124.4497070   4.2736369e-19
   5162.5498047   4.2137366e-19
   5200.6499023   4.0035115e-19
   5238.7500000   3.9500162e-19
   5276.8500977   3.9033508e-19
   5314.9497070   2.8438601e-19
   5353.0498047   2.7530062e-19
   5391.1499023   3.7446994e-19
   5429.2500000   3.6111779e-19
   5467.3500977   3.8178834e-19
   5494.0200195   3.8463596e-19
   5513.0698242   3.8361026e-19
   5543.5498047   3.7301891e-19
   5581.6499023   3.5789375e-19
   5619.7500000   3.6661818e-19
   5657.8500977   3.7112174e-19
   5695.9497070   3.6723053e-19
   5734.0498047   3.4987132e-19
   5760.7197266   3.2615579e-19
   5779.7700195   3.3466758e-19
   5810.2500000   3.3477633e-19
   5848.3500977   2.8968672e-19
   5886.4497070   2.5124427e-19
   5924.5498047   2.5438086e-19
   5962.6499023   2.8927863e-19
   6000.7500000   3.0694718e-19
   6038.8500977   3.1115611e-19
   6076.9497070   3.1111103e-19
   6115.0498047   3.0572825e-19
   6153.1499023   2.9987838e-19
   6191.2500000   2.9913782e-19
   6229.3500977   3.1274673e-19
   6267.4497070   3.1338743e-19
   6305.5498047   3.1286486e-19
   6343.6499023   3.1848516e-19
   6370.3198242   2.9821567e-19
   6389.3701172   3.3495136e-19
   6419.8500977   3.2753237e-19
   6457.9497070   3.1450565e-19
   6496.0498047   3.0903972e-19
   6534.1499023   2.9390156e-19
   6572.2500000   2.8851737e-19
   6610.3500977   3.0178353e-19
   6648.4497070   2.9697792e-19
   6686.5498047   2.9983757e-19
   6724.6499023   2.9399837e-19
   6762.7500000   2.8419871e-19
   6800.8500977   2.9126862e-19
   6838.9497070   2.9529242e-19
   6877.0498047   2.9765694e-19
   6915.1499023   2.7686474e-19
   6953.2500000   2.8251498e-19
   6991.3500977   2.7812736e-19
   7029.4497070   2.6071932e-19
   7067.5498047   2.6211769e-19
   7105.6499023   2.6478235e-19
   7143.7500000   2.7159816e-19
   7181.8500977   2.5071188e-19
   7219.9497070   2.3998570e-19
   7258.0498047   2.5421556e-19
   7296.1499023   2.4210506e-19
   7334.2500000   2.3081263e-19
   7372.3500977   2.4450288e-19
   7410.4497070   2.4848007e-19
   7448.5498047   2.2730181e-19
   7494.2700195   2.4326575e-19
   7528.5600586   2.5010480e-19
   7559.0400391   2.3804268e-19
   7600.9497070   2.3341514e-19
   7639.0498047   2.4046045e-19
   7677.1499023   2.3730054e-19
   7715.2500000   2.4257762e-19
   7753.3500977   2.2728483e-19
   7791.4497070   2.2988293e-19
   7829.5498047   2.0223307e-19
   7867.6499023   2.1297300e-19
   7901.9399414   2.3557579e-19
   7917.1796875   2.1922889e-19
   7943.8500977   2.2641309e-19
   7981.9497070   2.1610108e-19
   8020.0498047   2.2055192e-19
   8058.1499023   2.2274115e-19
   8096.2500000   2.2253389e-19
   8134.3500977   2.1852812e-19
   8172.4497070   2.1207045e-19
   8210.5498047   2.1821164e-19
   8248.6494141   2.1432322e-19
   8286.7500000   2.1425170e-19
   8324.8496094   2.0847999e-19
   8362.9501953   2.1289820e-19
   8401.0498047   2.1109661e-19
   8439.1494141   2.0633757e-19
   8477.2500000   2.0350804e-19
   8515.3496094   2.0361355e-19
   8553.4501953   2.0290832e-19
   8591.5498047   1.9799186e-19
   8629.6494141   2.0091577e-19
   8667.7500000   2.0051645e-19
   8705.8496094   1.9982810e-19
   8743.9501953   1.8842979e-19
   8782.0498047   1.9347641e-19
   8820.1494141   1.8949705e-19
   8858.2500000   1.7067180e-19
   8896.3496094   1.8387303e-19
   8934.4501953   1.8401036e-19
   8972.5498047   1.8364140e-19
   9010.6494141   1.8049897e-19
   9048.7500000   1.7797688e-19
   9086.8496094   1.7325617e-19
   9124.9501953   1.7497825e-19
   9163.0498047   1.7195158e-19
   9201.1494141   1.7146969e-19
   9239.2500000   1.7195535e-19
   9277.3496094   1.6752601e-19
   9315.4501953   1.6860068e-19
   9353.5498047   1.6729220e-19
   9391.6494141   1.6510902e-19
   9429.7500000   1.6262905e-19
   9467.8496094   1.6038200e-19
   9505.9501953   1.3408247e-19
   9544.0498047   1.5619039e-19
   9574.5302734   1.4952780e-19
   9593.5800781   1.5530390e-19
   9620.2500000   1.5425842e-19
   9658.3496094   1.5378086e-19
   9696.4501953   1.5038397e-19
   9734.5498047   1.5163211e-19
   9772.6494141   1.5023676e-19
   9810.7500000   1.5090464e-19
   9848.8496094   1.4938405e-19
   9886.9501953   1.4763220e-19
   9925.0498047   1.4629807e-19
   9963.1494141   1.4427479e-19
  10001.2500000   1.4428427e-19
  10039.3496094   1.4378013e-19
  10077.4501953   1.4393617e-19
  10115.5498047   1.4334634e-19
  10153.6494141   1.3866506e-19
  10191.7500000   1.3886070e-19
  10229.8496094   1.3875340e-19
  10267.9501953   1.3518048e-19
  10306.0498047   1.3409014e-19
  10344.1494141   1.3305066e-19
  10382.2500000   1.3291866e-19
  10420.3496094   1.3186740e-19
  10458.4501953   1.2907581e-19
  10496.5498047   1.2848196e-19
  10534.6494141   1.2779594e-19
  10572.7500000   1.2879833e-19
  10610.8496094   1.2688381e-19
  10648.9501953   1.2092893e-19
  10687.0498047   1.2268248e-19
  10725.1494141   1.2426865e-19
  10763.2500000   1.2297756e-19
  10801.3496094   1.1900274e-19
  10839.4501953   1.1919524e-19
  10877.5498047   1.1775500e-19
  10915.6494141   1.1799158e-19
  10953.7500000   1.1658227e-19
  10991.8496094   1.1576848e-19
  11029.9501953   1.1429081e-19
  11087.0996094   1.1343420e-19
  11163.2998047   1.1208129e-19
  11239.5000000   1.0963246e-19
  11315.7001953   1.0859641e-19
  11391.8994141   1.0683052e-19
  11468.0996094   1.0459559e-19
  11544.2998047   1.0388736e-19
  11620.5000000   1.0272318e-19
  11696.7001953   1.0138575e-19
  11772.8994141   9.9125318e-20
  11849.0996094   9.8291681e-20
  11925.2998047   9.6262866e-20
  12001.5000000   9.5176597e-20
  12077.7001953   9.3144143e-20
  12153.8994141   9.1184727e-20
  12230.0996094   8.9909815e-20
  12306.2998047   8.8422544e-20
  12382.5000000   8.7282806e-20
  12458.7001953   8.5416292e-20
  12534.8994141   8.4097850e-20
  12611.0996094   8.2683837e-20
  12687.2998047   8.1003141e-20
  12763.5000000   7.9338835e-20
  12839.7001953   7.7992165e-20
  12915.8994141   7.6834868e-20
  12992.0996094   7.5605710e-20
  13068.2998047   7.3786423e-20
  13144.5000000   7.2453758e-20
  13220.7001953   7.1545617e-20
  13296.8994141   7.0311767e-20
  13373.0996094   6.9305870e-20
  13449.2998047   6.8273568e-20
  13525.5000000   6.7207333e-20
  13601.7001953   6.6016981e-20
  13677.8994141   6.4466069e-20
  13754.0996094   6.3479365e-20
  13830.2998047   6.2661962e-20
  13868.3994141   6.2202967e-20
  13906.5000000   6.2012852e-20
  13982.7001953   6.0811850e-20
  14058.8994141   5.8849946e-20
  14135.0996094   5.9711428e-20
  14211.2998047   5.9016887e-20
  14287.5000000   6.3454001e-20
  14363.7001953   6.3080005e-20
  14439.8994141   6.5919057e-20
  14516.0996094   6.8840523e-20
  14592.2998047   6.1321148e-20
  14668.5000000   6.9028222e-20
  14744.7001953   6.8993067e-20
  14820.8994141   5.8189700e-20
  14897.0996094   6.8425459e-20
  14973.2998047   6.5479611e-20
  15049.5000000   6.5819252e-20
  15125.7001953   5.3811165e-20
  15201.8994141   6.4764035e-20
  15278.0996094   6.5004538e-20
  15354.2998047   6.3182311e-20
  15430.5000000   6.3488005e-20
  15506.7001953   6.1443273e-20
  15582.8994141   5.8311729e-20
  15659.0996094   5.2312133e-20
  15735.2998047   5.8965331e-20
  15811.5000000   5.9011963e-20
  15887.7001953   5.8567612e-20
  15963.8994141   5.8081443e-20
  16040.0996094   5.7592728e-20
  16116.2998047   5.6779261e-20
  16192.5000000   5.5925436e-20
  16268.7001953   5.4496119e-20
  16344.8994141   5.4231098e-20
  16421.0996094   5.2608419e-20
  16497.2988281   4.9476406e-20
  16573.5000000   4.5720974e-20
  16649.6992188   5.1446566e-20
  16725.9003906   5.0657358e-20
  16802.0996094   5.0508737e-20
  16878.2988281   5.0251190e-20
  16954.5000000   4.9808018e-20
  17030.6992188   4.8565961e-20
  17106.9003906   4.8767729e-20
  17183.0996094   4.8823660e-20
  17259.2988281   4.7748749e-20
  17335.5000000   4.7069569e-20
  17411.6992188   4.7191071e-20
  17487.9003906   4.6212342e-20
  17564.0996094   4.5816455e-20
  17640.2988281   4.4975726e-20
  17716.5000000   4.4168850e-20
  17792.6992188   4.4315549e-20
  17868.9003906   4.3649917e-20
  17945.0996094   4.2610241e-20
  18021.2988281   4.2937482e-20
  18097.5000000   4.2670916e-20
  18173.6992188   4.2439539e-20
  18249.9003906   4.1797129e-20
  18326.0996094   4.1114211e-20
  18402.2988281   4.0615647e-20
  18478.5000000   3.8132584e-20
  18554.6992188   3.4264367e-20
  18630.9003906   3.9179494e-20
  18707.0996094   3.8972014e-20
  18783.2988281   3.8048602e-20
  18859.5000000   3.8251504e-20
  18935.6992188   3.7813218e-20
  19011.9003906   3.6991921e-20
  19088.0996094   3.5672620e-20
  19164.2988281   3.6177180e-20
  19240.5000000   3.5644434e-20
  19316.6992188   3.5875770e-20
  19392.9003906   3.5210959e-20
  19469.0996094   3.4927566e-20
  19545.2988281   3.4232030e-20
  19621.5000000   3.3701865e-20
  19697.6992188   3.3036395e-20
  19773.9003906   3.2858128e-20
  19850.0996094   3.2644673e-20
  19926.2988281   3.2579646e-20
  20002.5000000   3.2517892e-20
  20078.6992188   3.1633697e-20
  20154.9003906   3.2069718e-20
  20231.0996094   3.1898349e-20
  20307.2988281   3.1128461e-20
  20383.5000000   3.1275221e-20
  20459.6992188   3.1031409e-20
  20535.9003906   3.0524128e-20
  20612.0996094   3.0111895e-20
  20688.2988281   2.9900123e-20
  20764.5000000   2.9769093e-20
  20840.6992188   2.9233487e-20
  20916.9003906   2.8980379e-20
  20993.0996094   2.8726186e-20
  21069.2988281   2.8658516e-20
  21145.5000000   2.8558879e-20
  21221.6992188   2.8252118e-20
  21297.9003906   2.7780260e-20
  21374.0996094   2.7717985e-20
  21450.2988281   2.7314606e-20
  21526.5000000   2.7094409e-20
  21602.6992188   2.6751986e-20
  21678.9003906   2.6722627e-20
  21755.0996094   2.6410174e-20
  21831.2988281   2.6698697e-20
  21907.5000000   2.6117430e-20
  21983.6992188   2.6078575e-20
  22059.9003906   2.5617580e-20
  22136.0996094   2.5692282e-20
  22212.2988281   2.5668259e-20
  22288.5000000   2.5248315e-20
  22364.6992188   2.4653325e-20
  22440.9003906   2.4112459e-20
  22517.0996094   2.4435151e-20
  22593.2988281   2.4273962e-20
  22669.5000000   2.4036754e-20
  22745.6992188   2.4085364e-20
  22821.9003906   2.3707867e-20
  22898.0996094   2.3552819e-20
  22974.2988281   2.3588533e-20
  23050.5000000   2.3544442e-20
  23126.6992188   2.3452181e-20
  23202.9003906   2.3015871e-20
  23279.0996094   2.2886748e-20
  23355.2988281   2.2368914e-20
  23431.5000000   2.2158593e-20
  23507.6992188   2.1755330e-20
  23583.9003906   2.1796741e-20
  23660.0996094   2.1528737e-20
  23736.2988281   2.1087514e-20
  23812.5000000   2.0681567e-20
  23888.6992188   2.0995474e-20
  23964.9003906   2.1096130e-20
  24041.0996094   2.0805832e-20
  24117.2988281   2.0898235e-20
  24193.5000000   2.0675756e-20
  24269.6992188   2.0561928e-20
  24345.9003906   2.0609484e-20
  24422.0996094   2.0426469e-20
  24498.2988281   2.0368508e-20
  24574.5000000   2.0245612e-20
  24650.6992188   2.0158750e-20
  24726.9003906   1.9799967e-20
  24803.0996094   1.9887118e-20
  24879.2988281   1.9689923e-20
  24955.5000000   1.9077465e-20
  25031.6992188   1.7353107e-20
  25107.9003906   1.9197739e-20
  25184.0996094   1.9296641e-20
  25260.2988281   1.9110001e-20
  25336.5000000   1.8898591e-20
  25412.6992188   1.8511271e-20
  25488.9003906   1.8511435e-20
  25565.0996094   1.8184446e-20
  25641.2988281   1.8216979e-20
  25717.5000000   1.7979246e-20
  25793.6992188   1.7974665e-20
  25869.9003906   1.7760910e-20
  25946.0996094   1.7784718e-20
  26022.2988281   1.7775737e-20
  26098.5000000   1.7589899e-20
  26174.6992188   1.7642276e-20
  26250.9003906   1.7723353e-20
  26327.0996094   1.7643981e-20
  26403.2988281   1.7469720e-20
  26479.5000000   1.7278658e-20
  26555.6992188   1.7322346e-20
  26631.9003906   1.7192665e-20
  26708.0996094   1.7013296e-20
  26784.2988281   1.6986493e-20
  26860.5000000   1.6823159e-20
  26936.6992188   1.6299730e-20
  27012.9003906   1.6015676e-20
  27089.0996094   1.5515869e-20
  27165.2988281   1.5276441e-20
  27241.5000000   1.5322737e-20
  27317.6992188   1.5352443e-20
  27393.9003906   1.5265912e-20
  27470.0996094   1.5482310e-20
  27546.2988281   1.5524458e-20
  27622.5000000   1.5620685e-20
  27698.6992188   1.5592103e-20
  27774.9003906   1.5442787e-20
  27851.0996094   1.5647188e-20
  27927.2988281   1.5618422e-20
  28003.5000000   1.5639631e-20
  28079.6992188   1.5802644e-20
  28155.9003906   1.5602652e-20
  28232.0996094   1.5548545e-20
  28308.2988281   1.5548613e-20
  28384.5000000   1.5511100e-20
  28460.6992188   1.5444145e-20
  28536.9003906   1.5347790e-20
  28613.0996094   1.5402013e-20
  28689.2988281   1.5452083e-20
  28765.5000000   1.5435127e-20
  28841.6992188   1.5317354e-20
  28917.9003906   1.5123970e-20
  28994.0996094   1.4984861e-20
  29070.2988281   1.4858188e-20
  29146.5000000   1.4701882e-20
  29222.6992188   1.4381424e-20
  29298.9003906   1.4468660e-20
  29375.0996094   1.4286553e-20
  29451.2988281   1.4234822e-20
  29527.5000000   1.4161864e-20
  29603.6992188   1.4152102e-20
  29679.9003906   1.4197048e-20
  29756.0996094   1.4157699e-20
  29832.2988281   1.4113992e-20
  29908.5000000   1.3918123e-20
  29984.6992188   1.3869979e-20
  30060.9003906   1.3513062e-20
  30137.0996094   1.3329220e-20
  30213.2988281   1.3360986e-20
  30289.5000000   1.3244607e-20
  30365.6992188   1.3437251e-20
  30441.9003906   1.3384303e-20
  30518.0996094   1.3458455e-20
  30594.2988281   1.3413843e-20
  30670.5000000   1.3326703e-20
  30746.6992188   1.3205518e-20
  30822.9003906   1.2999229e-20
  30899.0996094   1.2907411e-20
  30975.2988281   1.3023858e-20
  31051.5000000   1.2991524e-20
  31127.6992188   1.2997402e-20
  31203.9003906   1.2854235e-20
  31280.0996094   1.2749266e-20
  31356.2988281   1.2793352e-20
  31432.5000000   1.2786219e-20
  31508.6992188   1.2783355e-20
  31584.9003906   1.2673788e-20
  31661.0996094   1.2371972e-20
  31737.2988281   1.2356008e-20
  31813.5000000   1.2310076e-20
  31889.6992188   1.2319703e-20
  31965.9003906   1.2192458e-20
  32042.0996094   1.2355953e-20
  32118.2988281   1.2202904e-20
  32194.5000000   1.2096719e-20
  32270.6992188   1.1999044e-20
  32346.9003906   1.2231235e-20
  32423.0996094   1.1653262e-20
  32499.2988281   1.2164272e-20
  32575.5000000   1.1315407e-20
  32651.6992188   1.2367572e-20
  32727.9003906   1.1947458e-20
  32804.0976562   1.1939485e-20
  32880.3007812   1.2391385e-20
  32956.5000000   1.2185714e-20
  33032.6992188   1.1119581e-20
  33108.8984375   1.2053604e-20
  33185.0976562   1.2290898e-20
  33261.3007812   1.2170951e-20
  33337.5000000   1.1464875e-20
  33413.6992188   1.2055615e-20
  33489.8984375   1.2198350e-20
  33566.0976562   1.2034932e-20
  33642.3007812   1.2030968e-20
  33718.5000000   1.1832786e-20
  33794.6992188   1.1228428e-20
  33870.8984375   1.1906757e-20
  33947.0976562   1.2023732e-20
  34023.3007812   1.1838087e-20
  34099.5000000   1.1825305e-20
  34175.6992188   1.1795169e-20
  34251.8984375   1.1669804e-20
  34328.0976562   1.0981365e-20
  34404.3007812   1.1392697e-20
  34480.5000000   1.1804289e-20
  34556.6992188   1.1630969e-20
  34632.8984375   1.1349051e-20
  34709.0976562   1.1361918e-20
  34785.3007812   1.1465933e-20
  34861.5000000   1.1370304e-20
  34937.6992188   1.1205078e-20
  35013.8984375   1.1117873e-20
  35090.0976562   1.0704657e-20
  35166.3007812   1.0125937e-20
  35242.5000000   1.0577541e-20
  35318.6992188   1.0755362e-20
  35394.8984375   1.0780994e-20
  35471.0976562   1.0810912e-20
  35547.3007812   1.0745070e-20
  35623.5000000   1.0718346e-20
  35699.6992188   1.0600097e-20
  35775.8984375   1.0634322e-20
  35852.0976562   1.0419945e-20
  35928.3007812   1.0576241e-20
  36004.5000000   1.0422783e-20
  36080.6992188   1.0491856e-20
  36156.8984375   1.0473625e-20
  36233.0976562   1.0333040e-20
  36309.3007812   1.0253477e-20
  36385.5000000   9.6623735e-21
  36461.6992188   1.0155464e-20
  36537.8984375   1.0338260e-20
  36614.0976562   1.0227932e-20
  36690.3007812   1.0213836e-20
  36766.5000000   1.0142805e-20
  36842.6992188   1.0080412e-20
  36918.8984375   1.0145122e-20
  36995.0976562   1.0087056e-20
  37071.3007812   1.0055297e-20
  37147.5000000   9.9840102e-21
  37223.6992188   9.9828704e-21
  37299.8984375   9.8675757e-21
  37376.0976562   9.9937054e-21
  37452.3007812   9.9178875e-21
  37528.5000000   9.9474204e-21
  37604.6992188   9.8846653e-21
  37680.8984375   9.8394475e-21
  37757.0976562   9.7897916e-21
  37833.3007812   9.8016654e-21
  37909.5000000   9.7783613e-21
  37985.6992188   9.7593984e-21
  38061.8984375   9.7008115e-21
  38195.2500000   9.4999528e-21
  38385.7500000   9.3009650e-21
  38576.2500000   9.4503083e-21
  38766.7500000   9.3569322e-21
  38957.2500000   9.3164601e-21
  39147.7500000   9.2711938e-21
  39338.2500000   9.1195532e-21
  39528.7500000   9.0252425e-21
  39719.2500000   8.9881785e-21
  39909.7500000   8.8847243e-21
  40100.2500000   8.8296813e-21
  40290.7500000   8.7211914e-21
  40481.2500000   8.6478470e-21
  40671.7500000   8.4897569e-21
  40862.2500000   8.4475796e-21
  41052.7500000   8.3601448e-21
  41243.2500000   8.1746851e-21
  41433.7500000   8.0201712e-21
  41624.2500000   7.6907796e-21
  41814.7500000   7.6293501e-21
  42005.2500000   7.5499529e-21
  42195.7500000   7.4614462e-21
  42386.2500000   7.4219330e-21
  42576.7500000   7.3733288e-21
  42767.2500000   7.3336710e-21
  42957.7500000   7.2624842e-21
  43148.2500000   7.2271659e-21
  43338.7500000   7.1917991e-21
  43529.2500000   7.1424114e-21
  43719.7500000   7.1610060e-21
  43910.2500000   7.1295618e-21
  44100.7500000   7.0579073e-21
  44291.2500000   6.9812065e-21
  44481.7500000   6.9450601e-21
  44672.2500000   6.9631095e-21
  44862.7500000   6.8816338e-21
  45053.2500000   6.8272370e-21
  45243.7500000   6.7274369e-21
  45434.2500000   6.7771085e-21
  45624.7500000   6.6043659e-21
  45815.2500000   6.6583617e-21
  46005.7500000   6.5809136e-21
  46196.2500000   6.5483923e-21
  46386.7500000   6.5294673e-21
  46577.2500000   6.4699785e-21
  46767.7500000   6.4191174e-21
  46958.2500000   6.3590701e-21
  47148.7500000   6.3263113e-21
  47339.2500000   6.2661411e-21
  47529.7500000   6.2287161e-21
  47720.2500000   6.1547250e-21
  47910.7500000   6.1217553e-21
  48101.2500000   6.0793962e-21
  48291.7500000   6.0187188e-21
  48482.2500000   5.9945545e-21
  48672.7500000   5.9566589e-21
  48863.2500000   5.7171364e-21
  49053.7500000   5.8440169e-21
  49244.2500000   5.7782488e-21
  49434.7500000   5.7952003e-21
  49625.2500000   5.7247494e-21
  49815.7500000   5.7232909e-21
  50006.2500000   5.6435185e-21
  50196.7500000   5.6142489e-21
  50387.2500000   5.5941647e-21
  50577.7500000   5.5186154e-21
  50768.2500000   5.5260851e-21
  50958.7500000   5.4642550e-21
  51149.2500000   5.4670875e-21
  51339.7500000   5.4236100e-21
  51530.2500000   5.3939410e-21
  51720.7500000   5.3180815e-21
  51911.2500000   5.2929397e-21
  52101.7500000   5.2816544e-21
  52292.2500000   5.2610961e-21
  52482.7500000   5.2312590e-21
  52673.2500000   5.2104850e-21
  52863.7500000   5.1480470e-21
  53054.2500000   5.0764260e-21
  53244.7500000   5.0601768e-21
  53435.2500000   4.9697670e-21
  53625.7500000   4.9302663e-21
  53816.2500000   4.8257668e-21
  54006.7500000   4.7908181e-21
  54197.2500000   4.7324526e-21
  54387.7500000   4.6788441e-21
  54578.2500000   4.7181328e-21
  54768.7500000   4.7154816e-21
  54959.2500000   4.6160414e-21
  55149.7500000   4.6637243e-21
  55340.2500000   4.6107532e-21
  55511.6992188   4.6181296e-21
  55702.1992188   4.5677220e-21
  55911.7500000   4.5494235e-21
  56102.2500000   4.4914930e-21
  56292.7500000   4.5003783e-21
  56483.2500000   4.4933873e-21
  56673.7500000   4.4736565e-21
  56864.2500000   4.5241190e-21
  57054.7500000   4.4852245e-21
  57245.2500000   4.4740103e-21
  57435.7500000   4.4406537e-21
  57626.2500000   4.4695327e-21
  57816.7500000   4.4735979e-21
  58007.2500000   4.4683158e-21
  58197.7500000   4.4587887e-21
  58388.2500000   4.4291228e-21
  58578.7500000   4.4571048e-21
  58769.2500000   4.4380409e-21
  58959.7500000   4.4429163e-21
  59150.2500000   4.3981666e-21
  59340.7500000   4.1951608e-21
  59531.2500000   4.2284564e-21
  59721.7500000   4.2366725e-21
  59912.2500000   4.2975401e-21
  60102.7500000   4.0384420e-21
  60293.2500000   3.9826254e-21
  60483.7500000   3.9923796e-21
  60674.2500000   4.1280852e-21
  60864.7500000   3.9773291e-21
  61150.5000000   4.0148508e-21
  61531.5000000   4.0730684e-21
  61912.5000000   3.9490620e-21
  62293.5000000   4.0531006e-21
  62674.5000000   3.8693853e-21
  63055.5000000   3.9480042e-21
  63436.5000000   3.8578298e-21
  63817.5000000   3.8357153e-21
  64198.5000000   3.7500972e-21
  64579.5000000   3.7556023e-21
  64960.5000000   3.6940133e-21
  65341.5000000   3.6482409e-21
  65722.5000000   3.5860335e-21
  66103.5000000   3.4931090e-21
  66484.5000000   3.4775424e-21
  66865.5000000   3.4301108e-21
  67246.5000000   3.3787971e-21
  67627.5000000   3.3188655e-21
  68008.5000000   3.2888735e-21
  68389.5000000   3.2324245e-21
  68770.5000000   3.1675264e-21
  69151.5000000   3.1095119e-21
  69532.5000000   3.0667095e-21
  69913.5000000   3.0173848e-21
  70294.5000000   2.9601436e-21
  70675.5000000   2.9219880e-21
  71056.5000000   2.8531549e-21
  71437.5000000   2.7909643e-21
  71818.5000000   2.7742099e-21
  72199.5000000   2.6911186e-21
  72580.5000000   2.6992269e-21
  72961.5000000   2.6468931e-21
  73342.5000000   2.6097021e-21
  73723.5000000   2.5481470e-21
  74104.5000000   2.4834914e-21
  74485.5000000   2.4750094e-21
  74866.5000000   2.4266074e-21
  75247.5000000   2.3778252e-21
  75628.5000000   2.3447341e-21
  76009.5000000   2.3101646e-21
  76390.5000000   2.2871273e-21
  76771.5000000   2.2533183e-21
  77152.5000000   2.1988943e-21
  77533.5000000   2.1641927e-21
  77914.5000000   2.1482834e-21
  78295.5000000   2.1076033e-21
  78676.5000000   2.0704016e-21
  79057.5000000   2.0427007e-21
  79438.5000000   2.0091755e-21
  79819.5000000   1.9747861e-21
  80200.5000000   1.9581354e-21
  80581.5000000   1.9216381e-21
  80962.5000000   1.8923673e-21
  81343.5000000   1.8748216e-21
  81724.5000000   1.8440516e-21
  82105.5000000   1.8147187e-21
  82486.5000000   1.7740873e-21
  82867.5000000   1.7558639e-21
  83248.5000000   1.7342211e-21
  83629.5000000   1.7130484e-21
  84010.5000000   1.6772920e-21
  84391.5000000   1.6666593e-21
  84772.5000000   1.6308608e-21
  85153.5000000   1.6101011e-21
  85534.5000000   1.5882519e-21
  85915.5000000   1.5674631e-21
  86296.5000000   1.5393560e-21
  86677.5000000   1.5287582e-21
  87058.5000000   1.4995461e-21
  87439.5000000   1.2696743e-21
  87820.5000000   1.3544849e-21
  88201.5000000   1.3451718e-21
  88582.5000000   1.1540094e-21
  88963.5000000   1.2481397e-21
  89344.5000000   1.1729665e-21
  89725.5000000   1.0576194e-21
  90106.5000000   1.1513315e-21
  90487.5000000   1.0838534e-21
  90868.5000000   1.0055033e-21
  91249.5000000   1.0797342e-21
  91630.5000000   1.0459054e-21
  92011.5000000   9.7388461e-22
  92392.5000000   1.0290289e-21
  92773.5000000   9.9269519e-22
  93154.5000000   9.6172429e-22
  93535.5000000   9.6987674e-22
  93916.5000000   9.7123212e-22
  94297.5000000   9.5052120e-22
  94678.5000000   8.6256954e-22
  95059.5000000   8.5990675e-22
  95440.5000000   8.8331722e-22
  95821.5000000   8.5811476e-22
  96202.5000000   8.8590852e-22
  96583.5000000   8.9362618e-22
  96964.5000000   8.9692107e-22
  97345.5000000   8.9825352e-22
  97726.5000000   9.0100345e-22
  98107.5000000   9.0676746e-22
  98488.5000000   8.8052841e-22
  98869.5000000   8.8031970e-22
  99250.5000000   8.8164670e-22
  99631.5000000   8.6177437e-22
 100012.5000000   8.4879293e-22
 100393.5000000   8.5153357e-22
 100774.5000000   8.4446124e-22
 101155.5000000   8.3047040e-22
 101536.5000000   8.1740394e-22
 101917.5000000   8.2068449e-22
 102298.5000000   8.1358959e-22
 102679.5000000   7.9313752e-22
 103060.5000000   7.9487412e-22
 103441.5000000   7.8578372e-22
 103822.5000000   7.8163277e-22
 104203.5000000   7.6108765e-22
 104584.5000000   7.6138189e-22
 104965.5000000   7.5374955e-22
 105346.5000000   7.4412550e-22
 105727.5000000   7.2948979e-22
 106108.5000000   7.2828295e-22
 106489.5000000   7.2360265e-22
 106870.5000000   7.1490023e-22
 107251.5000000   7.0176647e-22
 107632.5000000   6.9856226e-22
 108013.5000000   6.9435961e-22
 108394.5000000   6.8513567e-22
 108775.5000000   6.7672931e-22
 109156.5000000   6.6926924e-22
 109537.5000000   6.5982199e-22
 109918.5000000   6.5485073e-22
 110299.5000000   6.4739293e-22
 110680.5000000   6.3993295e-22
 111061.5000000   6.3396619e-22
 111442.5000000   6.2352576e-22
 111823.5000000   6.2054258e-22
 112204.5000000   6.1059667e-22
 112585.5000000   6.0363495e-22
 112966.5000000   5.9816679e-22
 113347.5000000   5.9120397e-22
 113728.5000000   5.8325048e-22
 114109.5000000   5.7628907e-22
 114490.5000000   5.6932579e-22
 114871.5000000   5.6385637e-22
 115252.5000000   5.5639781e-22
 115633.5000000   5.4645427e-22
 116014.5000000   5.4297354e-22
 116395.5000000   5.3700677e-22
 116776.5000000   5.3104026e-22
 117157.5000000   5.2557150e-22
 117538.5000000   5.1761594e-22
 117919.5000000   5.1214592e-22
 118300.5000000   5.0767160e-22
 118681.5000000   4.9971473e-22
 119062.5000000   4.9534023e-22
 119443.5000000   4.8972056e-22
 119824.5000000   4.8420075e-22
 120205.5000000   4.7828503e-22
 120586.5000000   4.7206825e-22
 120967.5000000   4.6794199e-22
 121348.5000000   4.6237311e-22
 121729.5000000   4.5725190e-22
 122301.0000000   4.4894814e-22
 123063.0000000   4.3890398e-22
 123825.0000000   4.2905814e-22
 124587.0000000   4.1921404e-22
 125349.0000000   4.0852324e-22
 126111.0000000   4.0066775e-22
 126873.0000000   3.9181560e-22
 127635.0000000   3.8405866e-22
 128397.0000000   3.7535741e-22
 129159.0000000   3.6715313e-22
 129921.0000000   3.5894996e-22
 130683.0000000   3.5203846e-22
 131445.0000000   3.4507659e-22
 132207.0000000   3.3776694e-22
 132969.0000000   3.3095502e-22
 133731.0000000   3.2454119e-22
 134493.0000000   3.1728172e-22
 135255.0000000   3.1126545e-22
 136017.0000000   3.0480187e-22
 136779.0000000   2.9873476e-22
 137541.0000000   2.9316543e-22
 138303.0000000   2.8764688e-22
 139065.0000000   2.8108303e-22
 139827.0000000   2.7576285e-22
 140589.0000000   2.6910004e-22
 141351.0000000   2.6367990e-22
 142113.0000000   2.5925551e-22
 142875.0000000   2.5259185e-22
 143637.0000000   2.4975796e-22
 144399.0000000   2.4478543e-22
 145161.0000000   2.4040979e-22
 145923.0000000   2.3638208e-22
 146685.0000000   2.3220556e-22
 147447.0000000   2.2728284e-22
 148209.0000000   2.2320631e-22
 148971.0000000   2.1907874e-22
 149733.0000000   2.1559866e-22
 150495.0000000   2.1082515e-22
 151257.0000000   2.0714566e-22
 152019.0000000   2.0257086e-22
 152781.0000000   1.9933899e-22
 153543.0000000   1.9600799e-22
 154305.0000000   1.9193019e-22
 155067.0000000   1.8904650e-22
 155829.0000000   1.8571531e-22
 156591.0000000   1.8263200e-22
 157353.0000000   1.7954942e-22
 158115.0000000   1.7621755e-22
 158877.0000000   1.7273725e-22
 159639.0000000   1.7000225e-22
 160401.0000000   1.6687027e-22
 161163.0000000   1.6463258e-22
 161925.0000000   1.6140021e-22
 162687.0000000   1.5891450e-22
 163449.0000000   1.5180401e-22
 164211.0000000   1.4583747e-22
 164973.0000000   1.4578753e-22
 165735.0000000   1.3977112e-22
 166497.0000000   1.3643958e-22
 167259.0000000   1.3345622e-22
 168021.0000000   1.2773815e-22
 168783.0000000   1.2679356e-22
 169545.0000000   1.2385945e-22
 170307.0000000   1.1973249e-22
 171069.0000000   1.1998148e-22
 171831.0000000   1.1679906e-22
 172593.0000000   1.1366659e-22
 173355.0000000   1.1331819e-22
 174117.0000000   1.1132972e-22
 174879.0000000   1.0784878e-22
 175641.0000000   1.0809774e-22
 176403.0000000   1.0561156e-22
 177165.0000000   1.0402022e-22
 177927.0000000   1.0297613e-22
 178689.0000000   1.0128561e-22
 179451.0000000   9.9445806e-23
 180213.0000000   9.9197170e-23
 180975.0000000   9.7208136e-23
 181737.0000000   9.5865855e-23
 182499.0000000   9.4423848e-23
 183261.0000000   9.2484607e-23
 184023.0000000   9.2484607e-23
 184785.0000000   9.0694669e-23
 185547.0000000   8.9003850e-23
 186309.0000000   8.8059035e-23
 187071.0000000   8.6567393e-23
 187833.0000000   8.5423797e-23
 188595.0000000   8.3981955e-23
 189357.0000000   8.3484771e-23
 190119.0000000   8.1943476e-23
 190881.0000000   8.1197617e-23
 191643.0000000   8.0053908e-23
 192405.0000000   7.8412894e-23
 193167.0000000   7.7617312e-23
 193929.0000000   7.6573125e-23
 194691.0000000   7.5379919e-23
 195453.0000000   7.4186411e-23
 196215.0000000   7.3241753e-23
 196977.0000000   7.2943532e-23
 197739.0000000   7.1700375e-23
 198501.0000000   7.0656302e-23
 199263.0000000   6.9661681e-23
 200025.0000000   6.9015491e-23
 200787.0000000   6.8667199e-23
 201549.0000000   6.7076111e-23
 202311.0000000   6.6032063e-23
 203073.0000000   6.5534847e-23
 203835.0000000   6.4689554e-23
 204597.0000000   6.3844236e-23
 205359.0000000   6.3147918e-23
 206121.0000000   6.2352576e-23
 206883.0000000   6.1308225e-23
 207645.0000000   6.0910481e-23
 208407.0000000   5.9816684e-23
 209169.0000000   5.9369142e-23
 209931.0000000   5.8275118e-23
 210693.0000000   5.8374760e-23
 211455.0000000   5.6982358e-23
 212217.0000000   5.6684086e-23
 212979.0000000   5.5739321e-23
 213741.0000000   5.5391333e-23
 214503.0000000   5.4347215e-23
 215265.0000000   5.3999138e-23
 216027.0000000   5.3253267e-23
 216789.0000000   5.2308455e-23
 217551.0000000   5.2010199e-23
 218313.0000000   5.1463064e-23
 219075.0000000   5.0767159e-23
 219837.0000000   5.0120710e-23
 220599.0000000   4.9688067e-23
 221361.0000000   4.9011859e-23
 222123.0000000   4.8454964e-23
 222885.0000000   4.7873264e-23
 223647.0000000   4.7132249e-23
 224409.0000000   4.6634992e-23
 225171.0000000   4.5973674e-23
 225933.0000000   4.5645537e-23
 226695.0000000   4.4964469e-23
 227457.0000000   4.4616291e-23
 228219.0000000   4.4094229e-23
 228981.0000000   4.3567179e-23
 229743.0000000   4.3045104e-23
 230505.0000000   4.2428543e-23
 231267.0000000   4.1971143e-23
 232029.0000000   4.1434149e-23
 232791.0000000   4.0931885e-23
 233553.0000000   4.0543998e-23
 234315.0000000   4.0116430e-23
 235077.0000000   3.9753380e-23
 235839.0000000   3.9236320e-23
 236601.0000000   3.8868426e-23
 237363.0000000   3.8311525e-23
 238125.0000000   3.7799271e-23
 238887.0000000   3.7381594e-23
 239649.0000000   3.6978928e-23
 240411.0000000   3.6551368e-23
 241173.0000000   3.6238083e-23
 241935.0000000   3.5775546e-23
 242697.0000000   3.5477322e-23
 243459.0000000   3.4980065e-23
 244602.0000000   3.4428184e-23
 246126.0000000   3.3612732e-23
 247650.0000000   3.2881802e-23
 249174.0000000   3.2145867e-23
 250698.0000000   3.1474610e-23
 252222.0000000   3.0758548e-23
 253746.0000000   3.0097218e-23
 255270.0000000   2.9455798e-23
 256794.0000000   2.8784531e-23
 258318.0000000   2.8172943e-23
 259842.0000000   2.7556432e-23
 261366.0000000   2.6994520e-23
 262890.0000000   2.6392899e-23
 264414.0000000   2.5840977e-23
 265938.0000000   2.5289044e-23
 267462.0000000   2.4747053e-23
 268986.0000000   2.4244876e-23
 270510.0000000   2.3722761e-23
 272034.0000000   2.3240451e-23
 273558.0000000   2.2753155e-23
 275082.0000000   2.2285761e-23
 276606.0000000   2.1823368e-23
 278130.0000000   2.1380803e-23
 279654.0000000   2.0938290e-23
 281178.0000000   2.0520610e-23
 282702.0000000   2.0083110e-23
 284226.0000000   1.9650445e-23
 285750.0000000   1.9257695e-23
 287274.0000000   1.8899668e-23
 288798.0000000   1.8536655e-23
 290322.0000000   1.8173748e-23
 291846.0000000   1.7815674e-23
 293370.0000000   1.7462664e-23
 294894.0000000   1.7124542e-23
 296418.0000000   1.6791420e-23
 297942.0000000   1.6463259e-23
 299466.0000000   1.6150020e-23
 300990.0000000   1.5836758e-23
 302514.0000000   1.5533460e-23
 304038.0000000   1.5240054e-23
 305562.0000000   1.4946674e-23
 307086.0000000   1.4663257e-23
 308610.0000000   1.4394755e-23
 310134.0000000   1.4121308e-23
 311658.0000000   1.3862732e-23
 313182.0000000   1.3609129e-23
 314706.0000000   1.3355589e-23
 316230.0000000   1.3111897e-23
 317754.0000000   1.2868300e-23
 319278.0000000   1.2634608e-23
 320802.0000000   1.2410828e-23
 322326.0000000   1.2187051e-23
 323850.0000000   1.1963315e-23
 325374.0000000   1.1754471e-23
 326898.0000000   1.1545671e-23
 328422.0000000   1.1341776e-23
 329946.0000000   1.1142900e-23
 331470.0000000   1.0944004e-23
 332994.0000000   1.0755079e-23
 334518.0000000   1.0566121e-23
 336042.0000000   1.0382122e-23
 337566.0000000   1.0203121e-23
 339090.0000000   1.0029099e-23
 340614.0000000   9.8600387e-24
 342138.0000000   9.6859971e-24
 343662.0000000   9.5269020e-24
 345186.0000000   9.3677864e-24
 346710.0000000   9.2036867e-24
 348234.0000000   9.0495725e-24
 349758.0000000   8.9053506e-24
 351282.0000000   8.7561935e-24
 352806.0000000   8.6119929e-24
 354330.0000000   8.4727716e-24
 355854.0000000   8.3285915e-24
 357378.0000000   8.1943479e-24
 358902.0000000   8.0600719e-24
 360426.0000000   7.9307831e-24
 361950.0000000   7.8015117e-24
 363474.0000000   7.6772133e-24
 364998.0000000   7.5578815e-24
 366522.0000000   7.4335791e-24
 368046.0000000   7.3192235e-24
 369570.0000000   7.1998570e-24
 371094.0000000   7.0805402e-24
 372618.0000000   6.9761194e-24
 374142.0000000   6.8667194e-24
 375666.0000000   6.7623019e-24
 377190.0000000   6.6578930e-24
 378714.0000000   6.5534848e-24
 380238.0000000   6.4540288e-24
 381762.0000000   6.3545751e-24
 762000.0000000   4.2751765e-25
1524000.0000000   2.7476913e-26
2286000.0000000   5.4595773e-27
3048000.0000000   1.7298549e-27
3810000.0000000   7.0855179e-28
4572000.0000000   3.4134747e-28
5334000.0000000   1.8407421e-28
6096000.0000000   1.0774935e-28
