    286.8320007   9.5004136e-24
    296.2879944   1.0793742e-23
    302.5919800   1.1496139e-23
    308.8959961   6.0912103e-23
    315.1999817   1.6711527e-22
    321.5039978   1.8123775e-22
    327.8079834   1.7219420e-22
    334.1119995   1.7504363e-22
    340.4159851   1.7851238e-22
    346.7200012   2.0378446e-22
    359.3280029   2.1134062e-22
    371.9360046   2.0527106e-22
    381.3919983   2.5977871e-22
    394.0000000   2.6968812e-22
    400.3039856   2.7538773e-22
    403.4559937   2.7972356e-22
    412.9119873   2.6981252e-22
    416.0639954   2.7910386e-22
    422.3679810   2.6671513e-22
    431.8240051   2.9644636e-22
    441.2799988   2.9719069e-22
    450.7359924   3.7585403e-22
    463.3439941   4.6913763e-22
    475.9519958   4.2045135e-22
    488.5599976   4.7409202e-22
    501.1679993   4.7607420e-22
    510.6239929   4.7681702e-22
    523.2319946   4.8003809e-22
    535.8399658   4.7979151e-22
    545.2960205   3.9555200e-22
    557.9039917   4.8350812e-22
    567.3599854   4.8424978e-22
    573.6640015   4.8437529e-22
    586.2719727   4.8536549e-22
    602.0319824   4.8598406e-22
    611.4879761   4.8895770e-22
    624.0960083   4.8784234e-22
    636.7039795   4.8970132e-22
    646.1599731   4.8920473e-22
    661.9199829   4.7433987e-22
    680.8319702   4.8908230e-22
    693.4400024   4.9093952e-22
    702.8959961   4.8511826e-22
    715.5039673   4.9217867e-22
    724.9599609   6.1791831e-22
    737.5679932   9.2526483e-22
    756.4799805   1.0103728e-21
    775.3919678   9.4236198e-22
    794.3040161   9.7296140e-22
    810.0639648   8.9379915e-22
    819.5199585   9.4000585e-22
    832.1279907   1.1745133e-21
    847.8880005   1.2035040e-21
    863.6480103   1.2203497e-21
    879.4079590   1.0563292e-21
    895.1679688   1.2462392e-21
    914.0799561   1.2846281e-21
    932.9920044   1.1460095e-21
    948.7520142   1.0246952e-21
    970.8159790   1.0661682e-21
   1002.3359985   1.0030555e-21
   1033.8559570   9.8977007e-22
   1065.3759766   8.9739029e-22
   1096.8959961   8.1509905e-22
   1125.2640381   1.0491214e-21
   1153.6319580   1.5340517e-21
   1182.0000000   1.4579972e-21
   1213.5200195   1.1164114e-21
   1245.0400391   1.5909121e-21
   1276.5599365   1.8992283e-21
   1304.9279785   1.8291861e-21
   1330.1439209   1.6160239e-21
   1355.3599854   1.5046658e-21
   1390.0319824   1.6972403e-21
   1421.5520020   1.6812379e-21
   1449.9199219   1.4421780e-21
   1481.4399414   1.4309730e-21
   1512.9599609   1.5699576e-21
   1544.4799805   1.2980349e-21
   1576.0000000   1.5699232e-21
   1594.9119873   1.3360461e-21
   1613.8239746   2.0800630e-21
   1639.0399170   1.9493495e-21
   1670.5599365   1.7689997e-21
   1702.0799561   1.4331995e-21
   1733.5999756   1.3724735e-21
   1765.1199951   1.7842615e-21
   1796.6400146   1.9791104e-21
   1828.1599121   1.9185018e-21
   1859.6799316   1.9417362e-21
   1891.1999512   1.6214199e-21
   1922.7199707   1.5703921e-21
   1954.2399902   1.9947303e-21
   1985.7600098   1.8806773e-21
   2017.2800293   2.0836653e-21
   2048.8000488   2.0164335e-21
   2074.0158691   1.8613751e-21
   2096.0800781   2.1195784e-21
   2127.5998535   2.2583119e-21
   2159.1198730   1.9614839e-21
   2190.6398926   2.3209143e-21
   2222.1599121   1.9097672e-21
   2256.8320312   2.5138891e-21
   2288.3520508   2.6088545e-21
   2316.7199707   2.6896539e-21
   2348.2399902   2.6814804e-21
   2379.7600098   2.7565638e-21
   2411.2800293   2.5672887e-21
   2442.8000488   2.9871909e-21
   2474.3200684   2.8585993e-21
   2505.8398438   3.2274604e-21
   2537.3598633   3.5687674e-21
   2568.8798828   3.9874565e-21
   2600.3999023   4.5197116e-21
   2631.9199219   4.0186975e-21
   2663.4399414   5.5659590e-21
   2694.9599609   6.1640053e-21
   2726.4799805   7.2244388e-21
   2758.0000000   8.2337792e-21
   2789.5200195   9.3917642e-21
   2821.0400391   1.0759286e-20
   2852.5600586   1.2100122e-20
   2884.0798340   1.3391832e-20
   2915.5998535   3.7218278e-20
   2947.1198730   6.4216286e-20
   2978.6398926   9.1630351e-20
   3010.1599121   1.1529510e-19
   3041.6799316   1.2869377e-19
   3073.1999512   5.6639797e-20
   3104.7199707   1.1659716e-19
   3136.2399902   1.1737966e-19
   3167.7600098   1.5252915e-19
   3199.2800293   1.6226381e-19
   3230.8000488   1.1775296e-19
   3262.3200684   1.6743926e-19
   3293.8398438   2.3682274e-19
   3325.3598633   2.3484446e-19
   3356.8798828   2.0343126e-19
   3388.3999023   2.2949258e-19
   3419.9199219   2.0544423e-19
   3451.4399414   2.4642289e-19
   3482.9599609   2.4093091e-19
   3514.4799805   2.4037184e-19
   3546.0000000   2.1683411e-19
   3577.5200195   2.6357808e-19
   3609.0400391   2.5486177e-19
   3640.5600586   2.6241149e-19
   3672.0798340   2.6469867e-19
   3703.5998535   1.8510626e-19
   3735.1198730   2.6158416e-19
   3766.6398926   2.2441144e-19
   3798.1599121   1.9390688e-19
   3829.6799316   1.5950608e-19
   3861.1999512   2.7570116e-19
   3892.7199707   3.4217608e-19
   3924.2399902   3.6062342e-19
   3955.7600098   3.5588443e-19
   3987.2800293   3.4350712e-19
   4018.8000488   4.1258931e-19
   4050.3198242   4.2989006e-19
   4081.8398438   3.7321567e-19
   4113.3598633   3.7833494e-19
   4144.8798828   4.4192533e-19
   4176.3999023   4.3040392e-19
   4207.9199219   4.0724612e-19
   4239.4399414   4.5413798e-19
   4270.9599609   4.4913757e-19
   4302.4799805   4.2160887e-19
   4334.0000000   4.3020733e-19
   4365.5200195   4.3247112e-19
   4397.0400391   3.4240007e-19
   4428.5600586   3.4138054e-19
   4460.0800781   4.1984242e-19
   4491.6000977   4.1782638e-19
   4523.1201172   4.3459599e-19
   4545.1840820   4.4830397e-19
   4560.9438477   4.5325527e-19
   4586.1601562   4.4315953e-19
   4617.6796875   4.2328236e-19
   4649.1997070   4.3225654e-19
   4680.7197266   4.4362880e-19
   4712.2397461   4.4828821e-19
   4743.7597656   4.2914683e-19
   4765.8237305   3.9519779e-19
   4781.5839844   4.1343273e-19
   4806.7998047   4.0780451e-19
   4838.3198242   3.5544393e-19
   4869.8398438   3.4027587e-19
   4901.3598633   3.3417414e-19
   4932.8798828   3.6338499e-19
   4964.3999023   3.8630697e-19
   4995.9199219   3.9816641e-19
   5027.4399414   4.0369175e-19
   5058.9599609   3.9625273e-19
   5090.4799805   3.9389472e-19
   5122.0000000   3.8564078e-19
   5153.5200195   4.0778125e-19
   5185.0400391   4.1319135e-19
   5216.5600586   4.0094597e-19
   5248.0800781   4.2307980e-19
   5270.1440430   3.8765300e-19
   5285.9038086   4.3828961e-19
   5311.1201172   4.4207282e-19
   5342.6401367   4.2177927e-19
   5374.1601562   4.1121808e-19
   5405.6796875   3.9148543e-19
   5437.1997070   3.8677720e-19
   5468.7197266   4.0864356e-19
   5500.2397461   4.0201097e-19
   5531.7597656   4.1654383e-19
   5563.2797852   3.9737157e-19
   5594.7998047   3.9685531e-19
   5626.3198242   4.0743396e-19
   5657.8398438   4.2422594e-19
   5689.3598633   4.2576765e-19
   5720.8798828   3.9731747e-19
   5752.3999023   4.0548639e-19
   5783.9199219   3.9616050e-19
   5815.4399414   3.6991605e-19
   5846.9599609   3.7167644e-19
   5878.4799805   3.7856595e-19
   5910.0000000   3.9709940e-19
   5941.5200195   3.6726612e-19
   5973.0400391   3.5285426e-19
   6004.5600586   3.7268168e-19
   6036.0800781   3.5756547e-19
   6067.6000977   3.4568948e-19
   6099.1201172   3.6113692e-19
   6130.6401367   3.7129305e-19
   6162.1596680   3.4429400e-19
   6199.9838867   3.7219260e-19
   6228.3520508   3.8234547e-19
   6253.5678711   3.6365478e-19
   6288.2397461   3.5523794e-19
   6319.7597656   3.6594264e-19
   6351.2797852   3.5781838e-19
   6382.7998047   3.7022324e-19
   6414.3198242   3.4984836e-19
   6445.8398438   3.5849788e-19
   6477.3598633   3.2625190e-19
   6508.8798828   3.3758908e-19
   6537.2480469   3.6861704e-19
   6549.8559570   3.4828926e-19
   6571.9199219   3.5972019e-19
   6603.4399414   3.4264225e-19
   6634.9599609   3.4744897e-19
   6666.4799805   3.5123239e-19
   6698.0000000   3.5373404e-19
   6729.5200195   3.3861365e-19
   6761.0400391   3.3844860e-19
   6792.5600586   3.4961184e-19
   6824.0800781   3.4117972e-19
   6855.6000977   3.4046121e-19
   6887.1201172   3.3358028e-19
   6918.6396484   3.4540568e-19
   6950.1596680   3.3991886e-19
   6981.6796875   3.2908535e-19
   7013.1997070   3.2273473e-19
   7044.7197266   3.3441051e-19
   7076.2397461   3.2701218e-19
   7107.7597656   3.1808822e-19
   7139.2797852   3.2504765e-19
   7170.7998047   3.3024074e-19
   7202.3198242   3.3443990e-19
   7233.8398438   3.1700185e-19
   7265.3598633   3.2160984e-19
   7296.8798828   3.1250242e-19
   7328.3999023   2.6684518e-19
   7359.9199219   2.9949018e-19
   7391.4399414   2.9529766e-19
   7422.9599609   3.0574177e-19
   7454.4799805   2.9179494e-19
   7486.0000000   2.9371969e-19
   7517.5200195   2.7952092e-19
   7549.0400391   2.8995663e-19
   7580.5600586   2.8166761e-19
   7612.0800781   2.8413639e-19
   7643.6000977   2.9187699e-19
   7675.1201172   2.8227691e-19
   7706.6396484   2.9098358e-19
   7738.1596680   2.8709795e-19
   7769.6796875   2.8457598e-19
   7801.1997070   2.7742472e-19
   7832.7197266   2.7983414e-19
   7864.2397461   2.4808323e-19
   7895.7597656   2.8218147e-19
   7920.9760742   2.6191410e-19
   7936.7358398   2.7074909e-19
   7958.7998047   2.6415866e-19
   7990.3198242   2.6539826e-19
   8021.8398438   2.6050880e-19
   8053.3598633   2.6987889e-19
   8084.8798828   2.6614764e-19
   8116.3999023   2.7431343e-19
   8147.9199219   2.7187271e-19
   8179.4399414   2.6892288e-19
   8210.9599609   2.6330849e-19
   8242.4794922   2.6013494e-19
   8274.0000000   2.6578319e-19
   8305.5195312   2.6862308e-19
   8337.0400391   2.7959335e-19
   8368.5595703   2.8100659e-19
   8400.0800781   2.6491268e-19
   8431.5996094   2.7121559e-19
   8463.1201172   2.7066704e-19
   8494.6396484   2.6182094e-19
   8526.1601562   2.6465682e-19
   8557.6796875   2.5743792e-19
   8589.2001953   2.5758720e-19
   8620.7197266   2.6297566e-19
   8652.2402344   2.4364538e-19
   8683.7597656   2.4531933e-19
   8715.2802734   2.4894546e-19
   8746.7998047   2.5545346e-19
   8778.3203125   2.4757492e-19
   8809.8398438   2.1817049e-19
   8841.3593750   2.2728090e-19
   8872.8798828   2.4972950e-19
   8904.3994141   2.5325396e-19
   8935.9199219   2.4409950e-19
   8967.4394531   2.4082619e-19
   8998.9599609   2.3595689e-19
   9030.4794922   2.4580571e-19
   9062.0000000   2.4345926e-19
   9093.5195312   2.4272475e-19
   9125.0400391   2.4017977e-19
   9172.3203125   2.4923097e-19
   9235.3593750   2.4340475e-19
   9298.3994141   2.3965609e-19
   9361.4394531   2.4106005e-19
   9424.4794922   2.4001845e-19
   9487.5195312   2.4023569e-19
   9550.5595703   2.3966452e-19
   9613.5996094   2.3845606e-19
   9676.6396484   2.3779615e-19
   9739.6796875   2.3683313e-19
   9802.7197266   2.3540105e-19
   9865.7597656   2.3173087e-19
   9928.7998047   2.3127032e-19
   9991.8398438   2.2906867e-19
  10054.8798828   2.2088351e-19
  10117.9199219   2.2322991e-19
  10180.9599609   2.1656289e-19
  10244.0000000   2.2075551e-19
  10307.0400391   2.2157625e-19
  10370.0800781   2.1895473e-19
  10433.1201172   2.1682936e-19
  10496.1601562   2.1346656e-19
  10559.2001953   2.0963691e-19
  10622.2402344   2.0322944e-19
  10685.2802734   2.0254154e-19
  10748.3203125   2.0144684e-19
  10811.3593750   1.9893673e-19
  10874.3994141   1.9768431e-19
  10937.4394531   1.9581788e-19
  11000.4794922   1.9561932e-19
  11063.5195312   1.9580929e-19
  11126.5595703   1.9149662e-19
  11189.5996094   1.9327688e-19
  11252.6396484   1.8335616e-19
  11315.6796875   1.8091727e-19
  11378.7197266   1.8308098e-19
  11441.7597656   1.8306890e-19
  11473.2802734   1.8294915e-19
  11504.7998047   1.8728141e-19
  11567.8398438   1.8419637e-19
  11630.8798828   1.7367445e-19
  11693.9199219   1.8338838e-19
  11756.9599609   1.7701188e-19
  11820.0000000   2.0282639e-19
  11883.0400391   2.1079743e-19
  11946.0800781   2.3356592e-19
  12009.1201172   2.5332401e-19
  12072.1601562   2.0878058e-19
  12135.2001953   2.6035551e-19
  12198.2402344   2.7535387e-19
  12261.2802734   2.0554801e-19
  12324.3193359   2.8122388e-19
  12387.3593750   2.4450937e-19
  12450.3994141   2.6795143e-19
  12513.4394531   1.8345363e-19
  12576.4794922   2.8047518e-19
  12639.5195312   2.9864038e-19
  12702.5595703   2.9560910e-19
  12765.5996094   2.9453480e-19
  12828.6396484   2.8391561e-19
  12891.6796875   2.6141420e-19
  12954.7197266   2.2399296e-19
  13017.7597656   2.7818725e-19
  13080.7998047   2.8506882e-19
  13143.8398438   2.8454349e-19
  13206.8798828   2.8284898e-19
  13269.9199219   2.8364140e-19
  13332.9599609   2.7938224e-19
  13396.0000000   2.8012557e-19
  13459.0400391   2.7164953e-19
  13522.0800781   2.6886619e-19
  13585.1201172   2.5285717e-19
  13648.1601562   2.3718807e-19
  13711.2001953   2.1593702e-19
  13774.2402344   2.7066229e-19
  13837.2792969   2.6516526e-19
  13900.3193359   2.6829647e-19
  13963.3593750   2.7026674e-19
  14026.3994141   2.7103700e-19
  14089.4394531   2.7156960e-19
  14152.4794922   2.7184526e-19
  14215.5195312   2.8354800e-19
  14278.5595703   2.6925853e-19
  14341.5996094   2.6900911e-19
  14404.6396484   2.7715558e-19
  14467.6796875   2.6847090e-19
  14530.7197266   2.7084065e-19
  14593.7597656   2.6424685e-19
  14656.7998047   2.6513964e-19
  14719.8398438   2.6747294e-19
  14782.8798828   2.6225942e-19
  14845.9199219   2.5529531e-19
  14908.9599609   2.6200499e-19
  14972.0000000   2.6382476e-19
  15035.0400391   2.6244608e-19
  15098.0800781   2.5957458e-19
  15161.1201172   2.5544224e-19
  15224.1601562   2.5351767e-19
  15287.2001953   2.2410515e-19
  15350.2402344   1.9541324e-19
  15413.2792969   2.4297327e-19
  15476.3193359   2.4646511e-19
  15539.3593750   2.4260644e-19
  15602.3994141   2.4860239e-19
  15665.4394531   2.4564922e-19
  15728.4794922   2.3585845e-19
  15791.5195312   2.2733681e-19
  15854.5595703   2.3390367e-19
  15917.5996094   2.3158436e-19
  15980.6396484   2.3723287e-19
  16043.6796875   2.3012744e-19
  16106.7197266   2.3122764e-19
  16169.7597656   2.2611305e-19
  16232.7998047   2.2084275e-19
  16295.8398438   2.1307130e-19
  16358.8798828   2.1472181e-19
  16421.9199219   2.1873558e-19
  16484.9589844   2.2160254e-19
  16548.0000000   2.2527152e-19
  16611.0390625   2.1133135e-19
  16674.0800781   2.2434051e-19
  16737.1191406   2.2804881e-19
  16800.1601562   2.1475481e-19
  16863.1992188   2.2343684e-19
  16926.2402344   2.2225751e-19
  16989.2792969   2.1812833e-19
  17052.3203125   2.1481707e-19
  17115.3593750   2.1569912e-19
  17178.4003906   2.1849074e-19
  17241.4394531   2.1358190e-19
  17304.4804688   2.1311715e-19
  17367.5195312   2.1149010e-19
  17430.5605469   2.1317517e-19
  17493.5996094   2.1451538e-19
  17556.6406250   2.1163506e-19
  17619.6796875   2.0733957e-19
  17682.7187500   2.1076225e-19
  17745.7597656   2.0827688e-19
  17808.7988281   2.0830615e-19
  17871.8398438   2.0500710e-19
  17934.8789062   2.0803462e-19
  17997.9199219   2.0416159e-19
  18060.9589844   2.1253109e-19
  18124.0000000   2.0618905e-19
  18187.0390625   2.0729496e-19
  18250.0800781   2.0215675e-19
  18313.1191406   2.0591304e-19
  18376.1601562   2.0833543e-19
  18439.1992188   2.0357246e-19
  18502.2402344   2.0208396e-19
  18565.2792969   1.9146801e-19
  18628.3203125   1.9952035e-19
  18691.3593750   1.9909669e-19
  18754.4003906   1.9831650e-19
  18817.4394531   1.9972988e-19
  18880.4804688   1.9658132e-19
  18943.5195312   1.9453981e-19
  19006.5605469   1.9698059e-19
  19069.5996094   1.9822682e-19
  19132.6406250   1.9778245e-19
  19195.6796875   1.9279957e-19
  19258.7187500   1.9269883e-19
  19321.7597656   1.8605170e-19
  19384.7988281   1.8657046e-19
  19447.8398438   1.8192757e-19
  19510.8789062   1.8708328e-19
  19573.9199219   1.8561751e-19
  19636.9589844   1.8128392e-19
  19700.0000000   1.7635851e-19
  19763.0390625   1.8199470e-19
  19826.0800781   1.8371568e-19
  19889.1191406   1.8018378e-19
  19952.1601562   1.8151576e-19
  20015.1992188   1.8043800e-19
  20078.2402344   1.7977198e-19
  20141.2792969   1.8177104e-19
  20204.3203125   1.7882152e-19
  20267.3593750   1.7967883e-19
  20330.4003906   1.7878069e-19
  20393.4394531   1.7810204e-19
  20456.4804688   1.7474021e-19
  20519.5195312   1.7737996e-19
  20582.5605469   1.7560264e-19
  20645.5996094   1.6673185e-19
  20708.6406250   1.5001656e-19
  20771.6796875   1.7127855e-19
  20834.7187500   1.7476556e-19
  20897.7597656   1.7341989e-19
  20960.7988281   1.7240836e-19
  21023.8398438   1.6919490e-19
  21086.8789062   1.7133424e-19
  21149.9199219   1.6692528e-19
  21212.9589844   1.6940307e-19
  21276.0000000   1.6693408e-19
  21339.0390625   1.6797028e-19
  21402.0800781   1.6591739e-19
  21465.1191406   1.6621495e-19
  21528.1601562   1.6671063e-19
  21591.1992188   1.6356814e-19
  21654.2402344   1.6533982e-19
  21717.2792969   1.6620399e-19
  21780.3203125   1.6538557e-19
  21843.3593750   1.6402350e-19
  21906.4003906   1.6262837e-19
  21969.4394531   1.6337431e-19
  22032.4804688   1.6297585e-19
  22095.5195312   1.5997050e-19
  22158.5605469   1.6131450e-19
  22221.5996094   1.6033697e-19
  22284.6406250   1.5728975e-19
  22347.6796875   1.5426456e-19
  22410.7187500   1.5180938e-19
  22473.7597656   1.4940575e-19
  22536.7988281   1.4866937e-19
  22599.8398438   1.4928441e-19
  22662.8789062   1.4770748e-19
  22725.9199219   1.4985195e-19
  22788.9589844   1.5179737e-19
  22852.0000000   1.5160482e-19
  22915.0390625   1.5120785e-19
  22978.0800781   1.4907148e-19
  23041.1191406   1.5183138e-19
  23104.1601562   1.5149036e-19
  23167.1992188   1.5143714e-19
  23230.2402344   1.5481431e-19
  23293.2792969   1.5051548e-19
  23356.3203125   1.5115873e-19
  23419.3593750   1.5296719e-19
  23482.4003906   1.5221261e-19
  23545.4394531   1.5332299e-19
  23608.4804688   1.5218587e-19
  23671.5195312   1.5367694e-19
  23734.5605469   1.5458399e-19
  23797.5996094   1.5496532e-19
  23860.6386719   1.5338362e-19
  23923.6796875   1.5062658e-19
  23986.7187500   1.4985917e-19
  24049.7597656   1.4865044e-19
  24112.7988281   1.4585160e-19
  24175.8398438   1.4213709e-19
  24238.8789062   1.4494867e-19
  24301.9199219   1.4205098e-19
  24364.9589844   1.4253780e-19
  24428.0000000   1.4154965e-19
  24491.0390625   1.4188824e-19
  24554.0800781   1.4311175e-19
  24617.1191406   1.4256410e-19
  24680.1601562   1.4192563e-19
  24743.1992188   1.4033950e-19
  24806.2402344   1.3969752e-19
  24869.2792969   1.3689097e-19
  24932.3203125   1.3437668e-19
  24995.3593750   1.3574569e-19
  25058.4003906   1.3379016e-19
  25121.4394531   1.3622946e-19
  25184.4804688   1.3667951e-19
  25247.5195312   1.3826010e-19
  25310.5605469   1.3757987e-19
  25373.5996094   1.3648037e-19
  25436.6386719   1.3630366e-19
  25499.6796875   1.3403717e-19
  25562.7187500   1.3379781e-19
  25625.7597656   1.3603693e-19
  25688.7988281   1.3693427e-19
  25751.8398438   1.3696374e-19
  25814.8789062   1.3334083e-19
  25877.9199219   1.3354712e-19
  25940.9589844   1.3366330e-19
  26004.0000000   1.3386950e-19
  26067.0390625   1.3428464e-19
  26130.0800781   1.3383012e-19
  26193.1191406   1.2976758e-19
  26256.1601562   1.2957850e-19
  26319.1992188   1.2938914e-19
  26382.2402344   1.2953014e-19
  26445.2792969   1.2732092e-19
  26508.3203125   1.2944995e-19
  26571.3593750   1.2651326e-19
  26634.4003906   1.2520270e-19
  26697.4394531   1.2440356e-19
  26760.4804688   1.2614097e-19
  26823.5195312   1.2080477e-19
  26886.5605469   1.2659606e-19
  26949.5996094   1.1604593e-19
  27012.6386719   1.2856553e-19
  27075.6796875   1.2451998e-19
  27138.7187500   1.2459383e-19
  27201.7597656   1.3003914e-19
  27264.7988281   1.2853673e-19
  27327.8398438   1.1536449e-19
  27390.8789062   1.2607230e-19
  27453.9199219   1.3049512e-19
  27516.9589844   1.2795323e-19
  27580.0000000   1.2023048e-19
  27643.0390625   1.2746022e-19
  27706.0800781   1.3116104e-19
  27769.1191406   1.2653770e-19
  27832.1601562   1.2834889e-19
  27895.1992188   1.2539805e-19
  27958.2402344   1.1957068e-19
  28021.2792969   1.2465130e-19
  28084.3203125   1.2701542e-19
  28147.3593750   1.2558600e-19
  28210.4003906   1.2648213e-19
  28273.4394531   1.2593892e-19
  28336.4804688   1.2432163e-19
  28399.5195312   1.1675087e-19
  28462.5585938   1.2157170e-19
  28525.5996094   1.2624350e-19
  28588.6386719   1.2631171e-19
  28651.6796875   1.2302837e-19
  28714.7187500   1.2404729e-19
  28777.7597656   1.2568310e-19
  28840.7988281   1.2501094e-19
  28903.8398438   1.2409087e-19
  28966.8789062   1.2381706e-19
  29029.9199219   1.1731317e-19
  29092.9589844   1.1212858e-19
  29156.0000000   1.1573698e-19
  29219.0390625   1.1882365e-19
  29282.0800781   1.1971938e-19
  29345.1191406   1.1903885e-19
  29408.1601562   1.1940904e-19
  29471.1992188   1.1847972e-19
  29534.2402344   1.1779641e-19
  29597.2792969   1.1890927e-19
  29660.3203125   1.1605511e-19
  29723.3593750   1.1856353e-19
  29786.4003906   1.1477472e-19
  29849.4394531   1.1778141e-19
  29912.4804688   1.1734255e-19
  29975.5195312   1.1572275e-19
  30038.5585938   1.1490888e-19
  30101.5996094   1.0877496e-19
  30164.6386719   1.1408772e-19
  30227.6796875   1.1613567e-19
  30290.7187500   1.1547550e-19
  30353.7597656   1.1565568e-19
  30416.7988281   1.1374701e-19
  30479.8398438   1.1405116e-19
  30542.8789062   1.1482313e-19
  30605.9199219   1.1409725e-19
  30668.9589844   1.1315161e-19
  30732.0000000   1.1148581e-19
  30795.0390625   1.1291433e-19
  30858.0800781   1.1099629e-19
  30921.1191406   1.1386447e-19
  30984.1601562   1.1354189e-19
  31047.1992188   1.1281122e-19
  31110.2402344   1.1120219e-19
  31173.2792969   1.1081412e-19
  31236.3203125   1.1045747e-19
  31299.3593750   1.1157448e-19
  31362.4003906   1.1140555e-19
  31425.4394531   1.1129894e-19
  31488.4804688   1.1112945e-19
  31598.7988281   1.0818086e-19
  31756.4003906   1.0570300e-19
  31914.0000000   1.0766518e-19
  32071.5996094   1.0555919e-19
  32229.1992188   1.0578706e-19
  32386.7988281   1.0597865e-19
  32544.4003906   1.0553694e-19
  32702.0000000   1.0404674e-19
  32859.5976562   1.0286586e-19
  33017.1992188   1.0206799e-19
  33174.8007812   1.0110475e-19
  33332.3984375   1.0064887e-19
  33490.0000000   1.0005961e-19
  33647.5976562   9.8190307e-20
  33805.1992188   9.8369010e-20
  33962.8007812   9.8282201e-20
  34120.3984375   9.5859984e-20
  34278.0000000   9.3688589e-20
  34435.5976562   9.1057877e-20
  34593.1992188   9.0351594e-20
  34750.8007812   9.0512843e-20
  34908.3984375   8.8708458e-20
  35066.0000000   8.9767404e-20
  35223.5976562   8.9827356e-20
  35381.1992188   8.9854969e-20
  35538.8007812   8.8426060e-20
  35696.3984375   8.7415174e-20
  35854.0000000   8.5883507e-20
  36011.5976562   8.4697601e-20
  36169.1992188   8.5759495e-20
  36326.8007812   8.6880492e-20
  36484.3984375   8.6025446e-20
  36642.0000000   8.5062550e-20
  36799.5976562   8.3967963e-20
  36957.1992188   8.3229989e-20
  37114.8007812   8.2915499e-20
  37272.3984375   8.1847822e-20
  37430.0000000   8.0909295e-20
  37587.5976562   8.0394983e-20
  37745.1992188   7.7940143e-20
  37902.8007812   8.0340628e-20
  38060.3984375   7.7852217e-20
  38218.0000000   7.8805794e-20
  38375.5976562   7.8608421e-20
  38533.1992188   7.8714824e-20
  38690.8007812   7.7824868e-20
  38848.3984375   7.6437731e-20
  39006.0000000   7.6898697e-20
  39163.5976562   7.5475339e-20
  39321.1992188   7.4413879e-20
  39478.8007812   7.4310669e-20
  39636.3984375   7.3710323e-20
  39794.0000000   7.4896829e-20
  39951.5976562   7.2433415e-20
  40109.1992188   7.3653364e-20
  40266.8007812   7.2514898e-20
  40424.3984375   6.9677611e-20
  40582.0000000   7.0765321e-20
  40739.5976562   7.2017879e-20
  40897.1992188   7.1207707e-20
  41054.8007812   7.1695046e-20
  41212.3984375   7.1050265e-20
  41370.0000000   7.0200705e-20
  41527.5976562   6.9483869e-20
  41685.1992188   6.9401830e-20
  41842.8007812   6.8110368e-20
  42000.3984375   6.8161233e-20
  42158.0000000   6.7034607e-20
  42315.5976562   6.8461248e-20
  42473.1992188   6.8206748e-20
  42630.8007812   6.8120236e-20
  42788.3984375   6.6081682e-20
  42946.0000000   6.5319926e-20
  43103.5976562   6.6342819e-20
  43261.1992188   6.5175499e-20
  43418.8007812   6.5794702e-20
  43576.3984375   6.5668835e-20
  43734.0000000   6.4934647e-20
  43891.5976562   6.4134835e-20
  44049.1992188   6.2552820e-20
  44206.8007812   6.2830901e-20
  44364.3984375   6.1449225e-20
  44522.0000000   5.9726660e-20
  44679.5976562   6.0071013e-20
  44837.1992188   6.0243002e-20
  44994.8007812   6.0418409e-20
  45152.3984375   6.0049907e-20
  45310.0000000   6.0664353e-20
  45467.5976562   5.8795966e-20
  45625.1992188   5.8902452e-20
  45782.8007812   5.7541417e-20
  45924.6406250   5.8834714e-20
  46082.2382812   5.8083240e-20
  46255.5976562   5.7270645e-20
  46413.1992188   5.6551566e-20
  46570.8007812   5.6585849e-20
  46728.3984375   5.7509079e-20
  46886.0000000   5.7472974e-20
  47043.5976562   5.8431967e-20
  47201.1992188   5.7471462e-20
  47358.8007812   5.5929869e-20
  47516.3984375   5.6612693e-20
  47674.0000000   5.5615120e-20
  47831.5976562   5.7053736e-20
  47989.1992188   5.6192822e-20
  48146.8007812   5.7427053e-20
  48304.3984375   5.6290145e-20
  48462.0000000   5.5392563e-20
  48619.5976562   5.6350497e-20
  48777.1992188   5.5931833e-20
  48934.8007812   5.4929368e-20
  49092.3984375   5.3442824e-20
  49250.0000000   5.4640643e-20
  49407.5976562   5.4705713e-20
  49565.1992188   5.5254553e-20
  49722.8007812   5.1341624e-20
  49880.3984375   5.2130728e-20
  50038.0000000   5.2120660e-20
  50195.5976562   5.3049493e-20
  50353.1992188   5.3005013e-20
  50589.5976562   5.3012464e-20
  50904.8007812   5.3027366e-20
  51220.0000000   5.1068166e-20
  51535.1992188   5.2957544e-20
  51850.3984375   5.2003133e-20
  52165.5976562   5.1007194e-20
  52480.8007812   4.9835160e-20
  52796.0000000   5.2149052e-20
  53111.1992188   4.9159971e-20
  53426.3984375   4.9900204e-20
  53741.5976562   4.8932509e-20
  54056.8007812   4.9113574e-20
  54372.0000000   4.7337424e-20
  54687.1992188   4.6675779e-20
  55002.3984375   4.6399249e-20
  55317.5976562   4.6613912e-20
  55632.8007812   4.4930328e-20
  55948.0000000   4.3525497e-20
  56263.1992188   4.4618455e-20
  56578.3984375   4.0669382e-20
  56893.5976562   4.1056299e-20
  57208.8007812   4.0875308e-20
  57524.0000000   3.8715617e-20
  57839.1992188   3.7793637e-20
  58154.3984375   3.9024775e-20
  58469.5976562   3.8806009e-20
  58784.8007812   3.7063323e-20
  59100.0000000   3.5743515e-20
  59415.1992188   3.5983239e-20
  59730.3984375   3.4849122e-20
  60045.5976562   3.6850858e-20
  60360.8007812   3.4840705e-20
  60676.0000000   3.5141137e-20
  60991.1992188   3.4957189e-20
  61306.3984375   3.2253918e-20
  61621.5976562   3.3005951e-20
  61936.8007812   3.2652851e-20
  62252.0000000   3.1888133e-20
  62567.1992188   3.0458247e-20
  62882.3984375   3.1418543e-20
  63197.5976562   3.0945269e-20
  63512.8007812   3.1589142e-20
  63828.0000000   3.0037141e-20
  64143.1992188   2.9250189e-20
  64458.3984375   2.8465847e-20
  64773.5976562   2.7990176e-20
  65088.8007812   2.7290149e-20
  65404.0000000   2.6780791e-20
  65719.1953125   2.8205137e-20
  66034.3984375   2.6532718e-20
  66349.6015625   2.6702339e-20
  66664.7968750   2.5899725e-20
  66980.0000000   2.6054769e-20
  67295.1953125   2.5628277e-20
  67610.3984375   2.4722508e-20
  67925.6015625   2.4765324e-20
  68240.7968750   2.4079764e-20
  68556.0000000   2.3327172e-20
  68871.1953125   2.3112410e-20
  69186.3984375   2.2409038e-20
  69501.6015625   2.1516549e-20
  69816.7968750   2.1559209e-20
  70132.0000000   2.1799618e-20
  70447.1953125   2.1510879e-20
  70762.3984375   2.1763936e-20
  71077.6015625   2.0701838e-20
  71392.7968750   2.0372093e-20
  71708.0000000   2.0430691e-20
  72023.1953125   1.9927691e-20
  72338.3984375   1.7720244e-20
  72653.6015625   1.9342292e-20
  72968.7968750   1.9755500e-20
  73284.0000000   1.6932348e-20
  73599.1953125   1.8979359e-20
  73914.3984375   1.7604122e-20
  74229.6015625   1.6094440e-20
  74544.7968750   1.7030794e-20
  74860.0000000   1.7033038e-20
  75175.1953125   1.4950551e-20
  75490.3984375   1.6626314e-20
  75805.6015625   1.5867324e-20
  76120.7968750   1.3969016e-20
  76436.0000000   1.4198985e-20
  76751.1953125   1.3906455e-20
  77066.3984375   1.3386246e-20
  77381.6015625   1.3106373e-20
  77696.7968750   1.3077049e-20
  78012.0000000   1.2577587e-20
  78327.1953125   1.1383097e-20
  78642.3984375   1.1252422e-20
  78957.6015625   1.1453655e-20
  79272.7968750   1.0900690e-20
  79588.0000000   1.1207689e-20
  79903.1953125   1.1206606e-20
  80218.3984375   1.1142855e-20
  80533.6015625   1.1233905e-20
  80848.7968750   1.1242839e-20
  81164.0000000   1.1452196e-20
  81479.1953125   1.1251732e-20
  81794.3984375   1.1264389e-20
  82109.6015625   1.1551709e-20
  82424.7968750   1.1265873e-20
  82740.0000000   1.1390649e-20
  83055.1953125   1.1655210e-20
  83370.3984375   1.1231883e-20
  83685.6015625   1.1464374e-20
  84000.7968750   1.1644055e-20
  84316.0000000   1.1279438e-20
  84631.1953125   1.0806691e-20
  84946.3984375   1.1020842e-20
  85261.6015625   1.1033384e-20
  85576.7968750   1.0831303e-20
  85892.0000000   1.1384448e-20
  86207.1953125   1.1114214e-20
  86522.3984375   1.1485540e-20
  86837.6015625   1.0988749e-20
  87152.7968750   1.0700287e-20
  87468.0000000   1.0783601e-20
  87783.1953125   1.0961419e-20
  88098.3984375   1.0993673e-20
  88413.6015625   1.0643763e-20
  88728.7968750   1.0432860e-20
  89044.0000000   1.0476112e-20
  89359.1953125   9.9728368e-21
  89674.3984375   9.1385605e-21
  89989.6015625   9.7312387e-21
  90304.7968750   9.8510813e-21
  90620.0000000   9.4840312e-21
  90935.1953125   9.2630157e-21
  91250.3984375   8.8847260e-21
  91565.6015625   9.1805973e-21
  91880.7968750   8.7536194e-21
  92196.0000000   8.3003673e-21
  92511.1953125   8.2179917e-21
  92826.3984375   7.9707665e-21
  93141.6015625   7.7535225e-21
  93456.7968750   7.6149237e-21
  93772.0000000   7.4913281e-21
  94087.1953125   7.3190322e-21
  94402.3984375   7.2441053e-21
  94717.6015625   7.1804391e-21
  95032.7968750   7.0867956e-21
  95348.0000000   6.9931448e-21
  95663.1953125   6.8732990e-21
  95978.3984375   6.8470570e-21
  96293.6015625   6.7946344e-21
  96608.7968750   6.7384382e-21
  96924.0000000   6.6934874e-21
  97239.1953125   6.5998443e-21
  97554.3984375   6.5249396e-21
  97869.6015625   6.4987146e-21
  98184.7968750   6.4125820e-21
  98500.0000000   6.3488859e-21
  98815.1953125   6.2739905e-21
  99130.3984375   6.2140449e-21
  99445.6015625   6.1428714e-21
  99760.7968750   6.0642246e-21
 100076.0000000   6.0192758e-21
 100391.1953125   5.9780718e-21
 100706.3984375   5.9481120e-21
 101179.1953125   5.8507212e-21
 101809.6015625   5.7346150e-21
 102440.0000000   5.6709249e-21
 103070.3984375   5.5697980e-21
 103700.7968750   5.4724218e-21
 104331.1953125   5.3862488e-21
 104961.6015625   5.3750241e-21
 105592.0000000   5.4499243e-21
 106222.3984375   5.2663916e-21
 106852.7968750   5.2851360e-21
 107483.1953125   5.3188299e-21
 108113.6015625   5.3974969e-21
 108744.0000000   5.2851360e-21
 109374.3984375   5.1877444e-21
 110004.7968750   4.9630069e-21
 110635.1953125   4.9892101e-21
 111265.6015625   4.8581121e-21
 111896.0000000   4.6109164e-21
 112526.3984375   4.6521062e-21
 113156.7968750   4.4872941e-21
 113787.1953125   4.4648253e-21
 114417.6015625   4.2363385e-21
 115048.0000000   4.1239728e-21
 115678.3984375   4.0378220e-21
 116308.7968750   3.8767512e-21
 116939.1953125   3.7321727e-21
 117569.6015625   3.6366600e-21
 118200.0000000   3.4834587e-21
 118830.3984375   3.4130409e-21
 119460.7968750   3.3445018e-21
 120091.1953125   3.2733401e-21
 120721.6015625   3.2062829e-21
 121352.0000000   3.1575964e-21
 121982.3984375   3.0946628e-21
 122612.7968750   3.0433510e-21
 123243.1953125   2.9924038e-21
 123873.6015625   2.9628236e-21
 124504.0000000   2.9204878e-21
 125134.3984375   2.8886482e-21
 125764.7968750   2.8403407e-21
 126395.1953125   2.8024986e-21
 127025.6015625   2.7755389e-21
 127656.0000000   2.7515684e-21
 128286.3984375   2.7347021e-21
 128916.7968750   2.7260923e-21
 129547.1953125   2.7264634e-21
 130177.6015625   2.6796441e-21
 130808.0000000   2.5871302e-21
 131438.3906250   2.5938653e-21
 132068.7968750   2.6009836e-21
 132699.2031250   2.5354330e-21
 133329.5937500   2.5463020e-21
 133960.0000000   2.5167063e-21
 134590.3906250   2.4972294e-21
 135220.7968750   2.3773664e-21
 135851.2031250   2.2545165e-21
 136481.5937500   2.2421540e-21
 137112.0000000   2.1020667e-21
 137742.3906250   2.0380147e-21
 138372.7968750   1.9889479e-21
 139003.2031250   1.9417534e-21
 139633.5937500   1.9260153e-21
 140264.0000000   1.8743281e-21
 140894.3906250   1.8278854e-21
 141524.7968750   1.8424895e-21
 142155.2031250   1.8005406e-21
 142785.5937500   1.7170107e-21
 143416.0000000   1.6522077e-21
 144046.3906250   1.5982725e-21
 144676.7968750   1.5555719e-21
 145307.2031250   1.5664381e-21
 145937.5937500   1.5420900e-21
 146568.0000000   1.5256063e-21
 147198.3906250   1.5027572e-21
 147828.7968750   1.4540646e-21
 148459.2031250   1.4338416e-21
 149089.5937500   1.4671763e-21
 149720.0000000   1.4308409e-21
 150350.3906250   1.4064988e-21
 150980.7968750   1.3832752e-21
 151611.2031250   1.3484372e-21
 152241.5937500   1.3495627e-21
 152872.0000000   1.3210973e-21
 153502.3906250   1.2993696e-21
 154132.7968750   1.2877573e-21
 154763.2031250   1.2604129e-21
 155393.5937500   1.2495550e-21
 156024.0000000   1.2083500e-21
 156654.3906250   1.1911206e-21
 157284.7968750   1.1828787e-21
 157915.2031250   1.1735182e-21
 158545.5937500   1.1532903e-21
 159176.0000000   1.1214532e-21
 159806.3906250   1.1098410e-21
 160436.7968750   1.1049678e-21
 161067.2031250   1.0933582e-21
 161697.5937500   1.0828687e-21
 162328.0000000   1.0678879e-21
 162958.3906250   1.0663882e-21
 163588.7968750   1.0484120e-21
 164219.2031250   1.0311826e-21
 164849.5937500   1.0146997e-21
 165480.0000000   1.0068336e-21
 166110.3906250   1.0053357e-21
 166740.7968750   9.8698318e-22
 167371.2031250   9.7087416e-22
 168001.5937500   9.5889034e-22
 168632.0000000   9.4315695e-22
 169262.3906250   9.3341960e-22
 169892.7968750   9.2180898e-22
 170523.2031250   9.1431761e-22
 171153.5937500   9.0570108e-22
 171784.0000000   9.0045779e-22
 172414.3906250   8.8659767e-22
 173044.7968750   8.7985602e-22
 173675.2031250   8.6749335e-22
 174305.5937500   8.7124272e-22
 174936.0000000   8.4614316e-22
 175566.3906250   8.5176197e-22
 176196.7968750   8.3116389e-22
 176827.2031250   8.2741613e-22
 177457.5937500   8.0943773e-22
 178088.0000000   8.0719060e-22
 178718.3906250   7.9407880e-22
 179348.7968750   7.8021994e-22
 179979.2031250   7.7235465e-22
 180609.5937500   7.6448816e-22
 181240.0000000   7.5212942e-22
 181870.3906250   7.4014272e-22
 182500.7968750   7.4238910e-22
 183131.2031250   7.3339946e-22
 183761.5937500   7.2890717e-22
 184392.0000000   7.2141342e-22
 185022.3906250   7.1392462e-22
 185652.7968750   7.0343598e-22
 186283.2031250   6.9294627e-22
 186913.5937500   6.8171118e-22
 187544.0000000   6.7272023e-22
 188174.3906250   6.6897556e-22
 188804.7968750   6.5886077e-22
 189435.2031250   6.4837475e-22
 190065.5937500   6.4313096e-22
 190696.0000000   6.3900914e-22
 191326.3906250   6.3526512e-22
 191956.7968750   6.2739908e-22
 192587.2031250   6.1728363e-22
 193217.5937500   6.0941810e-22
 193848.0000000   6.0230305e-22
 194478.3906250   5.9368632e-22
 195108.7968750   5.8244935e-22
 195739.2031250   5.7533335e-22
 196369.5937500   5.6896597e-22
 197000.0000000   5.6409679e-22
 197630.3906250   5.5473143e-22
 198260.7968750   5.4499479e-22
 198891.2031250   5.3750241e-22
 199521.5937500   5.3338246e-22
 200152.0000000   5.3001052e-22
 200782.3906250   5.2738908e-22
 201412.7968750   5.1914823e-22
 202358.3906250   5.0453988e-22
 203619.2031250   4.9105594e-22
 204880.0000000   4.8206626e-22
 206140.7968750   4.7120462e-22
 207401.5937500   4.5622101e-22
 208662.3906250   4.4386070e-22
 209923.2031250   4.3786824e-22
 211184.0000000   4.3000144e-22
 212444.7968750   4.2026306e-22
 213705.5937500   4.0865077e-22
 214966.3906250   4.0191034e-22
 216227.2031250   3.9366820e-22
 217488.0000000   3.8055968e-22
 218748.7968750   3.7171886e-22
 220009.5937500   3.6374106e-22
 221270.3906250   3.5707429e-22
 222531.2031250   3.4898288e-22
 223792.0000000   3.4254145e-22
 225052.7968750   3.3546082e-22
 226313.5937500   3.3010444e-22
 227574.3906250   3.2534757e-22
 228835.2031250   3.2025392e-22
 230096.0000000   3.1339990e-22
 231356.7968750   3.0643273e-22
 232617.5937500   2.9950335e-22
 233878.3906250   2.9358555e-22
 235139.2031250   2.9013880e-22
 236400.0000000   2.8455846e-22
 237660.7968750   2.7998781e-22
 238921.5937500   2.7129780e-22
 240182.3906250   2.6627860e-22
 241443.2031250   2.5893810e-22
 242704.0000000   2.5620286e-22
 243964.7968750   2.5242002e-22
 245225.5937500   2.4822489e-22
 246486.3906250   2.4256915e-22
 247747.2031250   2.3683831e-22
 249008.0000000   2.3297993e-22
 250268.7968750   2.3039542e-22
 251529.5937500   2.2620048e-22
 252790.3906250   2.2264245e-22
 254051.2031250   2.1777322e-22
 255312.0000000   2.1398939e-22
 256572.7968750   2.0964427e-22
 257833.5937500   2.0597364e-22
 259094.3906250   2.0076765e-22
 260355.2031250   1.9732174e-22
 261616.0000000   1.9410029e-22
 262876.7812500   1.9091635e-22
 264137.5937500   1.8863186e-22
 265398.4062500   1.8526080e-22
 266659.1875000   1.8192677e-22
 267920.0000000   1.7870534e-22
 269180.7812500   1.7642047e-22
 270441.5937500   1.7387364e-22
 271702.4062500   1.7106431e-22
 272963.1875000   1.6825528e-22
 274224.0000000   1.6548366e-22
 275484.7812500   1.6349777e-22
 276745.5937500   1.6185029e-22
 278006.4062500   1.6072614e-22
 279267.1875000   1.5847894e-22
 280528.0000000   1.5656886e-22
 281788.7812500   1.5364723e-22
 283049.5937500   1.5091264e-22
 284310.4062500   1.4900209e-22
 285571.1875000   1.4559368e-22
 286832.0000000   1.4285930e-22
 288092.7812500   1.3997510e-22
 289353.5937500   1.3776551e-22
 290614.4062500   1.3652953e-22
 291875.1875000   1.3622945e-22
 293136.0000000   1.3480641e-22
 294396.7812500   1.3169727e-22
 295657.5937500   1.2918813e-22
 296918.4062500   1.2679081e-22
 298179.1875000   1.2503015e-22
 299440.0000000   1.2458070e-22
 300700.7812500   1.2304512e-22
 301961.5937500   1.2087269e-22
 303222.4062500   1.1944890e-22
 304483.1875000   1.1697720e-22
 305744.0000000   1.1454209e-22
 307004.7812500   1.1405516e-22
 308265.5937500   1.1308157e-22
 309526.4062500   1.1147113e-22
 310787.1875000   1.1057202e-22
 312048.0000000   1.0944824e-22
 313308.7812500   1.0716325e-22
 314569.5937500   1.0469121e-22
 315830.4062500   1.0255641e-22
 630400.0000000   4.9218085e-24
1260800.0000000   3.1564733e-25
1891200.0000000   6.2627310e-26
2521600.0000000   1.9825816e-26
3152000.0000000   8.1130978e-27
3782400.0000000   3.9067304e-27
4412800.0000000   2.1043113e-27
5043200.0000000   1.2311972e-27
