    342.7059937   2.0159061e-23
    354.0039978   2.3070469e-23
    361.5360107   2.4670383e-23
    369.0679932   1.3822334e-22
    376.6000061   3.8251421e-22
    384.1319885   4.1508917e-22
    391.6640015   3.9415850e-22
    399.1960144   4.0066334e-22
    406.7279968   4.0884719e-22
    414.2600098   4.6707447e-22
    429.3240051   4.8459536e-22
    444.3880005   4.7058923e-22
    455.6860046   5.9643155e-22
    470.7500000   6.1898969e-22
    478.2820129   6.3210205e-22
    482.0480042   6.4206825e-22
    493.3460083   6.1951183e-22
    497.1119995   6.4102009e-22
    504.6440125   6.1216879e-22
    515.9420166   6.8088662e-22
    527.2399902   6.8246137e-22
    538.5380249   8.6238577e-22
    553.6019897   1.0732642e-21
    568.6660156   9.6048119e-22
    583.7299805   1.0842794e-21
    598.7940063   1.0884733e-21
    610.0919800   1.0900472e-21
    625.1560059   1.0968664e-21
    640.2200317   1.0958216e-21
    651.5180054   9.0068104e-22
    666.5820312   1.1042131e-21
    677.8800049   1.1057855e-21
    685.4119873   1.1057855e-21
    700.4760132   1.1073600e-21
    719.3060303   1.1089321e-21
    730.6040039   1.1152276e-21
    745.6680298   1.1126054e-21
    760.7319946   1.1162762e-21
    772.0300293   1.1152276e-21
    790.8599854   1.0811316e-21
    813.4559937   1.1141800e-21
    828.5200195   1.1183765e-21
    839.8179932   1.1047370e-21
    854.8820190   1.1209975e-21
    866.1799927   1.4037368e-21
    881.2440186   2.0993123e-21
    903.8400269   2.2876348e-21
    926.4360352   2.0628546e-21
    949.0319824   2.0319056e-21
    967.8619995   1.8007338e-21
    979.1600342   1.8466734e-21
    994.2239990   2.2498719e-21
   1013.0540161   2.2256173e-21
   1031.8840332   2.1749264e-21
   1050.7139893   1.8122138e-21
   1069.5440674   2.0722163e-21
   1092.1400146   2.0593243e-21
   1114.7359619   1.8185683e-21
   1133.5660400   1.6068268e-21
   1159.9279785   1.6490069e-21
   1197.5880127   1.5182634e-21
   1235.2480469   1.4638195e-21
   1272.9079590   1.2976270e-21
   1310.5679932   1.1527811e-21
   1344.4620361   1.4621297e-21
   1378.3559570   2.1048513e-21
   1412.2500000   1.9633235e-21
   1449.9100342   1.4710375e-21
   1487.5700684   2.0666088e-21
   1525.2299805   2.4235667e-21
   1559.1240234   2.2959989e-21
   1589.2519531   1.9981537e-21
   1619.3800049   1.8330177e-21
   1660.8060303   2.0308348e-21
   1698.4660645   1.9772811e-21
   1732.3599854   1.6702461e-21
   1770.0200195   1.6326774e-21
   1807.6800537   1.7645723e-21
   1845.3399658   1.4381960e-21
   1883.0000000   1.7162752e-21
   1905.5960693   1.4484331e-21
   1928.1920166   2.2415381e-21
   1958.3200684   2.0805420e-21
   1995.9799805   1.8663638e-21
   2033.6400146   1.4953733e-21
   2071.3000488   1.4181189e-21
   2108.9599609   1.8290932e-21
   2146.6201172   2.0149413e-21
   2184.2800293   1.9405463e-21
   2221.9399414   1.9520430e-21
   2259.6000977   1.6228051e-21
   2297.2600098   1.5663380e-21
   2334.9199219   1.9866645e-21
   2372.5800781   1.8710008e-21
   2410.2399902   2.0739553e-21
   2447.8999023   2.0106364e-21
   2478.0280762   1.8601856e-21
   2504.3901367   2.1245872e-21
   2542.0500488   2.2764398e-21
   2579.7099609   1.9901838e-21
   2617.3701172   2.3748248e-21
   2655.0300293   1.9736632e-21
   2696.4560547   2.6313908e-21
   2734.1159668   2.7690548e-21
   2768.0100098   2.8924242e-21
   2805.6699219   2.9340694e-21
   2843.3300781   3.0737414e-21
   2880.9899902   2.9240356e-21
   2918.6501465   3.4796427e-21
   2956.3100586   3.4136472e-21
   2993.9699707   3.9602209e-21
   3031.6301270   4.4703078e-21
   3069.2900391   5.0728935e-21
   3106.9499512   5.8518117e-21
   3144.6101074   5.3034919e-21
   3182.2700195   7.5140117e-21
   3219.9299316   8.5280035e-21
   3257.5900879   1.0275228e-20
   3295.2500000   1.2066130e-20
   3332.9099121   1.4224791e-20
   3370.5700684   1.6888639e-20
   3408.2299805   1.9743396e-20
   3445.8901367   2.2928248e-20
   3483.5500488   7.2655306e-20
   3521.2099609   1.2968920e-19
   3558.8701172   1.8716337e-19
   3596.5300293   2.3984714e-19
   3634.1899414   2.6163294e-19
   3671.8500977   1.1869036e-19
   3709.5100098   2.3864406e-19
   3747.1699219   2.3509155e-19
   3784.8300781   2.9867768e-19
   3822.4899902   3.1132219e-19
   3860.1501465   2.2170420e-19
   3897.8100586   3.3369523e-19
   3935.4699707   4.6208584e-19
   3973.1301270   4.4984320e-19
   4010.7900391   3.8364813e-19
   4048.4499512   4.2594614e-19
   4086.1101074   3.7604298e-19
   4123.7700195   4.4422236e-19
   4161.4301758   4.2548248e-19
   4199.0898438   4.1743101e-19
   4236.7500000   3.6942806e-19
   4274.4101562   4.4290352e-19
   4312.0698242   4.2224711e-19
   4349.7299805   4.2708506e-19
   4387.3901367   4.2345425e-19
   4425.0498047   2.8985280e-19
   4462.7099609   4.0877539e-19
   4500.3701172   3.5154018e-19
   4538.0302734   2.9941185e-19
   4575.6899414   2.4450986e-19
   4613.3500977   4.9188145e-19
   4651.0102539   5.9721789e-19
   4688.6699219   6.1758850e-19
   4726.3300781   6.0381920e-19
   4763.9902344   5.8572887e-19
   4801.6499023   6.7465947e-19
   4839.3100586   6.9160979e-19
   4876.9702148   5.9663586e-19
   4914.6298828   6.0775405e-19
   4952.2900391   6.9660617e-19
   4989.9501953   6.6994123e-19
   5027.6098633   6.3277146e-19
   5065.2700195   6.9170704e-19
   5102.9301758   6.7984677e-19
   5140.5898438   6.3608152e-19
   5178.2500000   6.3894021e-19
   5215.9101562   6.3745748e-19
   5253.5698242   4.8987218e-19
   5291.2299805   4.8505530e-19
   5328.8901367   6.0784483e-19
   5366.5498047   5.9664636e-19
   5404.2099609   6.2223043e-19
   5430.5722656   6.3476713e-19
   5449.4018555   6.3585534e-19
   5479.5302734   6.1875054e-19
   5517.1899414   5.8919641e-19
   5554.8500977   6.0047388e-19
   5592.5102539   6.0895636e-19
   5630.1699219   6.0750590e-19
   5667.8300781   5.7731375e-19
   5694.1918945   5.3201719e-19
   5713.0219727   5.5234282e-19
   5743.1499023   5.4933090e-19
   5780.8100586   4.7671742e-19
   5818.4702148   4.3968051e-19
   5856.1298828   4.3657874e-19
   5893.7900391   4.8178995e-19
   5931.4501953   5.1021410e-19
   5969.1098633   5.2109313e-19
   6006.7700195   5.2359597e-19
   6044.4301758   5.1450520e-19
   6082.0898438   5.0922464e-19
   6119.7500000   5.0101011e-19
   6157.4101562   5.2647368e-19
   6195.0698242   5.2850301e-19
   6232.7299805   5.1793309e-19
   6270.3901367   5.3791431e-19
   6296.7519531   5.0175220e-19
   6315.5820312   5.5649429e-19
   6345.7099609   5.5392915e-19
   6383.3701172   5.2955090e-19
   6421.0302734   5.1639547e-19
   6458.6899414   4.8889212e-19
   6496.3500977   4.8163129e-19
   6534.0102539   5.0585657e-19
   6571.6699219   4.9628200e-19
   6609.3300781   5.0793811e-19
   6646.9902344   4.9007660e-19
   6684.6499023   4.8045240e-19
   6722.3100586   4.9274198e-19
   6759.9702148   5.0572773e-19
   6797.6298828   5.0861444e-19
   6835.2900391   4.7043633e-19
   6872.9501953   4.8178995e-19
   6910.6098633   4.7070294e-19
   6948.2700195   4.3951833e-19
   6985.9301758   4.3831355e-19
   7023.5898438   4.4499758e-19
   7061.2500000   4.6549356e-19
   7098.9101562   4.2723514e-19
   7136.5698242   4.0757973e-19
   7174.2299805   4.3446514e-19
   7211.8901367   4.1218981e-19
   7249.5502930   3.9621866e-19
   7287.2099609   4.1858759e-19
   7324.8701172   4.2569555e-19
   7362.5302734   3.9083165e-19
   7407.7221680   4.2166708e-19
   7441.6162109   4.3381115e-19
   7471.7441406   4.1121705e-19
   7513.1699219   4.0182816e-19
   7550.8300781   4.1518397e-19
   7588.4902344   4.0671605e-19
   7626.1499023   4.2047245e-19
   7663.8100586   3.9246572e-19
   7701.4702148   3.9954928e-19
   7739.1298828   3.6009390e-19
   7776.7900391   3.7473890e-19
   7810.6840820   4.0936468e-19
   7825.7480469   3.8101358e-19
   7852.1098633   3.9476489e-19
   7889.7700195   3.7543241e-19
   7927.4301758   3.8312113e-19
   7965.0898438   3.8663699e-19
   8002.7500000   3.8805064e-19
   8040.4101562   3.7678858e-19
   8078.0703125   3.6937942e-19
   8115.7299805   3.8112238e-19
   8153.3901367   3.7355582e-19
   8191.0502930   3.7236174e-19
   8228.7099609   3.6221774e-19
   8266.3701172   3.7208709e-19
   8304.0302734   3.6720714e-19
   8341.6904297   3.5794638e-19
   8379.3496094   3.5045955e-19
   8417.0097656   3.5615404e-19
   8454.6699219   3.5185836e-19
   8492.3300781   3.4251352e-19
   8529.9902344   3.4880733e-19
   8567.6503906   3.5063351e-19
   8605.3105469   3.5145682e-19
   8642.9697266   3.3267237e-19
   8680.6298828   3.3770985e-19
   8718.2900391   3.2892560e-19
   8755.9501953   2.8574874e-19
   8793.6103516   3.1717375e-19
   8831.2705078   3.1614184e-19
   8868.9296875   3.1903322e-19
   8906.5898438   3.1051244e-19
   8944.2500000   3.0842616e-19
   8981.9101562   2.9851247e-19
   9019.5703125   3.0535455e-19
   9057.2304688   2.9743414e-19
   9094.8896484   2.9809847e-19
   9132.5498047   3.0088033e-19
   9170.2099609   2.9139849e-19
   9207.8701172   2.9681301e-19
   9245.5302734   2.9329103e-19
   9283.1904297   2.9022857e-19
   9320.8496094   2.8436161e-19
   9358.5097656   2.8502930e-19
   9396.1699219   2.4831590e-19
   9433.8300781   2.8069381e-19
   9463.9580078   2.6642766e-19
   9482.7880859   2.7687873e-19
   9509.1503906   2.7162737e-19
   9546.8105469   2.7127331e-19
   9584.4697266   2.6497834e-19
   9622.1298828   2.6977157e-19
   9659.7900391   2.6703445e-19
   9697.4501953   2.7122565e-19
   9735.1103516   2.6879234e-19
   9772.7705078   2.6642180e-19
   9810.4296875   2.6214936e-19
   9848.0898438   2.5917639e-19
   9885.7500000   2.6006804e-19
   9923.4101562   2.5988079e-19
   9961.0703125   2.6321420e-19
   9998.7304688   2.6206418e-19
  10036.3896484   2.5227199e-19
  10074.0498047   2.5469331e-19
  10111.7099609   2.5365628e-19
  10149.3701172   2.4730482e-19
  10187.0302734   2.4655436e-19
  10224.6904297   2.4317228e-19
  10262.3496094   2.4280305e-19
  10300.0097656   2.4379572e-19
  10337.6699219   2.3444198e-19
  10375.3300781   2.3355202e-19
  10412.9902344   2.3396680e-19
  10450.6503906   2.3701881e-19
  10488.3105469   2.3389897e-19
  10525.9697266   2.1827058e-19
  10563.6298828   2.2369060e-19
  10601.2900391   2.3032301e-19
  10638.9501953   2.2826168e-19
  10676.6103516   2.2001645e-19
  10714.2705078   2.1933917e-19
  10751.9296875   2.1765603e-19
  10789.5898438   2.1976051e-19
  10827.2500000   2.1675741e-19
  10864.9101562   2.1579333e-19
  10902.5703125   2.1326831e-19
  10959.0605469   2.1376343e-19
  11034.3798828   2.1045925e-19
  11109.7001953   2.0631989e-19
  11185.0205078   2.0496158e-19
  11260.3398438   2.0216957e-19
  11335.6601562   1.9939545e-19
  11410.9804688   1.9823329e-19
  11486.2998047   1.9585095e-19
  11561.6201172   1.9335706e-19
  11636.9404297   1.9011348e-19
  11712.2597656   1.8801605e-19
  11787.5800781   1.8467625e-19
  11862.9003906   1.8282421e-19
  11938.2197266   1.7929764e-19
  12013.5400391   1.7489181e-19
  12088.8603516   1.7353830e-19
  12164.1796875   1.7057775e-19
  12239.5000000   1.6882927e-19
  12314.8203125   1.6605111e-19
  12390.1396484   1.6359433e-19
  12465.4599609   1.6128506e-19
  12540.7802734   1.5818162e-19
  12616.1005859   1.5504664e-19
  12691.4199219   1.5239083e-19
  12766.7402344   1.5025884e-19
  12842.0605469   1.4823806e-19
  12917.3798828   1.4493240e-19
  12992.7001953   1.4273666e-19
  13068.0205078   1.4091168e-19
  13143.3398438   1.3884269e-19
  13218.6601562   1.3726812e-19
  13293.9804688   1.3520867e-19
  13369.2998047   1.3343832e-19
  13444.6201172   1.3080981e-19
  13519.9404297   1.2805860e-19
  13595.2597656   1.2652405e-19
  13670.5800781   1.2512488e-19
  13708.2402344   1.2452842e-19
  13745.9003906   1.2440161e-19
  13821.2197266   1.2206844e-19
  13896.5400391   1.1659686e-19
  13971.8603516   1.1922586e-19
  14047.1796875   1.1804263e-19
  14122.5000000   1.3043061e-19
  14197.8203125   1.3106802e-19
  14273.1396484   1.4013468e-19
  14348.4599609   1.4873890e-19
  14423.7802734   1.2939621e-19
  14499.1005859   1.5088112e-19
  14574.4199219   1.5397446e-19
  14649.7402344   1.2213708e-19
  14725.0605469   1.5324857e-19
  14800.3798828   1.4629967e-19
  14875.7001953   1.4771166e-19
  14951.0205078   1.1273814e-19
  15026.3398438   1.4563489e-19
  15101.6601562   1.4866900e-19
  15176.9804688   1.4471169e-19
  15252.2998047   1.4575006e-19
  15327.6201172   1.4092963e-19
  15402.9404297   1.3090463e-19
  15478.2597656   1.1444526e-19
  15553.5800781   1.3480845e-19
  15628.9003906   1.3586166e-19
  15704.2197266   1.3492454e-19
  15779.5400391   1.3401683e-19
  15854.8603516   1.3310353e-19
  15930.1796875   1.3123736e-19
  16005.5000000   1.2971826e-19
  16080.8203125   1.2620826e-19
  16156.1406250   1.2564472e-19
  16231.4599609   1.2133191e-19
  16306.7802734   1.1157224e-19
  16382.1005859   1.0199290e-19
  16457.4199219   1.1990220e-19
  16532.7402344   1.1792863e-19
  16608.0605469   1.1812352e-19
  16683.3808594   1.1763430e-19
  16758.6992188   1.1708898e-19
  16834.0195312   1.1420274e-19
  16909.3398438   1.1478856e-19
  16984.6601562   1.1597177e-19
  17059.9804688   1.1273020e-19
  17135.3007812   1.1141262e-19
  17210.6210938   1.1216820e-19
  17285.9394531   1.0977098e-19
  17361.2597656   1.0922084e-19
  17436.5800781   1.0703551e-19
  17511.9003906   1.0586674e-19
  17587.2207031   1.0594814e-19
  17662.5410156   1.0448701e-19
  17737.8593750   1.0175309e-19
  17813.1796875   1.0275859e-19
  17888.5000000   1.0235638e-19
  17963.8203125   1.0190335e-19
  18039.1406250   1.0041065e-19
  18114.4609375   9.8627019e-20
  18189.7792969   9.7498654e-20
  18265.0996094   8.9172668e-20
  18340.4199219   7.9117014e-20
  18415.7402344   9.3935975e-20
  18491.0605469   9.3973934e-20
  18566.3808594   9.1820667e-20
  18641.6992188   9.2899634e-20
  18717.0195312   9.1642190e-20
  18792.3398438   8.9328682e-20
  18867.6601562   8.6146970e-20
  18942.9804688   8.7552512e-20
  19018.3007812   8.6179890e-20
  19093.6210938   8.7250035e-20
  19168.9394531   8.5341865e-20
  19244.2597656   8.4870159e-20
  19319.5800781   8.3192507e-20
  19394.9003906   8.1749905e-20
  19470.2207031   8.0013310e-20
  19545.5410156   7.9818871e-20
  19620.8593750   7.9526340e-20
  19696.1796875   7.9765602e-20
  19771.5000000   7.9955698e-20
  19846.8203125   7.7229169e-20
  19922.1406250   7.9069077e-20
  19997.4609375   7.9061781e-20
  20072.7792969   7.6565220e-20
  20148.0996094   7.7480916e-20
  20223.4199219   7.7028306e-20
  20298.7402344   7.5645060e-20
  20374.0605469   7.4698229e-20
  20449.3808594   7.4287966e-20
  20524.6992188   7.4317997e-20
  20600.0195312   7.2823973e-20
  20675.3398438   7.2309913e-20
  20750.6601562   7.1646074e-20
  20825.9804688   7.1769214e-20
  20901.3007812   7.1644821e-20
  20976.6210938   7.0877746e-20
  21051.9394531   6.9663064e-20
  21127.2597656   6.9831234e-20
  21202.5800781   6.8810137e-20
  21277.9003906   6.8331911e-20
  21353.2207031   6.7454989e-20
  21428.5410156   6.7768252e-20
  21503.8593750   6.6788773e-20
  21579.1796875   6.8046507e-20
  21654.5000000   6.6416406e-20
  21729.8203125   6.6477986e-20
  21805.1406250   6.5092103e-20
  21880.4609375   6.5600935e-20
  21955.7792969   6.5811013e-20
  22031.0996094   6.4568782e-20
  22106.4199219   6.3323849e-20
  22181.7402344   6.1424519e-20
  22257.0605469   6.2733416e-20
  22332.3808594   6.2436840e-20
  22407.6992188   6.1837295e-20
  22483.0195312   6.2092015e-20
  22558.3398438   6.1087159e-20
  22633.6601562   6.0685789e-20
  22708.9804688   6.0988783e-20
  22784.3007812   6.0989584e-20
  22859.6210938   6.0787422e-20
  22934.9394531   5.9472089e-20
  23010.2597656   5.9216936e-20
  23085.5800781   5.7644220e-20
  23160.9003906   5.7386573e-20
  23236.2207031   5.6265536e-20
  23311.5410156   5.6767415e-20
  23386.8593750   5.6100462e-20
  23462.1796875   5.4873294e-20
  23537.5000000   5.3643513e-20
  23612.8203125   5.4754613e-20
  23688.1406250   5.5102475e-20
  23763.4609375   5.4277440e-20
  23838.7792969   5.4573596e-20
  23914.0996094   5.4001624e-20
  23989.4199219   5.3735236e-20
  24064.7402344   5.4082083e-20
  24140.0605469   5.3507512e-20
  24215.3808594   5.3444101e-20
  24290.7011719   5.3124205e-20
  24366.0195312   5.2957182e-20
  24441.3398438   5.1968304e-20
  24516.6601562   5.2365111e-20
  24591.9804688   5.1785125e-20
  24667.3007812   4.9752810e-20
  24742.6210938   4.5121833e-20
  24817.9394531   5.0538580e-20
  24893.2597656   5.1011776e-20
  24968.5800781   5.0572107e-20
  25043.9003906   5.0126105e-20
  25119.2207031   4.9111296e-20
  25194.5410156   4.9299309e-20
  25269.8593750   4.8250993e-20
  25345.1796875   4.8583345e-20
  25420.5000000   4.7890193e-20
  25495.8203125   4.7931856e-20
  25571.1406250   4.7371829e-20
  25646.4609375   4.7444078e-20
  25721.7792969   4.7500785e-20
  25797.0996094   4.6860522e-20
  25872.4199219   4.7108963e-20
  25947.7402344   4.7414710e-20
  26023.0605469   4.7178947e-20
  26098.3808594   4.6682225e-20
  26173.7011719   4.6205336e-20
  26249.0195312   4.6380182e-20
  26324.3398438   4.6032766e-20
  26399.6601562   4.5434033e-20
  26474.9804688   4.5550513e-20
  26550.3007812   4.5227583e-20
  26625.6210938   4.3904566e-20
  26700.9394531   4.3134710e-20
  26776.2597656   4.1887260e-20
  26851.5800781   4.1209388e-20
  26926.9003906   4.1312318e-20
  27002.2207031   4.1451895e-20
  27077.5410156   4.1066296e-20
  27152.8593750   4.1746949e-20
  27228.1796875   4.1965519e-20
  27303.5000000   4.2184121e-20
  27378.8203125   4.2113406e-20
  27454.1406250   4.1631603e-20
  27529.4609375   4.2224158e-20
  27604.7792969   4.2173933e-20
  27680.0996094   4.2218591e-20
  27755.4199219   4.2732897e-20
  27830.7402344   4.2117109e-20
  27906.0605469   4.1934199e-20
  27981.3808594   4.2041522e-20
  28056.7011719   4.1985058e-20
  28132.0195312   4.1869973e-20
  28207.3398438   4.1601262e-20
  28282.6601562   4.1792997e-20
  28357.9804688   4.1974182e-20
  28433.3007812   4.1964414e-20
  28508.6210938   4.1630873e-20
  28583.9394531   4.1121704e-20
  28659.2597656   4.0776411e-20
  28734.5800781   4.0478616e-20
  28809.9003906   4.0105768e-20
  28885.2207031   3.9125931e-20
  28960.5410156   3.9513261e-20
  29035.8593750   3.8968673e-20
  29111.1796875   3.8849739e-20
  29186.5000000   3.8629244e-20
  29261.8203125   3.8669808e-20
  29337.1406250   3.8843768e-20
  29412.4609375   3.8734910e-20
  29487.7792969   3.8572282e-20
  29563.0996094   3.8035322e-20
  29638.4199219   3.8026966e-20
  29713.7402344   3.7077066e-20
  29789.0605469   3.6511500e-20
  29864.3808594   3.6598516e-20
  29939.7011719   3.6230369e-20
  30015.0195312   3.6901458e-20
  30090.3398438   3.6747334e-20
  30165.6601562   3.6925614e-20
  30240.9804688   3.6824879e-20
  30316.3007812   3.6584208e-20
  30391.6210938   3.6305707e-20
  30466.9394531   3.5704204e-20
  30542.2597656   3.5510915e-20
  30617.5800781   3.5866080e-20
  30692.9003906   3.5785523e-20
  30768.2207031   3.5817912e-20
  30843.5410156   3.5338380e-20
  30918.8593750   3.5122380e-20
  30994.1796875   3.5283790e-20
  31069.5000000   3.5288594e-20
  31144.8203125   3.5401443e-20
  31220.1406250   3.5082300e-20
  31295.4609375   3.4173823e-20
  31370.7792969   3.4156417e-20
  31446.0996094   3.4025260e-20
  31521.4199219   3.4094068e-20
  31596.7402344   3.3556756e-20
  31672.0605469   3.4085535e-20
  31747.3808594   3.3460949e-20
  31822.7011719   3.3269285e-20
  31898.0195312   3.3034001e-20
  31973.3398438   3.3530532e-20
  32048.6601562   3.1955066e-20
  32123.9804688   3.3390338e-20
  32199.3007812   3.0868500e-20
  32274.6210938   3.4021076e-20
  32349.9394531   3.2828630e-20
  32425.2597656   3.2798655e-20
  32500.5800781   3.4128225e-20
  32575.9003906   3.3554546e-20
  32651.2207031   3.0323898e-20
  32726.5410156   3.3097025e-20
  32801.8593750   3.3916499e-20
  32877.1796875   3.3548649e-20
  32952.5000000   3.1544836e-20
  33027.8203125   3.3215412e-20
  33103.1406250   3.3714076e-20
  33178.4609375   3.3225186e-20
  33253.7812500   3.3248980e-20
  33329.1015625   3.2622814e-20
  33404.4218750   3.0925084e-20
  33479.7421875   3.2910625e-20
  33555.0585938   3.3366298e-20
  33630.3789062   3.2793611e-20
  33705.6992188   3.2784250e-20
  33781.0195312   3.2698120e-20
  33856.3398438   3.2316224e-20
  33931.6601562   3.0246224e-20
  34006.9804688   3.1419709e-20
  34082.3007812   3.2747412e-20
  34157.6210938   3.2359257e-20
  34232.9414062   3.1542620e-20
  34308.2617188   3.1642101e-20
  34383.5820312   3.2016171e-20
  34458.8984375   3.1736742e-20
  34534.2187500   3.1352717e-20
  34609.5390625   3.1193669e-20
  34684.8593750   2.9956575e-20
  34760.1796875   2.8371794e-20
  34835.5000000   2.9570834e-20
  34910.8203125   3.0143053e-20
  34986.1406250   3.0258448e-20
  35061.4609375   3.0401376e-20
  35136.7812500   3.0208122e-20
  35212.1015625   3.0152717e-20
  35287.4218750   2.9766149e-20
  35362.7421875   2.9897955e-20
  35438.0585938   2.9223923e-20
  35513.3789062   2.9753082e-20
  35588.6992188   2.9266309e-20
  35664.0195312   2.9530603e-20
  35739.3398438   2.9485373e-20
  35814.6601562   2.9064186e-20
  35889.9804688   2.8720192e-20
  35965.3007812   2.7036935e-20
  36040.6210938   2.8396477e-20
  36115.9414062   2.9053721e-20
  36191.2617188   2.8742274e-20
  36266.5820312   2.8690944e-20
  36341.8984375   2.8451155e-20
  36417.2187500   2.8283092e-20
  36492.5390625   2.8530984e-20
  36567.8593750   2.8357218e-20
  36643.1796875   2.8233448e-20
  36718.5000000   2.8026146e-20
  36793.8203125   2.8035258e-20
  36869.1406250   2.7683254e-20
  36944.4609375   2.8108983e-20
  37019.7812500   2.7873447e-20
  37095.1015625   2.7971303e-20
  37170.4218750   2.7780079e-20
  37245.7421875   2.7666477e-20
  37321.0585938   2.7513804e-20
  37396.3789062   2.7550320e-20
  37471.6992188   2.7486630e-20
  37547.0195312   2.7439587e-20
  37622.3398438   2.7258700e-20
  37754.1484375   2.6640541e-20
  37942.4492188   2.6066608e-20
  38130.7500000   2.6575336e-20
  38319.0507812   2.6296692e-20
  38507.3515625   2.6196521e-20
  38695.6484375   2.6089743e-20
  38883.9492188   2.5646454e-20
  39072.2500000   2.5393159e-20
  39260.5507812   2.5312656e-20
  39448.8515625   2.5002410e-20
  39637.1484375   2.4876342e-20
  39825.4492188   2.4570148e-20
  40013.7500000   2.4375181e-20
  40202.0507812   2.3903636e-20
  40390.3515625   2.3798884e-20
  40578.6484375   2.3556905e-20
  40766.9492188   2.3072392e-20
  40955.2500000   2.2705786e-20
  41143.5507812   2.1851323e-20
  41331.8515625   2.1731694e-20
  41520.1484375   2.1634560e-20
  41708.4492188   2.1423805e-20
  41896.7500000   2.1285845e-20
  42085.0507812   2.1124917e-20
  42273.3515625   2.1020522e-20
  42461.6484375   2.0768264e-20
  42649.9492188   2.0663455e-20
  42838.2500000   2.0547170e-20
  43026.5507812   2.0372402e-20
  43214.8515625   2.0472405e-20
  43403.1484375   2.0371505e-20
  43591.4492188   2.0140476e-20
  43779.7500000   1.9890655e-20
  43968.0507812   1.9800620e-20
  44156.3515625   1.9870573e-20
  44344.6484375   1.9591459e-20
  44532.9492188   1.9443682e-20
  44721.2500000   1.9152474e-20
  44909.5507812   1.9325432e-20
  45097.8515625   1.8786252e-20
  45286.1484375   1.8964398e-20
  45474.4492188   1.8746774e-20
  45662.7500000   1.8659949e-20
  45851.0507812   1.8624745e-20
  46039.3515625   1.8458301e-20
  46227.6523438   1.8307730e-20
  46415.9492188   1.8139657e-20
  46604.2500000   1.8046449e-20
  46792.5507812   1.7872216e-20
  46980.8515625   1.7778742e-20
  47169.1523438   1.7563691e-20
  47357.4492188   1.7475667e-20
  47545.7500000   1.7363818e-20
  47734.0507812   1.7176552e-20
  47922.3515625   1.7122324e-20
  48110.6523438   1.7015874e-20
  48298.9492188   1.6265796e-20
  48487.2500000   1.6680761e-20
  48675.5507812   1.6497891e-20
  48863.8515625   1.6570798e-20
  49052.1523438   1.6347008e-20
  49240.4492188   1.6367625e-20
  49428.7500000   1.6120220e-20
  49617.0507812   1.6047041e-20
  49805.3515625   1.5997151e-20
  49993.6523438   1.5766145e-20
  50181.9492188   1.5797544e-20
  50370.2500000   1.5630326e-20
  50558.5507812   1.5644268e-20
  50746.8515625   1.5523401e-20
  50935.1523438   1.5437533e-20
  51123.4492188   1.5211333e-20
  51311.7500000   1.5136895e-20
  51500.0507812   1.5109197e-20
  51688.3515625   1.5069701e-20
  51876.6523438   1.4971607e-20
  52064.9492188   1.4925715e-20
  52253.2500000   1.4756705e-20
  52441.5507812   1.4576351e-20
  52629.8515625   1.4530140e-20
  52818.1523438   1.4278619e-20
  53006.4492188   1.4214611e-20
  53194.7500000   1.3939197e-20
  53383.0507812   1.3892687e-20
  53571.3515625   1.3698686e-20
  53759.6523438   1.3528471e-20
  53947.9492188   1.3664016e-20
  54136.2500000   1.3669778e-20
  54324.5507812   1.3345827e-20
  54512.8515625   1.3510895e-20
  54701.1523438   1.3345709e-20
  54870.6210938   1.3380335e-20
  55058.9218750   1.3238123e-20
  55266.0507812   1.3191460e-20
  55454.3515625   1.3007708e-20
  55642.6523438   1.3036762e-20
  55830.9492188   1.3012737e-20
  56019.2500000   1.2940927e-20
  56207.5507812   1.3105996e-20
  56395.8515625   1.2969148e-20
  56584.1523438   1.2915434e-20
  56772.4492188   1.2807942e-20
  56960.7500000   1.2907666e-20
  57149.0507812   1.2918611e-20
  57337.3515625   1.2882125e-20
  57525.6523438   1.2875280e-20
  57713.9492188   1.2785404e-20
  57902.2500000   1.2861547e-20
  58090.5507812   1.2788943e-20
  58278.8515625   1.2799450e-20
  58467.1523438   1.2655906e-20
  58655.4492188   1.2132073e-20
  58843.7500000   1.2290493e-20
  59032.0507812   1.2235828e-20
  59220.3515625   1.2407095e-20
  59408.6523438   1.1703089e-20
  59596.9492188   1.1624304e-20
  59785.2500000   1.1556603e-20
  59973.5507812   1.1936312e-20
  60161.8515625   1.1594579e-20
  60444.3007812   1.1708281e-20
  60820.9023438   1.1799391e-20
  61197.5000000   1.1521230e-20
  61574.1015625   1.1731752e-20
  61950.6992188   1.1237974e-20
  62327.3007812   1.1436637e-20
  62703.9023438   1.1180671e-20
  63080.5000000   1.1074087e-20
  63457.1015625   1.0799594e-20
  63833.6992188   1.0847843e-20
  64210.3007812   1.0626828e-20
  64586.9023438   1.0512958e-20
  64963.5000000   1.0297454e-20
  65340.1015625   1.0008881e-20
  65716.7031250   9.9785964e-21
  66093.2968750   9.8339391e-21
  66469.8984375   9.6951683e-21
  66846.5000000   9.5079872e-21
  67223.1015625   9.4231002e-21
  67599.7031250   9.2530314e-21
  67976.2968750   9.0652654e-21
  68352.8984375   8.8827533e-21
  68729.5000000   8.7665239e-21
  69106.1015625   8.6265479e-21
  69482.7031250   8.4555784e-21
  69859.2968750   8.3570792e-21
  70235.8984375   8.1495029e-21
  70612.5000000   7.9598678e-21
  70989.1015625   7.9275964e-21
  71365.7031250   7.6704555e-21
  71742.2968750   7.7168826e-21
  72118.8984375   7.5630779e-21
  72495.5000000   7.4572037e-21
  72872.1015625   7.2666153e-21
  73248.7031250   7.0753960e-21
  73625.2968750   7.0725065e-21
  74001.8984375   6.9357778e-21
  74378.5000000   6.7932741e-21
  74755.1015625   6.7050049e-21
  75131.7031250   6.6044677e-21
  75508.2968750   6.5403875e-21
  75884.8984375   6.4514643e-21
  76261.5000000   6.2835713e-21
  76638.1015625   6.1826431e-21
  77014.7031250   6.1487946e-21
  77391.2968750   6.0302416e-21
  77767.8984375   5.9223692e-21
  78144.5000000   5.8439527e-21
  78521.1015625   5.7471568e-21
  78897.7031250   5.6444975e-21
  79274.2968750   5.6014050e-21
  79650.8984375   5.4957945e-21
  80027.5000000   5.4103230e-21
  80404.1015625   5.3631261e-21
  80780.7031250   5.2757079e-21
  81157.2968750   5.1900333e-21
  81533.8984375   5.0653241e-21
  81910.5000000   5.0157373e-21
  82287.1015625   4.9568948e-21
  82663.7031250   4.8967642e-21
  83040.2968750   4.7886831e-21
  83416.8984375   4.7650183e-21
  83793.5000000   4.6586372e-21
  84170.1015625   4.5995584e-21
  84546.7031250   4.5376600e-21
  84923.2968750   4.4790925e-21
  85299.8984375   4.3952222e-21
  85676.5000000   4.3679737e-21
  86053.1015625   4.2806342e-21
  86429.7031250   3.6337293e-21
  86806.2968750   3.8744437e-21
  87182.8984375   3.8454556e-21
  87559.5000000   3.3075229e-21
  87936.1015625   3.5675048e-21
  88312.7031250   3.3848194e-21
  88689.2968750   3.0362012e-21
  89065.8984375   3.3013116e-21
  89442.5000000   3.1294527e-21
  89819.1015625   2.8842928e-21
  90195.7031250   3.0933235e-21
  90572.2968750   3.0128097e-21
  90948.8984375   2.7935212e-21
  91325.5000000   2.9461813e-21
  91702.1015625   2.8605764e-21
  92078.7031250   2.7569082e-21
  92455.3046875   2.7739235e-21
  92831.8984375   2.7917552e-21
  93208.5000000   2.7257980e-21
  93585.1015625   2.4859631e-21
  93961.7031250   2.4867711e-21
  94338.3046875   2.5554483e-21
  94714.8984375   2.4563783e-21
  95091.5000000   2.5386135e-21
  95468.1015625   2.5588850e-21
  95844.7031250   2.5555157e-21
  96221.3046875   2.5527785e-21
  96597.8984375   2.5616962e-21
  96974.5000000   2.5788882e-21
  97351.1015625   2.4938914e-21
  97727.7031250   2.4996808e-21
  98104.3046875   2.5050111e-21
  98480.8984375   2.4473439e-21
  98857.5000000   2.4071035e-21
  99234.1015625   2.4197483e-21
  99610.7031250   2.3994512e-21
  99987.3046875   2.3591486e-21
 100363.8984375   2.3192783e-21
 100740.5000000   2.3339412e-21
 101117.1015625   2.3129513e-21
 101493.7031250   2.2544022e-21
 101870.3046875   2.2607676e-21
 102246.8984375   2.2353445e-21
 102623.5000000   2.2230578e-21
 103000.1015625   2.1654999e-21
 103376.7031250   2.1663464e-21
 103753.3046875   2.1439807e-21
 104129.8984375   2.1159551e-21
 104506.5000000   2.0758507e-21
 104883.1015625   2.0735180e-21
 105259.7031250   2.0617586e-21
 105636.3046875   2.0366675e-21
 106012.8984375   1.9997515e-21
 106389.5000000   1.9892139e-21
 106766.1015625   1.9774027e-21
 107142.7031250   1.9509891e-21
 107519.3046875   1.9265774e-21
 107895.8984375   1.9045529e-21
 108272.5000000   1.8768688e-21
 108649.1015625   1.8649136e-21
 109025.7031250   1.8441527e-21
 109402.3046875   1.8227581e-21
 109778.8984375   1.8051444e-21
 110155.5000000   1.7743095e-21
 110532.1015625   1.7667592e-21
 110908.7031250   1.7384497e-21
 111285.3046875   1.7189457e-21
 111661.8984375   1.7044745e-21
 112038.5000000   1.6843379e-21
 112415.1015625   1.6610581e-21
 112791.7031250   1.6415497e-21
 113168.3046875   1.6214159e-21
 113544.8984375   1.6063188e-21
 113921.5000000   1.5842983e-21
 114298.1015625   1.5553563e-21
 114674.7031250   1.5465423e-21
 115051.3046875   1.5295540e-21
 115427.8984375   1.5119420e-21
 115804.5000000   1.4974696e-21
 116181.1015625   1.4748153e-21
 116557.7031250   1.4590891e-21
 116934.3046875   1.4471360e-21
 117310.8984375   1.4232226e-21
 117687.5000000   1.4112720e-21
 118064.1015625   1.3955430e-21
 118440.7031250   1.3791832e-21
 118817.3046875   1.3621954e-21
 119193.8984375   1.3445781e-21
 119570.5000000   1.3332528e-21
 119947.1015625   1.3168944e-21
 120323.7031250   1.3024229e-21
 120888.6015625   1.2785123e-21
 121641.8046875   1.2495684e-21
 122395.0000000   1.2218858e-21
 123148.2031250   1.1935684e-21
 123901.3984375   1.1621089e-21
 124654.6015625   1.1400880e-21
 125407.8046875   1.1149240e-21
 126161.0000000   1.0935283e-21
 126914.2031250   1.0683638e-21
 127667.3984375   1.0444524e-21
 128420.6015625   1.0211751e-21
 129173.8046875   1.0016663e-21
 129927.0000000   9.8153421e-22
 130680.2031250   9.6077230e-22
 131433.4062500   9.4126762e-22
 132186.5937500   9.2301805e-22
 132939.7968750   9.0225664e-22
 133693.0000000   8.8526875e-22
 134446.2031250   8.6639081e-22
 135199.4062500   8.4877617e-22
 135952.5937500   8.3304388e-22
 136705.7968750   8.1731594e-22
 137459.0000000   7.9844108e-22
 138212.2031250   7.8270966e-22
 138965.4062500   7.6383516e-22
 139718.5937500   7.4810509e-22
 140471.7968750   7.3552007e-22
 141225.0000000   7.1601726e-22
 141978.2031250   7.0846621e-22
 142731.4062500   6.9462340e-22
 143484.5937500   6.8203889e-22
 144237.7968750   6.7071544e-22
 144991.0000000   6.5876075e-22
 145744.2031250   6.4428842e-22
 146497.4062500   6.3296326e-22
 147250.5937500   6.2113560e-22
 148003.7968750   6.1106746e-22
 148757.0000000   5.9728872e-22
 149510.2031250   5.8690817e-22
 150263.4062500   5.7350541e-22
 151016.5937500   5.6444480e-22
 151769.7968750   5.5513225e-22
 152523.0000000   5.4343035e-22
 153276.2031250   5.3531253e-22
 154029.4062500   5.2606455e-22
 154782.5937500   5.1719210e-22
 155535.7968750   5.0857204e-22
 156289.0000000   4.9888250e-22
 157042.2031250   4.8894149e-22
 157795.4062500   4.8114083e-22
 158548.5937500   4.7214393e-22
 159301.7968750   4.6603974e-22
 160055.0000000   4.5672709e-22
 160808.2031250   4.4980763e-22
 161561.4062500   4.2791117e-22
 162314.5937500   4.0884719e-22
 163067.7968750   4.0953910e-22
 163821.0000000   3.9085226e-22
 164574.2031250   3.8091152e-22
 165327.4062500   3.7273150e-22
 166080.5937500   3.5574290e-22
 166833.7968750   3.5297428e-22
 167587.0000000   3.4498336e-22
 168340.2031250   3.3240074e-22
 169093.4062500   3.3353259e-22
 169846.5937500   3.2472438e-22
 170599.7968750   3.1528632e-22
 171353.0000000   3.1472051e-22
 172106.2031250   3.0949815e-22
 172859.4062500   2.9899005e-22
 173612.5937500   3.0037463e-22
 174365.7968750   2.9339019e-22
 175119.0000000   2.8892375e-22
 175872.2031250   2.8647000e-22
 176625.4062500   2.8175108e-22
 177378.5937500   2.7633934e-22
 178131.7968750   2.7633934e-22
 178885.0000000   2.7055109e-22
 179638.2031250   2.6690199e-22
 180391.4062500   2.6300039e-22
 181144.5937500   2.5733781e-22
 181897.7968750   2.5790466e-22
 182651.0000000   2.5280771e-22
 183404.2031250   2.4796279e-22
 184157.4062500   2.4525731e-22
 184910.6093750   2.4116748e-22
 185663.7968750   2.3802231e-22
 186417.0000000   2.3393184e-22
 187170.2031250   2.3273696e-22
 187923.4062500   2.2833287e-22
 188676.6093750   2.2631914e-22
 189429.7968750   2.2317347e-22
 190183.0000000   2.1845472e-22
 190936.2031250   2.1637791e-22
 191689.4062500   2.1348384e-22
 192442.6093750   2.0995980e-22
 193195.7968750   2.0693969e-22
 193949.0000000   2.0423462e-22
 194702.2031250   2.0347988e-22
 195455.4062500   1.9989349e-22
 196208.6093750   1.9712464e-22
 196961.7968750   1.9429341e-22
 197715.0000000   1.9259429e-22
 198468.2031250   1.9183959e-22
 199221.4062500   1.8718391e-22
 199974.6093750   1.8428896e-22
 200727.7968750   1.8303067e-22
 201481.0000000   1.8063973e-22
 202234.2031250   1.7837479e-22
 202987.4062500   1.7642469e-22
 203740.6093750   1.7428530e-22
 204493.7968750   1.7126535e-22
 205247.0000000   1.7032098e-22
 206000.2031250   1.6717504e-22
 206753.4062500   1.6585432e-22
 207506.6093750   1.6295971e-22
 208259.7968750   1.6346290e-22
 209013.0000000   1.5931036e-22
 209766.2031250   1.5868121e-22
 210519.4062500   1.5597617e-22
 211272.6093750   1.5509499e-22
 212025.7968750   1.5201183e-22
 212779.0000000   1.5125663e-22
 213532.2031250   1.4924340e-22
 214285.4062500   1.4641217e-22
 215038.6093750   1.4578272e-22
 215791.7968750   1.4414716e-22
 216545.0000000   1.4225978e-22
 217298.2031250   1.4043473e-22
 218051.4062500   1.3930261e-22
 218804.6093750   1.3735193e-22
 219557.7968750   1.3584197e-22
 220311.0000000   1.3420590e-22
 221064.2031250   1.3206649e-22
 221817.4062500   1.3068233e-22
 222570.6093750   1.2885802e-22
 223323.7968750   1.2797708e-22
 224077.0000000   1.2608915e-22
 224830.2031250   1.2514576e-22
 225583.4062500   1.2363580e-22
 226336.6093750   1.2218858e-22
 227089.7968750   1.2074135e-22
 227843.0000000   1.1897949e-22
 228596.2031250   1.1772112e-22
 229349.4062500   1.1621089e-22
 230102.6093750   1.1476386e-22
 230855.7968750   1.1369429e-22
 231609.0000000   1.1256201e-22
 232362.2031250   1.1155509e-22
 233115.4062500   1.1010799e-22
 233868.6093750   1.0903823e-22
 234621.7968750   1.0746556e-22
 235375.0000000   1.0601841e-22
 236128.2031250   1.0488562e-22
 236881.4062500   1.0375308e-22
 237634.6093750   1.0249492e-22
 238387.7968750   1.0167670e-22
 239141.0000000   1.0035554e-22
 239894.2031250   9.9537781e-23
 240647.4062500   9.8153419e-23
 241777.2031250   9.6580247e-23
 243283.6093750   9.4315465e-23
 244790.0000000   9.2238988e-23
 246296.4062500   9.0162687e-23
 247802.7968750   8.8338121e-23
 249309.2031250   8.6261688e-23
 250815.6093750   8.4437033e-23
 252322.0000000   8.2612505e-23
 253828.4062500   8.0724881e-23
 255334.7968750   7.9026028e-23
 256841.2031250   7.7327251e-23
 258347.6093750   7.5691254e-23
 259854.0000000   7.3992641e-23
 261360.4062500   7.2482566e-23
 262866.8125000   7.0909495e-23
 264373.1875000   6.9399527e-23
 265879.5937500   6.7952441e-23
 267386.0000000   6.6505139e-23
 268892.4062500   6.5183930e-23
 270398.8125000   6.3799801e-23
 271905.1875000   6.2472217e-23
 273411.5937500   6.1169581e-23
 274918.0000000   5.9930148e-23
 276424.4062500   5.8678188e-23
 277930.8125000   5.7501611e-23
 279437.1875000   5.6268256e-23
 280943.5937500   5.5041526e-23
 282450.0000000   5.3940232e-23
 283956.4062500   5.2946249e-23
 285462.8125000   5.1933162e-23
 286969.1875000   5.0901442e-23
 288475.5937500   4.9900959e-23
 289982.0000000   4.8906820e-23
 291488.4062500   4.7956704e-23
 292994.8125000   4.7025453e-23
 294501.1875000   4.6107023e-23
 296007.5937500   4.5219836e-23
 297514.0000000   4.4345238e-23
 299020.4062500   4.3495771e-23
 300526.8125000   4.2677943e-23
 302033.1875000   4.1841113e-23
 303539.5937500   4.1048267e-23
 305046.0000000   4.0293264e-23
 306552.4062500   3.9525582e-23
 308058.8125000   3.8801998e-23
 309565.1875000   3.8084797e-23
 311071.5937500   3.7373794e-23
 312578.0000000   3.6694275e-23
 314084.4062500   3.6002116e-23
 315590.8125000   3.5347847e-23
 317097.1875000   3.4718576e-23
 318603.5937500   3.4089425e-23
 320110.0000000   3.3479178e-23
 321616.4062500   3.2881442e-23
 323122.8125000   3.2296221e-23
 324629.1875000   3.1723641e-23
 326135.5937500   3.1169980e-23
 327642.0000000   3.0616291e-23
 329148.4062500   3.0081557e-23
 330654.8125000   2.9553046e-23
 332161.1875000   2.9030760e-23
 333667.5937500   2.8533743e-23
 335174.0000000   2.8036612e-23
 336680.4062500   2.7564722e-23
 338186.8125000   2.7080311e-23
 339693.1875000   2.6639842e-23
 341199.5937500   2.6193071e-23
 342706.0000000   2.5727567e-23
 344212.4062500   2.5305986e-23
 345718.8125000   2.4890658e-23
 347225.1875000   2.4481716e-23
 348731.5937500   2.4072725e-23
 350238.0000000   2.3682630e-23
 351744.4062500   2.3286273e-23
 353250.8125000   2.2908721e-23
 354757.1875000   2.2531253e-23
 356263.5937500   2.2166332e-23
 357770.0000000   2.1807703e-23
 359276.4062500   2.1455349e-23
 360782.8125000   2.1115547e-23
 362289.1875000   2.0775837e-23
 363795.5937500   2.0448594e-23
 365302.0000000   2.0121469e-23
 366808.4062500   1.9788014e-23
 368314.8125000   1.9485999e-23
 369821.2187500   1.9183958e-23
 371327.5937500   1.8888260e-23
 372834.0000000   1.8598833e-23
 374340.4062500   1.8303067e-23
 375846.8125000   1.8026250e-23
 377353.2187500   1.7749408e-23
 753200.0000000   1.1891681e-24
1506400.0000000   7.6257483e-26
2259600.0000000   1.5131975e-26
3012800.0000000   4.7893768e-27
3766000.0000000   1.9599205e-27
4519200.0000000   9.4378444e-28
5272400.0000000   5.0857204e-28
6025600.0000000   2.9766935e-28
