    265.6290283   5.6514058e-23
    274.3860168   6.4654901e-23
    280.2239990   6.9140478e-23
    286.0620117   3.8792880e-22
    291.9000244   1.0739360e-21
    297.7380066   1.1653108e-21
    303.5760193   1.1066089e-21
    309.4140015   1.1248862e-21
    315.2520142   1.1478679e-21
    321.0900269   1.3113739e-21
    332.7660217   1.3605244e-21
    344.4420166   1.3212014e-21
    353.1990051   1.6738258e-21
    364.8750305   1.7375147e-21
    370.7130127   1.7748980e-21
    373.6320190   1.8025814e-21
    382.3890076   1.7388964e-21
    385.3080139   1.7984300e-21
    391.1460266   1.7181343e-21
    399.9030151   1.9105721e-21
    408.6600342   1.9147303e-21
    417.4170227   2.4186701e-21
    429.0930176   3.0084664e-21
    440.7690125   2.6927974e-21
    452.4450378   3.0389160e-21
    464.1210327   3.0500003e-21
    472.8780212   3.0555373e-21
    484.5540161   3.0749092e-21
    496.2300110   3.0721419e-21
    504.9870300   2.5238890e-21
    516.6630249   3.0956814e-21
    525.4200439   3.0998311e-21
    531.2580566   3.0998311e-21
    542.9340210   3.1039858e-21
    557.5290527   3.1081465e-21
    566.2860107   3.1261351e-21
    577.9620361   3.1178398e-21
    589.6380005   3.1289096e-21
    598.3950195   3.1261351e-21
    612.9900513   3.0306125e-21
    630.5040283   3.1233766e-21
    642.1800537   3.1344523e-21
    650.9370117   3.0970684e-21
    662.6130371   3.1413706e-21
    671.3700562   3.9346756e-21
    683.0460205   5.8826173e-21
    700.5600586   6.4101025e-21
    718.0740356   5.9822986e-21
    735.5880127   6.1830640e-21
    750.1830444   5.7068006e-21
    758.9400635   5.9878445e-21
    770.6160278   7.5564540e-21
    785.2110596   7.7613565e-21
    799.8060303   7.8831734e-21
    814.4010620   6.7908426e-21
    828.9960327   8.0742432e-21
    846.5100708   8.3802161e-21
    864.0240479   7.6990587e-21
    878.6190186   7.0262070e-21
    899.0520630   7.5606037e-21
    928.2420654   7.2484625e-21
    957.4320679   7.2149876e-21
    986.6220703   6.5759724e-21
   1015.8120728   6.0109260e-21
   1042.0830078   7.8356089e-21
   1068.3540039   1.1603926e-20
   1094.6250000   1.1090757e-20
   1123.8150635   8.5228934e-21
   1153.0050049   1.2323113e-20
   1182.1950684   1.4830610e-20
   1208.4660645   1.4360028e-20
   1231.8181152   1.2682809e-20
   1255.1700439   1.1854215e-20
   1287.2790527   1.3463419e-20
   1316.4691162   1.3394240e-20
   1342.7401123   1.1531886e-20
   1371.9300537   1.1492349e-20
   1401.1201172   1.2671173e-20
   1430.3100586   1.0505735e-20
   1459.5001221   1.2764841e-20
   1477.0140381   1.0871141e-20
   1494.5280762   1.6953774e-20
   1517.8801270   1.5921488e-20
   1547.0700684   1.4494671e-20
   1576.2601318   1.1759065e-20
   1605.4500732   1.1266908e-20
   1634.6401367   1.4685361e-20
   1663.8300781   1.6319210e-20
   1693.0201416   1.5849976e-20
   1722.2100830   1.6044047e-20
   1751.4001465   1.3401536e-20
   1780.5900879   1.2968379e-20
   1809.7801514   1.6476711e-20
   1838.9700928   1.5516005e-20
   1868.1601562   1.7176816e-20
   1897.3500977   1.6599240e-20
   1920.7021484   1.5292484e-20
   1941.1351318   1.7396448e-20
   1970.3250732   1.8482839e-20
   1999.5151367   1.6009698e-20
   2028.7050781   1.8858461e-20
   2057.8950195   1.5461246e-20
   2090.0041504   2.0237967e-20
   2119.1940918   2.0903192e-20
   2145.4650879   2.1437122e-20
   2174.6550293   2.1234444e-20
   2203.8452148   2.1681596e-20
   2233.0351562   2.0030608e-20
   2262.2250977   2.3124485e-20
   2291.4150391   2.1925778e-20
   2320.6052246   2.4553806e-20
   2349.7951660   2.7051486e-20
   2378.9851074   3.0282707e-20
   2408.1750488   3.4368511e-20
   2437.3652344   3.0591091e-20
   2466.5551758   4.2346817e-20
   2495.7451172   4.6853216e-20
   2524.9350586   5.4824510e-20
   2554.1252441   6.2316711e-20
   2583.3151855   7.0845842e-20
   2612.5051270   8.0816942e-20
   2641.6950684   9.0491355e-20
   2670.8852539   9.8527221e-20
   2700.0751953   2.5137008e-19
   2729.2651367   4.1827243e-19
   2758.4550781   5.6786993e-19
   2787.6452637   6.8631620e-19
   2816.8352051   7.7021703e-19
   2846.0251465   3.9138906e-19
   2875.2150879   7.0006105e-19
   2904.4050293   6.9464327e-19
   2933.5952148   8.6248995e-19
   2962.7851562   9.5035411e-19
   2991.9750977   7.9272663e-19
   3021.1650391   1.0591906e-18
   3050.3552246   1.3482176e-18
   3079.5451660   1.3426573e-18
   3108.7351074   1.2131407e-18
   3137.9250488   1.3340112e-18
   3167.1152344   1.2601912e-18
   3196.3051758   1.4424816e-18
   3225.4951172   1.4236259e-18
   3254.6850586   1.4465101e-18
   3283.8752441   1.3106312e-18
   3313.0651855   1.5464030e-18
   3342.2551270   1.5422521e-18
   3371.4450684   1.5578413e-18
   3400.6352539   1.5504289e-18
   3429.8251953   1.1015709e-18
   3459.0151367   1.5441906e-18
   3488.2050781   1.4815963e-18
   3517.3952637   1.3793073e-18
   3546.5852051   1.1995091e-18
   3575.7751465   1.7623923e-18
   3604.9650879   1.9637762e-18
   3634.1552734   2.0051117e-18
   3663.3452148   2.0156272e-18
   3692.5351562   2.0796696e-18
   3721.7250977   2.3344691e-18
   3750.9152832   2.4042033e-18
   3780.1052246   2.2300152e-18
   3809.2951660   2.2849787e-18
   3838.4851074   2.5250089e-18
   3867.6752930   2.4815834e-18
   3896.8652344   2.4478543e-18
   3926.0551758   2.5822372e-18
   3955.2451172   2.5790069e-18
   3984.4353027   2.5020040e-18
   4013.6252441   2.4858486e-18
   4042.8151855   2.4795026e-18
   4072.0051270   1.8224100e-18
   4101.1953125   1.7332694e-18
   4130.3852539   2.4694286e-18
   4159.5751953   2.3848951e-18
   4188.7651367   2.5545339e-18
   4209.1982422   2.5764145e-18
   4223.7934570   2.5863570e-18
   4247.1450195   2.5336069e-18
   4276.3354492   2.4803412e-18
   4305.5253906   2.5616679e-18
   4334.7153320   2.6263394e-18
   4363.9052734   2.6219599e-18
   4393.0952148   2.5368356e-18
   4413.5283203   2.4076266e-18
   4428.1230469   2.4645205e-18
   4451.4750977   2.4628542e-18
   4480.6650391   2.1584120e-18
   4509.8554688   1.8294749e-18
   4539.0454102   1.8702163e-18
   4568.2353516   2.1514368e-18
   4597.4252930   2.2814892e-18
   4626.6152344   2.3158735e-18
   4655.8051758   2.3295019e-18
   4684.9951172   2.2830127e-18
   4714.1850586   2.2444785e-18
   4743.3750000   2.2645883e-18
   4772.5654297   2.3655862e-18
   4801.7553711   2.3831361e-18
   4830.9453125   2.4091393e-18
   4860.1352539   2.4526861e-18
   4880.5683594   2.3015465e-18
   4895.1630859   2.6059568e-18
   4918.5151367   2.5480461e-18
   4947.7050781   2.4690816e-18
   4976.8950195   2.4407585e-18
   5006.0854492   2.3396421e-18
   5035.2753906   2.2988292e-18
   5064.4653320   2.4062527e-18
   5093.6552734   2.3837643e-18
   5122.8452148   2.4024195e-18
   5152.0351562   2.3753827e-18
   5181.2250977   2.3160058e-18
   5210.4150391   2.3828639e-18
   5239.6054688   2.4130891e-18
   5268.7954102   2.4404049e-18
   5297.9853516   2.3095458e-18
   5327.1752930   2.3477326e-18
   5356.3652344   2.3320405e-18
   5385.5551758   2.2121448e-18
   5414.7451172   2.2319455e-18
   5443.9350586   2.2512409e-18
   5473.1254883   2.2878405e-18
   5502.3154297   2.1379862e-18
   5531.5053711   2.0665406e-18
   5560.6953125   2.1711326e-18
   5589.8852539   2.0848732e-18
   5619.0751953   1.9905378e-18
   5648.2651367   2.1057899e-18
   5677.4550781   2.1393294e-18
   5706.6455078   1.9717961e-18
   5741.6733398   2.1000730e-18
   5767.9443359   2.1548318e-18
   5791.2963867   2.0690016e-18
   5823.4052734   2.0348571e-18
   5852.5952148   2.0929649e-18
   5881.7851562   2.0763933e-18
   5910.9750977   2.1166568e-18
   5940.1655273   2.0037470e-18
   5969.3554688   2.0227126e-18
   5998.5454102   1.7439288e-18
   6027.7353516   1.8618651e-18
   6054.0063477   2.0799072e-18
   6065.6821289   1.9600710e-18
   6086.1152344   2.0129999e-18
   6115.3051758   1.9341013e-18
   6144.4951172   1.9708699e-18
   6173.6855469   1.9968072e-18
   6202.8754883   1.9940028e-18
   6232.0654297   1.9665985e-18
   6261.2553711   1.9207183e-18
   6290.4453125   1.9710343e-18
   6319.6352539   1.9349849e-18
   6348.8251953   1.9444921e-18
   6378.0151367   1.9019990e-18
   6407.2055664   1.9443811e-18
   6436.3955078   1.9344495e-18
   6465.5854492   1.8973021e-18
   6494.7753906   1.8852830e-18
   6523.9653320   1.8909216e-18
   6553.1552734   1.8882993e-18
   6582.3452148   1.8539585e-18
   6611.5351562   1.8861858e-18
   6640.7250977   1.8914699e-18
   6669.9155273   1.8876524e-18
   6699.1054688   1.7912962e-18
   6728.2954102   1.8415830e-18
   6757.4853516   1.8183967e-18
   6786.6752930   1.6708000e-18
   6815.8652344   1.7840104e-18
   6845.0551758   1.7856486e-18
   6874.2451172   1.7814501e-18
   6903.4355469   1.7556557e-18
   6932.6254883   1.7327898e-18
   6961.8154297   1.6844599e-18
   6991.0053711   1.7044184e-18
   7020.1953125   1.6821090e-18
   7049.3852539   1.6771445e-18
   7078.5751953   1.6827814e-18
   7107.7651367   1.6453211e-18
   7136.9555664   1.6537027e-18
   7166.1455078   1.6399321e-18
   7195.3354492   1.6238280e-18
   7224.5253906   1.6034888e-18
   7253.7153320   1.5797300e-18
   7282.9052734   1.3065450e-18
   7312.0952148   1.5417104e-18
   7335.4472656   1.4796325e-18
   7350.0424805   1.5364719e-18
   7370.4755859   1.5346847e-18
   7399.6655273   1.5348397e-18
   7428.8554688   1.5062125e-18
   7458.0454102   1.5160546e-18
   7487.2353516   1.5060008e-18
   7516.4252930   1.5125763e-18
   7545.6152344   1.5006200e-18
   7574.8051758   1.4845076e-18
   7603.9956055   1.4764712e-18
   7633.1855469   1.4580225e-18
   7662.3754883   1.4617348e-18
   7691.5654297   1.4588616e-18
   7720.7553711   1.4605862e-18
   7749.9453125   1.4566785e-18
   7779.1352539   1.4163978e-18
   7808.3251953   1.4163668e-18
   7837.5156250   1.4195988e-18
   7866.7055664   1.3879789e-18
   7895.8955078   1.3818903e-18
   7925.0854492   1.3728047e-18
   7954.2753906   1.3736973e-18
   7983.4653320   1.3602375e-18
   8012.6552734   1.3411487e-18
   8041.8452148   1.3354884e-18
   8071.0356445   1.3290289e-18
   8100.2255859   1.3381656e-18
   8129.4155273   1.3195951e-18
   8158.6054688   1.2630058e-18
   8187.7954102   1.2803188e-18
   8216.9853516   1.2942889e-18
   8246.1757812   1.2813258e-18
   8275.3652344   1.2447237e-18
   8304.5556641   1.2455167e-18
   8333.7451172   1.2310617e-18
   8362.9355469   1.2309589e-18
   8392.1250000   1.2180041e-18
   8421.3154297   1.2110327e-18
   8450.5058594   1.1971777e-18
   8494.2900391   1.1906600e-18
   8552.6708984   1.1807815e-18
   8611.0507812   1.1606221e-18
   8669.4306641   1.1533558e-18
   8727.8105469   1.1389695e-18
   8786.1904297   1.1207292e-18
   8844.5703125   1.1157396e-18
   8902.9501953   1.1080046e-18
   8961.3300781   1.0979436e-18
   9019.7109375   1.0776449e-18
   9078.0908203   1.0714110e-18
   9136.4707031   1.0522496e-18
   9194.8505859   1.0427726e-18
   9253.2304688   1.0229728e-18
   9311.6103516   1.0038221e-18
   9369.9902344   9.8891810e-19
   9428.3701172   9.7475760e-19
   9486.7500000   9.6303448e-19
   9545.1308594   9.4214652e-19
   9603.5107422   9.2859047e-19
   9661.8906250   9.1312964e-19
   9720.2705078   8.9491440e-19
   9778.6503906   8.7637718e-19
   9837.0302734   8.6208091e-19
   9895.4101562   8.4985229e-19
   9953.7900391   8.3573547e-19
  10012.1708984   8.1671854e-19
  10070.5507812   8.0161215e-19
  10128.9306641   7.9134560e-19
  10187.3105469   7.7757542e-19
  10245.6904297   7.6643774e-19
  10304.0703125   7.5541980e-19
  10362.4501953   7.4305433e-19
  10420.8300781   7.3037779e-19
  10479.2109375   7.1460511e-19
  10537.5908203   7.0339562e-19
  10595.9707031   6.9406383e-19
  10625.1601562   6.8803948e-19
  10654.3505859   6.8704903e-19
  10712.7304688   6.7302144e-19
  10771.1103516   6.5446546e-19
  10829.4902344   6.6412760e-19
  10887.8701172   6.5797280e-19
  10946.2509766   7.0168625e-19
  11004.6308594   6.9639043e-19
  11063.0107422   7.2426714e-19
  11121.3906250   7.5379258e-19
  11179.7705078   6.7832724e-19
  11238.1503906   7.5636258e-19
  11296.5302734   7.5449475e-19
  11354.9101562   6.4691262e-19
  11413.2910156   7.5042999e-19
  11471.6708984   7.2507240e-19
  11530.0507812   7.2556287e-19
  11588.4306641   6.0548551e-19
  11646.8105469   7.1418784e-19
  11705.1904297   7.1467102e-19
  11763.5703125   6.9629262e-19
  11821.9501953   7.0006410e-19
  11880.3310547   6.7945122e-19
  11938.7109375   6.4781952e-19
  11997.0908203   5.8580471e-19
  12055.4707031   6.5534268e-19
  12113.8505859   6.5584943e-19
  12172.2304688   6.5234477e-19
  12230.6103516   6.4721098e-19
  12288.9902344   6.4151713e-19
  12347.3710938   6.3415548e-19
  12405.7509766   6.2416412e-19
  12464.1308594   6.1093999e-19
  12522.5107422   6.0781144e-19
  12580.8906250   5.9224865e-19
  12639.2705078   5.5893762e-19
  12697.6503906   5.1838256e-19
  12756.0302734   5.7833010e-19
  12814.4111328   5.7110126e-19
  12872.7910156   5.6898079e-19
  12931.1708984   5.6578378e-19
  12989.5507812   5.6037547e-19
  13047.9306641   5.4696331e-19
  13106.3105469   5.4882575e-19
  13164.6904297   5.4747280e-19
  13223.0703125   5.3803834e-19
  13281.4501953   5.3006163e-19
  13339.8310547   5.3068589e-19
  13398.2109375   5.2099816e-19
  13456.5908203   5.1665975e-19
  13514.9707031   5.0756231e-19
  13573.3505859   4.9748110e-19
  13631.7304688   4.9970591e-19
  13690.1103516   4.9206183e-19
  13748.4902344   4.8262752e-19
  13806.8710938   4.8559560e-19
  13865.2509766   4.8158161e-19
  13923.6308594   4.7985249e-19
  13982.0107422   4.7325562e-19
  14040.3906250   4.6587086e-19
  14098.7705078   4.6028419e-19
  14157.1503906   4.3489372e-19
  14215.5302734   3.9267003e-19
  14273.9111328   4.4472694e-19
  14332.2910156   4.4189027e-19
  14390.6708984   4.3153565e-19
  14449.0507812   4.3333035e-19
  14507.4306641   4.2965025e-19
  14565.8105469   4.2166062e-19
  14624.1904297   4.0784202e-19
  14682.5703125   4.1188673e-19
  14740.9511719   4.0559850e-19
  14799.3310547   4.0680626e-19
  14857.7109375   4.0016656e-19
  14916.0908203   3.9631004e-19
  14974.4707031   3.8947543e-19
  15032.8505859   3.8433872e-19
  15091.2304688   3.7876375e-19
  15149.6103516   3.7642221e-19
  15207.9912109   3.7306642e-19
  15266.3710938   3.7115274e-19
  15324.7509766   3.6933806e-19
  15383.1308594   3.6080233e-19
  15441.5107422   3.6353815e-19
  15499.8906250   3.6055363e-19
  15558.2705078   3.5387068e-19
  15616.6503906   3.5380229e-19
  15675.0312500   3.5080991e-19
  15733.4111328   3.4565750e-19
  15791.7910156   3.4059573e-19
  15850.1708984   3.3867600e-19
  15908.5507812   3.3716076e-19
  15966.9306641   3.3191279e-19
  16025.3105469   3.2892491e-19
  16083.6904297   3.2579646e-19
  16142.0712891   3.2404126e-19
  16200.4511719   3.2226864e-19
  16258.8310547   3.1879300e-19
  16317.2109375   3.1438550e-19
  16375.5908203   3.1336267e-19
  16433.9707031   3.0928412e-19
  16492.3515625   3.0622410e-19
  16550.7304688   3.0235398e-19
  16609.1113281   3.0042280e-19
  16667.4902344   2.9725588e-19
  16725.8710938   2.9873736e-19
  16784.2500000   2.9314999e-19
  16842.6308594   2.9227708e-19
  16901.0117188   2.8769993e-19
  16959.3906250   2.8736404e-19
  17017.7714844   2.8646686e-19
  17076.1503906   2.8270983e-19
  17134.5312500   2.7595671e-19
  17192.9101562   2.7210080e-19
  17251.2910156   2.7414715e-19
  17309.6699219   2.7207808e-19
  17368.0507812   2.6918631e-19
  17426.4316406   2.6909884e-19
  17484.8105469   2.6499406e-19
  17543.1914062   2.6301022e-19
  17601.5703125   2.6227085e-19
  17659.9511719   2.6108826e-19
  17718.3300781   2.5951750e-19
  17776.7109375   2.5528965e-19
  17835.0917969   2.5344747e-19
  17893.4707031   2.4893664e-19
  17951.8515625   2.4656788e-19
  18010.2304688   2.4336191e-19
  18068.6113281   2.4357900e-19
  18126.9902344   2.4099013e-19
  18185.3710938   2.3686322e-19
  18243.7500000   2.3271910e-19
  18302.1308594   2.3451149e-19
  18360.5117188   2.3438279e-19
  18418.8906250   2.3098096e-19
  18477.2714844   2.3103573e-19
  18535.6503906   2.2812990e-19
  18594.0312500   2.2656529e-19
  18652.4101562   2.2641309e-19
  18710.7910156   2.2425769e-19
  18769.1718750   2.2325631e-19
  18827.5507812   2.2153923e-19
  18885.9316406   2.2020251e-19
  18944.3105469   2.1665701e-19
  19002.6914062   2.1680073e-19
  19061.0703125   2.1447198e-19
  19119.4511719   2.0777160e-19
  19177.8300781   1.8781428e-19
  19236.2109375   2.0880987e-19
  19294.5917969   2.0952363e-19
  19352.9707031   2.0781540e-19
  19411.3515625   2.0590485e-19
  19469.7304688   2.0221708e-19
  19528.1113281   2.0186746e-19
  19586.4902344   1.9928033e-19
  19644.8710938   1.9925146e-19
  19703.2519531   1.9698140e-19
  19761.6308594   1.9641903e-19
  19820.0117188   1.9400393e-19
  19878.3906250   1.9369915e-19
  19936.7714844   1.9299350e-19
  19995.1503906   1.9089367e-19
  20053.5312500   1.9071183e-19
  20111.9101562   1.9052849e-19
  20170.2910156   1.8921095e-19
  20228.6718750   1.8729040e-19
  20287.0507812   1.8523065e-19
  20345.4316406   1.8503388e-19
  20403.8105469   1.8343182e-19
  20462.1914062   1.8135715e-19
  20520.5703125   1.8095059e-19
  20578.9511719   1.7987142e-19
  20637.3300781   1.7543300e-19
  20695.7109375   1.7387285e-19
  20754.0917969   1.6995448e-19
  20812.4707031   1.6784340e-19
  20870.8515625   1.6788469e-19
  20929.2304688   1.6751864e-19
  20987.6113281   1.6607189e-19
  21045.9902344   1.6712037e-19
  21104.3710938   1.6647937e-19
  21162.7519531   1.6678454e-19
  21221.1308594   1.6593555e-19
  21279.5117188   1.6372695e-19
  21337.8906250   1.6477363e-19
  21396.2714844   1.6412218e-19
  21454.6503906   1.6360331e-19
  21513.0312500   1.6437754e-19
  21571.4101562   1.6242345e-19
  21629.7910156   1.6142148e-19
  21688.1718750   1.6096202e-19
  21746.5507812   1.6029609e-19
  21804.9316406   1.5928553e-19
  21863.3105469   1.5820351e-19
  21921.6914062   1.5828482e-19
  21980.0703125   1.5836547e-19
  22038.4511719   1.5789531e-19
  22096.8320312   1.5659768e-19
  22155.2109375   1.5488431e-19
  22213.5917969   1.5392411e-19
  22271.9707031   1.5289260e-19
  22330.3515625   1.5172002e-19
  22388.7304688   1.4902430e-19
  22447.1113281   1.4950482e-19
  22505.4902344   1.4777036e-19
  22563.8710938   1.4700138e-19
  22622.2519531   1.4616128e-19
  22680.6308594   1.4559684e-19
  22739.0117188   1.4593358e-19
  22797.3906250   1.4515822e-19
  22855.7714844   1.4431025e-19
  22914.1503906   1.4241512e-19
  22972.5312500   1.4177111e-19
  23030.9121094   1.3861330e-19
  23089.2910156   1.3698536e-19
  23147.6718750   1.3682242e-19
  23206.0507812   1.3539913e-19
  23264.4316406   1.3677435e-19
  23322.8105469   1.3597836e-19
  23381.1914062   1.3609188e-19
  23439.5703125   1.3543303e-19
  23497.9511719   1.3442091e-19
  23556.3320312   1.3319565e-19
  23614.7109375   1.3119326e-19
  23673.0917969   1.3010309e-19
  23731.4707031   1.3084343e-19
  23789.8515625   1.3024372e-19
  23848.2304688   1.3006651e-19
  23906.6113281   1.2854516e-19
  23964.9921875   1.2709183e-19
  24023.3710938   1.2719290e-19
  24081.7519531   1.2708122e-19
  24140.1308594   1.2682642e-19
  24198.5117188   1.2572005e-19
  24256.8906250   1.2290683e-19
  24315.2714844   1.2250480e-19
  24373.6503906   1.2188817e-19
  24432.0312500   1.2169775e-19
  24490.4121094   1.2057998e-19
  24548.7910156   1.2166996e-19
  24607.1718750   1.2062076e-19
  24665.5507812   1.1985560e-19
  24723.9316406   1.1837411e-19
  24782.3105469   1.2103627e-19
  24840.6914062   1.1497398e-19
  24899.0703125   1.2035723e-19
  24957.4511719   1.1127545e-19
  25015.8320312   1.2182609e-19
  25074.2109375   1.1696383e-19
  25132.5917969   1.1647480e-19
  25190.9707031   1.2137429e-19
  25249.3515625   1.1901687e-19
  25307.7304688   1.0794829e-19
  25366.1113281   1.1774775e-19
  25424.4921875   1.1977772e-19
  25482.8710938   1.1820423e-19
  25541.2519531   1.0991594e-19
  25599.6308594   1.1663809e-19
  25658.0117188   1.1823746e-19
  25716.3906250   1.1672931e-19
  25774.7714844   1.1637612e-19
  25833.1503906   1.1384944e-19
  25891.5312500   1.0704327e-19
  25949.9121094   1.1494924e-19
  26008.2910156   1.1589921e-19
  26066.6718750   1.1416238e-19
  26125.0507812   1.1394949e-19
  26183.4316406   1.1351742e-19
  26241.8105469   1.1199321e-19
  26300.1914062   1.0405768e-19
  26358.5722656   1.0849964e-19
  26416.9511719   1.1272798e-19
  26475.3320312   1.1119728e-19
  26533.7109375   1.0893413e-19
  26592.0917969   1.0907870e-19
  26650.4707031   1.0988168e-19
  26708.8515625   1.0900209e-19
  26767.2304688   1.0768217e-19
  26825.6113281   1.0709217e-19
  26883.9921875   1.0327641e-19
  26942.3710938   9.6155113e-20
  27000.7519531   1.0194118e-19
  27059.1308594   1.0340121e-19
  27117.5117188   1.0376059e-19
  27175.8906250   1.0382624e-19
  27234.2714844   1.0315582e-19
  27292.6523438   1.0270512e-19
  27351.0312500   1.0166398e-19
  27409.4121094   1.0180114e-19
  27467.7910156   9.9798449e-20
  27526.1718750   1.0104125e-19
  27584.5507812   9.9626350e-20
  27642.9316406   1.0005694e-19
  27701.3105469   9.9822121e-20
  27759.6914062   9.8403118e-20
  27818.0722656   9.6981705e-20
  27876.4511719   9.0003054e-20
  27934.8320312   9.6060982e-20
  27993.2109375   9.7823988e-20
  28051.5917969   9.6769391e-20
  28109.9707031   9.6306829e-20
  28168.3515625   9.5695065e-20
  28226.7304688   9.5082589e-20
  28285.1113281   9.5510319e-20
  28343.4921875   9.4747439e-20
  28401.8710938   9.4430060e-20
  28460.2519531   9.3740010e-20
  28518.6308594   9.3570548e-20
  28577.0117188   9.2579702e-20
  28635.3906250   9.3453916e-20
  28693.7714844   9.2685885e-20
  28752.1523438   9.2813381e-20
  28810.5312500   9.2118555e-20
  28868.9121094   9.1646823e-20
  28927.2910156   9.1099863e-20
  28985.6718750   9.1150683e-20
  29044.0507812   9.0827003e-20
  29102.4316406   9.0577634e-20
  29160.8105469   8.9952867e-20
  29262.9765625   8.7576927e-20
  29408.9257812   8.5380659e-20
  29554.8769531   8.7020234e-20
  29700.8261719   8.6174028e-20
  29846.7773438   8.5552202e-20
  29992.7265625   8.4998663e-20
  30138.6757812   8.3458007e-20
  30284.6269531   8.2596000e-20
  30430.5761719   8.2030248e-20
  30576.5273438   8.0934867e-20
  30722.4765625   8.0364959e-20
  30868.4257812   7.9258391e-20
  31014.3769531   7.8526963e-20
  31160.3261719   7.6950700e-20
  31306.2773438   7.6493799e-20
  31452.2265625   7.5612011e-20
  31598.1757812   7.3994104e-20
  31744.1269531   7.2925917e-20
  31890.0761719   6.9537578e-20
  32036.0273438   6.9830465e-20
  32181.9765625   6.9466460e-20
  32327.9257812   6.8730256e-20
  32473.8769531   6.8142958e-20
  32619.8261719   6.7499586e-20
  32765.7773438   6.6994560e-20
  32911.7265625   6.6099079e-20
  33057.6757812   6.5606266e-20
  33203.6250000   6.5151162e-20
  33349.5781250   6.4507699e-20
  33495.5273438   6.4581403e-20
  33641.4765625   6.4115668e-20
  33787.4257812   6.3311196e-20
  33933.3750000   6.2458095e-20
  34079.3281250   6.2058612e-20
  34225.2773438   6.2106330e-20
  34371.2265625   6.1201420e-20
  34517.1757812   6.0664870e-20
  34663.1250000   5.9716676e-20
  34809.0781250   6.0038288e-20
  34955.0273438   5.8419127e-20
  35100.9765625   5.8799824e-20
  35246.9257812   5.8066644e-20
  35392.8750000   5.7674483e-20
  35538.8281250   5.7456301e-20
  35684.7773438   5.6870095e-20
  35830.7265625   5.6355931e-20
  35976.6757812   5.5760865e-20
  36122.6250000   5.5387684e-20
  36268.5781250   5.4822106e-20
  36414.5273438   5.4423405e-20
  36560.4765625   5.3711522e-20
  36706.4257812   5.3374550e-20
  36852.3750000   5.2961715e-20
  36998.3281250   5.2347524e-20
  37144.2773438   5.2093182e-20
  37290.2265625   5.1629677e-20
  37436.1757812   4.9120463e-20
  37582.1250000   5.0594434e-20
  37728.0781250   4.9987930e-20
  37874.0273438   5.0044824e-20
  38019.9765625   4.9379807e-20
  38165.9257812   4.9339052e-20
  38311.8750000   4.8591135e-20
  38457.8281250   4.8287560e-20
  38603.7773438   4.8039865e-20
  38749.7265625   4.7334709e-20
  38895.6757812   4.7337411e-20
  39041.6289062   4.6784744e-20
  39187.5781250   4.6746335e-20
  39333.5273438   4.6322473e-20
  39479.4765625   4.6019932e-20
  39625.4257812   4.5317154e-20
  39771.3789062   4.5037590e-20
  39917.3281250   4.4880222e-20
  40063.2773438   4.4673540e-20
  40209.2265625   4.4351764e-20
  40355.1757812   4.4141699e-20
  40501.1289062   4.3611398e-20
  40647.0781250   4.3181054e-20
  40793.0273438   4.2993901e-20
  40938.9765625   4.2239461e-20
  41084.9257812   4.2001750e-20
  41230.8789062   4.1170947e-20
  41376.8281250   4.0973432e-20
  41522.7773438   4.0393814e-20
  41668.7265625   3.9873153e-20
  41814.6757812   4.0136519e-20
  41960.6289062   4.0067304e-20
  42106.5781250   3.9104543e-20
  42252.5273438   3.9475534e-20
  42398.4765625   3.8966365e-20
  42529.8320312   3.9001462e-20
  42675.7812500   3.8630175e-20
  42836.3281250   3.8447549e-20
  42982.2773438   3.7867395e-20
  43128.2265625   3.7854092e-20
  43274.1757812   3.7716024e-20
  43420.1289062   3.7442221e-20
  43566.0781250   3.7795120e-20
  43712.0273438   3.7362553e-20
  43857.9765625   3.7173510e-20
  44003.9257812   3.6806529e-20
  44149.8789062   3.6990784e-20
  44295.8281250   3.6957654e-20
  44441.7773438   3.6874322e-20
  44587.7265625   3.6707090e-20
  44733.6757812   3.6414054e-20
  44879.6289062   3.6657149e-20
  45025.5781250   3.6327798e-20
  45171.5273438   3.6376014e-20
  45317.4765625   3.5939007e-20
  45463.4257812   3.4256693e-20
  45609.3789062   3.4781223e-20
  45755.3281250   3.4594755e-20
  45901.2773438   3.4947205e-20
  46047.2265625   3.3062086e-20
  46193.1757812   3.2840237e-20
  46339.1289062   3.2487771e-20
  46485.0781250   3.3574369e-20
  46631.0273438   3.2554187e-20
  46849.9531250   3.2966679e-20
  47141.8515625   3.3012898e-20
  47433.7539062   3.2342419e-20
  47725.6523438   3.2753095e-20
  48017.5507812   3.1340946e-20
  48309.4531250   3.1853549e-20
  48601.3515625   3.1140355e-20
  48893.2539062   3.0817906e-20
  49185.1523438   2.9982308e-20
  49477.0507812   3.0150136e-20
  49768.9531250   2.9508628e-20
  50060.8515625   2.9205127e-20
  50352.7539062   2.8603941e-20
  50644.6523438   2.7731989e-20
  50936.5507812   2.7709100e-20
  51228.4531250   2.7290382e-20
  51520.3515625   2.6905276e-20
  51812.2539062   2.6389886e-20
  52104.1523438   2.6132460e-20
  52396.0507812   2.5672655e-20
  52687.9531250   2.5137230e-20
  52979.8515625   2.4589094e-20
  53271.7539062   2.4317070e-20
  53563.6523438   2.3943404e-20
  53855.5546875   2.3479286e-20
  54147.4531250   2.3188147e-20
  54439.3515625   2.2609412e-20
  54731.2539062   2.2047058e-20
  55023.1523438   2.2006331e-20
  55315.0546875   2.1309087e-20
  55606.9531250   2.1424603e-20
  55898.8515625   2.1007557e-20
  56190.7539062   2.0718477e-20
  56482.6523438   2.0212562e-20
  56774.5546875   1.9633364e-20
  57066.4531250   1.9675402e-20
  57358.3515625   1.9296553e-20
  57650.2539062   1.8919184e-20
  57942.1523438   1.8670895e-20
  58234.0546875   1.8395702e-20
  58525.9531250   1.8216898e-20
  58817.8515625   1.7956440e-20
  59109.7539062   1.7503741e-20
  59401.6523438   1.7235607e-20
  59693.5546875   1.7134697e-20
  59985.4531250   1.6810826e-20
  60277.3515625   1.6514890e-20
  60569.2539062   1.6296221e-20
  60861.1523438   1.6024188e-20
  61153.0546875   1.5744659e-20
  61444.9531250   1.5622537e-20
  61736.8515625   1.5322804e-20
  62028.7539062   1.5093645e-20
  62320.6523438   1.4963620e-20
  62612.5546875   1.4716029e-20
  62904.4531250   1.4485954e-20
  63196.3515625   1.4093613e-20
  63488.2539062   1.3996461e-20
  63780.1523438   1.3836698e-20
  64072.0546875   1.3667769e-20
  64363.9531250   1.3373667e-20
  64655.8515625   1.3300975e-20
  64947.7539062   1.3006195e-20
  65239.6523438   1.2845205e-20
  65531.5546875   1.2673566e-20
  65823.4531250   1.2503177e-20
  66115.3515625   1.2278812e-20
  66407.2500000   1.2206548e-20
  66699.1562500   1.1962264e-20
  66991.0546875   1.0327142e-20
  67282.9531250   1.0936363e-20
  67574.8515625   1.0825736e-20
  67866.7500000   9.4565776e-21
  68158.6562500   1.0111360e-20
  68450.5546875   9.6047487e-21
  68742.4531250   8.6817153e-21
  69034.3515625   9.3642904e-21
  69326.2500000   8.8977266e-21
  69618.1562500   8.2542697e-21
  69910.0546875   8.7914508e-21
  70201.9531250   8.5542051e-21
  70493.8515625   7.9753515e-21
  70785.7500000   8.3820554e-21
  71077.6562500   8.1358957e-21
  71369.5546875   7.8521792e-21
  71661.4531250   7.8975198e-21
  71953.3515625   7.9392860e-21
  72245.2500000   7.7494012e-21
  72537.1562500   7.2000466e-21
  72829.0546875   7.2141959e-21
  73120.9531250   7.4030831e-21
  73412.8515625   7.1011565e-21
  73704.7500000   7.2948339e-21
  73996.6562500   7.3327041e-21
  74288.5546875   7.3094574e-21
  74580.4531250   7.2660886e-21
  74872.3515625   7.2464899e-21
  75164.2500000   7.2990635e-21
  75456.1562500   7.0588063e-21
  75748.0546875   7.0610076e-21
  76039.9531250   7.0778040e-21
  76331.8515625   6.8983365e-21
  76623.7500000   6.7773759e-21
  76915.6562500   6.8345265e-21
  77207.5546875   6.7794899e-21
  77499.4531250   6.6628078e-21
  77791.3515625   6.5506933e-21
  78083.2578125   6.5773303e-21
  78375.1562500   6.5339425e-21
  78667.0546875   6.3596004e-21
  78958.9531250   6.3863020e-21
  79250.8515625   6.3113251e-21
  79542.7578125   6.2842749e-21
  79834.6562500   6.1067178e-21
  80126.5546875   6.1183145e-21
  80418.4531250   6.0475732e-21
  80710.3515625   5.9767313e-21
  81002.2578125   5.8568895e-21
  81294.1562500   5.8600031e-21
  81586.0546875   5.8287912e-21
  81877.9531250   5.7578560e-21
  82169.8515625   5.6465925e-21
  82461.7578125   5.6216753e-21
  82753.6562500   5.5911193e-21
  83045.5546875   5.5179849e-21
  83337.4531250   5.4441336e-21
  83629.3515625   5.3817546e-21
  83921.2578125   5.2923585e-21
  84213.1562500   5.2700222e-21
  84505.0546875   5.2095011e-21
  84796.9531250   5.1461935e-21
  85088.8515625   5.0996206e-21
  85380.7578125   5.0102439e-21
  85672.6562500   4.9906985e-21
  85964.5546875   4.9087470e-21
  86256.4531250   4.8519482e-21
  86548.3515625   4.8128555e-21
  86840.2578125   4.7551192e-21
  87132.1562500   4.6890062e-21
  87424.0546875   4.6340786e-21
  87715.9531250   4.5754114e-21
  88007.8515625   4.5344628e-21
  88299.7578125   4.4730082e-21
  88591.6562500   4.3817595e-21
  88883.5546875   4.3593973e-21
  89175.4531250   4.3147118e-21
  89467.3515625   4.2663044e-21
  89759.2578125   4.2234638e-21
  90051.1562500   4.1601538e-21
  90343.0546875   4.1135882e-21
  90634.9531250   4.0810006e-21
  90926.8515625   4.0149033e-21
  91218.7578125   3.9795126e-21
  91510.6562500   3.9348311e-21
  91802.5546875   3.8891993e-21
  92094.4531250   3.8407890e-21
  92386.3515625   3.7904998e-21
  92678.2578125   3.7569881e-21
  92970.1562500   3.7113639e-21
  93262.0546875   3.6722566e-21
  93699.9062500   3.6042856e-21
  94283.7031250   3.5214206e-21
  94867.5078125   3.4413367e-21
  95451.3046875   3.3612731e-21
  96035.1015625   3.2672210e-21
  96618.9062500   3.2094939e-21
  97202.7031250   3.1387364e-21
  97786.5078125   3.0763544e-21
  98370.3046875   3.0046633e-21
  98954.1015625   2.9376217e-21
  99537.9062500   2.8705752e-21
 100121.7031250   2.8147092e-21
 100705.5078125   2.7588519e-21
 101289.3046875   2.6983260e-21
 101873.1015625   2.6433849e-21
 102456.9062500   2.5912461e-21
 103040.7031250   2.5316602e-21
 103624.5078125   2.4832408e-21
 104208.3046875   2.4301696e-21
 104792.1015625   2.3817551e-21
 105375.9062500   2.3361307e-21
 105959.7031250   2.2923667e-21
 106543.5078125   2.2374319e-21
 107127.3046875   2.1946008e-21
 107711.1093750   2.1387377e-21
 108294.9062500   2.0959083e-21
 108878.7031250   2.0586597e-21
 109462.5078125   2.0018649e-21
 110046.3046875   1.9841751e-21
 110630.1093750   1.9441335e-21
 111213.9062500   1.9078218e-21
 111797.7031250   1.8761642e-21
 112381.5078125   1.8435737e-21
 112965.3046875   1.8026051e-21
 113549.1093750   1.7700171e-21
 114132.9062500   1.7355697e-21
 114716.7031250   1.7085702e-21
 115300.5078125   1.6703891e-21
 115884.3046875   1.6405947e-21
 116468.1093750   1.6024188e-21
 117051.9062500   1.5763480e-21
 117635.7031250   1.5502790e-21
 118219.5078125   1.5158283e-21
 118803.3046875   1.4962764e-21
 119387.1093750   1.4692716e-21
 119970.9062500   1.4450687e-21
 120554.7031250   1.4199231e-21
 121138.5078125   1.3929252e-21
 121722.3046875   1.3631321e-21
 122306.1093750   1.3426456e-21
 122889.9062500   1.3175046e-21
 123473.7031250   1.2998144e-21
 124057.5078125   1.2737457e-21
 124641.3046875   1.2541895e-21
 125225.1093750   1.1918058e-21
 125808.9062500   1.1405964e-21
 126392.7031250   1.1433900e-21
 126976.5078125   1.0903178e-21
 127560.3046875   1.0614537e-21
 128144.1093750   1.0391063e-21
 128727.9062500   9.8789801e-22
 129311.7031250   9.8324057e-22
 129895.5078125   9.5810295e-22
 130479.3046875   9.2272018e-22
 131063.1093750   9.2821125e-22
 131646.9062500   9.0167635e-22
 132230.7031250   8.7458164e-22
 132814.5000000   8.7430123e-22
 133398.3125000   8.5847282e-22
 133982.1093750   8.2849227e-22
 134565.9062500   8.3352149e-22
 135149.7031250   8.1275746e-22
 135733.5000000   7.9869534e-22
 136317.3125000   7.9162018e-22
 136901.1093750   7.7932929e-22
 137484.9062500   7.6434018e-22
 138068.7031250   7.6452486e-22
 138652.5000000   7.4813963e-22
 139236.3125000   7.3808129e-22
 139820.1093750   7.2635046e-22
 140403.9062500   7.1089570e-22
 140987.7031250   7.1257121e-22
 141571.5000000   6.9841807e-22
 142155.3125000   6.8454310e-22
 142739.1093750   6.7793409e-22
 143322.9062500   6.6573671e-22
 143906.7031250   6.5716996e-22
 144490.5000000   6.4562401e-22
 145074.3125000   6.4264512e-22
 145658.1093750   6.3007459e-22
 146241.9062500   6.2514079e-22
 146825.7031250   6.1629474e-22
 147409.5000000   6.0279242e-22
 147993.3125000   5.9711429e-22
 148577.1093750   5.8910714e-22
 149160.9062500   5.7942331e-22
 149744.7031250   5.6918074e-22
 150328.5000000   5.6294331e-22
 150912.3125000   5.6154568e-22
 151496.1093750   5.5139635e-22
 152079.9062500   5.4310945e-22
 152663.7031250   5.3575348e-22
 153247.5000000   5.3109857e-22
 153831.3125000   5.2932885e-22
 154415.1093750   5.1592281e-22
 154998.9062500   5.0763591e-22
 155582.7031250   5.0418976e-22
 156166.5156250   4.9757943e-22
 156750.3125000   4.9106225e-22
 157334.1093750   4.8584734e-22
 157917.9062500   4.7988835e-22
 158501.7031250   4.7160200e-22
 159085.5156250   4.6908810e-22
 159669.3125000   4.6005585e-22
 160253.1093750   4.5698291e-22
 160836.9062500   4.4832351e-22
 161420.7031250   4.5000029e-22
 162004.5156250   4.3854749e-22
 162588.3125000   4.3668512e-22
 163172.1093750   4.2914291e-22
 163755.9062500   4.2709535e-22
 164339.7031250   4.1825039e-22
 164923.5156250   4.1620178e-22
 165507.3125000   4.1052145e-22
 166091.1093750   4.0251435e-22
 166674.9062500   4.0093175e-22
 167258.7031250   3.9646150e-22
 167842.5156250   3.9106089e-22
 168426.3125000   3.8622032e-22
 169010.1093750   3.8305465e-22
 169593.9062500   3.7774707e-22
 170177.7031250   3.7346311e-22
 170761.5156250   3.6899435e-22
 171345.3125000   3.6303556e-22
 171929.1093750   3.5931115e-22
 172512.9062500   3.5344508e-22
 173096.7031250   3.5186223e-22
 173680.5156250   3.4636868e-22
 174264.3125000   3.4394782e-22
 174848.1093750   3.3994415e-22
 175431.9062500   3.3594133e-22
 176015.7031250   3.3184427e-22
 176599.5156250   3.2690868e-22
 177183.3125000   3.2346397e-22
 177767.1093750   3.1918107e-22
 178350.9062500   3.1536319e-22
 178934.7031250   3.1238432e-22
 179518.5156250   3.0921757e-22
 180102.3125000   3.0661034e-22
 180686.1093750   3.0251470e-22
 181269.9062500   2.9972037e-22
 181853.7031250   2.9525221e-22
 182437.5156250   2.9124815e-22
 183021.3125000   2.8798944e-22
 183605.1093750   2.8491604e-22
 184188.9062500   2.8165765e-22
 184772.7031250   2.7932941e-22
 185356.5156250   2.7569868e-22
 185940.3125000   2.7355662e-22
 186524.1093750   2.6955304e-22
 187399.8125000   2.6536322e-22
 188567.4062500   2.5893916e-22
 189735.0156250   2.5335178e-22
 190902.6093750   2.4767274e-22
 192070.2031250   2.4255100e-22
 193237.8125000   2.3696518e-22
 194405.4062500   2.3184382e-22
 195573.0156250   2.2690883e-22
 196740.6093750   2.2169496e-22
 197908.2031250   2.1694647e-22
 199075.8125000   2.1219715e-22
 200243.4062500   2.0782178e-22
 201411.0156250   2.0307235e-22
 202578.6093750   1.9888252e-22
 203746.2031250   1.9459958e-22
 204913.8125000   1.9040969e-22
 206081.4062500   1.8649915e-22
 207249.0156250   1.8249570e-22
 208416.6093750   1.7877122e-22
 209584.2031250   1.7495366e-22
 210751.8125000   1.7132216e-22
 211919.4062500   1.6778445e-22
 213087.0156250   1.6433928e-22
 214254.6093750   1.6089419e-22
 215422.2187500   1.5763479e-22
 216589.8125000   1.5419000e-22
 217757.4062500   1.5074500e-22
 218925.0156250   1.4767240e-22
 220092.6093750   1.4506517e-22
 221260.2187500   1.4227196e-22
 222427.8125000   1.3947861e-22
 223595.4062500   1.3668549e-22
 224763.0156250   1.3398535e-22
 225930.6093750   1.3137836e-22
 227098.2187500   1.2877118e-22
 228265.8125000   1.2625733e-22
 229433.4062500   1.2383605e-22
 230601.0156250   1.2141534e-22
 231768.6093750   1.1908744e-22
 232936.2187500   1.1685293e-22
 234103.8125000   1.1452545e-22
 235271.4062500   1.1229069e-22
 236439.0156250   1.1024226e-22
 237606.6093750   1.0810058e-22
 238774.2187500   1.0614537e-22
 239941.8125000   1.0418984e-22
 241109.4062500   1.0223485e-22
 242277.0156250   1.0037251e-22
 243444.6093750   9.8417371e-23
 244612.2187500   9.6647919e-23
 245779.8125000   9.4971993e-23
 246947.4062500   9.3203070e-23
 248115.0156250   9.1508471e-23
 249282.6093750   8.9869546e-23
 250450.2187500   8.8249516e-23
 251617.8125000   8.6694463e-23
 252785.4062500   8.5167569e-23
 253953.0156250   8.3659109e-23
 255120.6093750   8.2178809e-23
 256288.2187500   8.0735698e-23
 257455.8125000   7.9301561e-23
 258623.4062500   7.7923687e-23
 259791.0156250   7.6573453e-23
 260958.6093750   7.5279343e-23
 262126.2187500   7.3938551e-23
 263293.8125000   7.2718984e-23
 264461.4062500   7.1499121e-23
 265629.0000000   7.0223508e-23
 266796.6250000   6.9068855e-23
 267964.2187500   6.7932889e-23
 269131.8125000   6.6815616e-23
 270299.4062500   6.5689009e-23
 271467.0000000   6.4608920e-23
 272634.6250000   6.3519522e-23
 273802.2187500   6.2495410e-23
 274969.8125000   6.1471071e-23
 276137.4062500   6.0447054e-23
 277305.0000000   5.9469346e-23
 278472.6250000   5.8510280e-23
 279640.2187500   5.7579065e-23
 280807.8125000   5.6638787e-23
 281975.4062500   5.5744957e-23
 283143.0000000   5.4860404e-23
 284310.6250000   5.3938693e-23
 285478.2187500   5.3119192e-23
 286645.8125000   5.2290538e-23
 287813.4062500   5.1480469e-23
 288981.0000000   5.0679832e-23
 290148.6250000   4.9878937e-23
 291316.2187500   4.9115502e-23
 292483.8125000   4.8352074e-23
 583800.0000000   3.2067044e-24
1167600.0000000   2.0419025e-25
1751400.1250000   4.0409785e-26
2335200.0000000   1.2765346e-26
2919000.2500000   5.2169421e-27
3502800.2500000   2.5093109e-27
4086600.2500000   1.3510272e-27
4670400.0000000   7.9031753e-28
