    365.5470276   1.6085466e-23
    377.5980225   1.8320163e-23
    385.6320190   1.9541240e-23
    393.6660156   1.0614588e-22
    401.7000122   2.9249932e-22
    409.7340088   3.1728041e-22
    417.7680054   3.0131879e-22
    425.8020325   3.0630626e-22
    433.8360291   3.1253124e-22
    441.8700256   3.5682504e-22
    457.9380188   3.7019400e-22
    474.0060120   3.5949911e-22
    486.0570374   4.5531027e-22
    502.1250305   4.7246866e-22
    510.1590271   4.8244335e-22
    514.1760254   4.9002616e-22
    526.2270508   4.7286726e-22
    530.2440186   4.8922841e-22
    538.2780151   4.6728081e-22
    550.3290405   5.1955651e-22
    562.3800049   5.2075356e-22
    574.4310303   6.5762348e-22
    590.4990234   8.1843872e-22
    606.5670166   7.3264615e-22
    622.6350098   8.2682049e-22
    638.7030029   8.3001122e-22
    650.7540283   8.3120772e-22
    666.8220215   8.3639663e-22
    682.8900146   8.3559989e-22
    694.9410400   6.8715485e-22
    711.0090332   8.4198399e-22
    723.0600586   8.4317922e-22
    731.0940552   8.4317922e-22
    747.1620483   8.4477678e-22
    767.2470093   8.4557483e-22
    779.2980347   8.5076374e-22
    795.3660278   8.4836833e-22
    811.4340210   8.5156002e-22
    823.4850464   8.5036409e-22
    843.5700684   8.2442366e-22
    867.6720581   8.4956518e-22
    883.7400513   8.5275758e-22
    895.7910156   8.4278309e-22
    911.8590698   8.5475232e-22
    923.9100342   1.0376656e-21
    939.9780273   1.4926277e-21
    964.0800781   1.5393428e-21
    988.1820679   1.3596408e-21
   1012.2840576   1.3313428e-21
   1032.3690186   1.1720915e-21
   1044.4200439   1.1989196e-21
   1060.4880371   1.4530305e-21
   1080.5729980   1.4286809e-21
   1100.6580811   1.3899191e-21
   1120.7430420   1.1518679e-21
   1140.8280029   1.3088025e-21
   1164.9300537   1.2912914e-21
   1189.0321045   1.1327543e-21
   1209.1170654   9.9524045e-22
   1237.2360840   1.0089805e-21
   1277.4060059   9.1804770e-22
   1317.5760498   8.7786441e-22
   1357.7460938   7.6950047e-22
   1397.9160156   6.7604632e-22
   1434.0690918   8.4853605e-22
   1470.2220459   1.2091994e-21
   1506.3751221   1.1169705e-21
   1546.5450439   8.2813240e-22
   1586.7150879   1.1515240e-21
   1626.8851318   1.3362927e-21
   1663.0380859   1.2534574e-21
   1695.1740723   1.0821698e-21
   1727.3100586   9.8497410e-22
   1771.4970703   1.0798151e-21
   1811.6671143   1.0415601e-21
   1847.8200684   8.7346102e-22
   1887.9901123   8.4553025e-22
   1928.1601562   9.0681149e-22
   1968.3300781   7.3242416e-22
   2008.5001221   8.6716963e-22
   2032.6020508   7.2850393e-22
   2056.7041016   1.1224093e-21
   2088.8400879   1.0358533e-21
   2129.0100098   9.2293525e-22
   2169.1801758   7.3541213e-22
   2209.3500977   6.9331463e-22
   2249.5200195   8.8914797e-22
   2289.6901855   9.7390632e-22
   2329.8601074   9.3372303e-22
   2370.0300293   9.3612914e-22
   2410.2001953   7.7504930e-22
   2450.3701172   7.4655782e-22
   2490.5400391   9.4395263e-22
   2530.7102051   8.8753269e-22
   2570.8801270   9.8283082e-22
   2611.0500488   9.5252725e-22
   2643.1860352   8.8148050e-22
   2671.3051758   1.0073732e-21
   2711.4750977   1.0810109e-21
   2751.6450195   9.4724176e-22
   2791.8151855   1.1338194e-21
   2831.9851074   9.4600695e-22
   2876.1721191   1.2680363e-21
   2916.3420410   1.3421332e-21
   2952.4951172   1.4104019e-21
   2992.6650391   1.4416462e-21
   3032.8352051   1.5233500e-21
   3073.0051270   1.4631997e-21
   3113.1750488   1.7600103e-21
   3153.3452148   1.7471644e-21
   3193.5151367   2.0533509e-21
   3233.6850586   2.3365932e-21
   3273.8552246   2.6596537e-21
   3314.0251465   3.0808443e-21
   3354.1950684   2.8081043e-21
   3394.3652344   4.0056758e-21
   3434.5351562   4.5840015e-21
   3474.7050781   5.5768234e-21
   3514.8752441   6.6210670e-21
   3555.0451660   7.9044620e-21
   3595.2150879   9.5180385e-21
   3635.3852539   1.1302645e-20
   3675.5551758   1.3408782e-20
   3715.7250977   4.5474671e-20
   3755.8952637   8.2389884e-20
   3796.0651855   1.1926439e-19
   3836.2351074   1.5398838e-19
   3876.4052734   1.6537324e-19
   3916.5751953   7.6007578e-20
   3956.7451172   1.5095838e-19
   3996.9152832   1.4653861e-19
   4037.0852051   1.8351730e-19
   4077.2551270   1.8815366e-19
   4117.4252930   1.3160709e-19
   4157.5952148   2.0408810e-19
   4197.7651367   2.8010223e-19
   4237.9350586   2.7000693e-19
   4278.1049805   2.2768555e-19
   4318.2753906   2.5032140e-19
   4358.4453125   2.1853874e-19
   4398.6152344   2.5582509e-19
   4438.7851562   2.4406093e-19
   4478.9550781   2.3747890e-19
   4519.1250000   2.0885120e-19
   4559.2954102   2.4761843e-19
   4599.4653320   2.3338239e-19
   4639.6352539   2.3433244e-19
   4679.8051758   2.3061004e-19
   4719.9750977   1.5744181e-19
   4760.1450195   2.1761069e-19
   4800.3154297   1.8257351e-19
   4840.4853516   1.5440080e-19
   4880.6552734   1.2432381e-19
   4920.8251953   2.7261521e-19
   4960.9951172   3.3423287e-19
   5001.1650391   3.4760774e-19
   5041.3354492   3.3839362e-19
   5081.5053711   3.2232819e-19
   5121.6752930   3.7407553e-19
   5161.8452148   3.8376370e-19
   5202.0151367   3.2885279e-19
   5242.1850586   3.3011894e-19
   5282.3554688   3.8035414e-19
   5322.5253906   3.6540784e-19
   5362.6953125   3.4130111e-19
   5402.8652344   3.7510868e-19
   5443.0351562   3.6622563e-19
   5483.2050781   3.3953394e-19
   5523.3754883   3.4254749e-19
   5563.5454102   3.4097300e-19
   5603.7153320   2.6640608e-19
   5643.8852539   2.6295025e-19
   5684.0551758   3.2098051e-19
   5724.2250977   3.1577907e-19
   5764.3955078   3.2560060e-19
   5792.5141602   3.3311768e-19
   5812.5991211   3.3456183e-19
   5844.7353516   3.2427486e-19
   5884.9052734   3.0661716e-19
   5925.0751953   3.0990562e-19
   5965.2451172   3.1415511e-19
   6005.4155273   3.1355137e-19
   6045.5854492   2.9784272e-19
   6073.7041016   2.7330931e-19
   6093.7890625   2.8478603e-19
   6125.9252930   2.7981326e-19
   6166.0952148   2.4228702e-19
   6206.2651367   2.2925789e-19
   6246.4355469   2.2526858e-19
   6286.6054688   2.4511903e-19
   6326.7753906   2.5926469e-19
   6366.9453125   2.6592096e-19
   6407.1152344   2.6734961e-19
   6447.2851562   2.6129255e-19
   6487.4550781   2.5833383e-19
   6527.6254883   2.5215743e-19
   6567.7954102   2.6438499e-19
   6607.9653320   2.6535864e-19
   6648.1352539   2.5695112e-19
   6688.3051758   2.6787616e-19
   6716.4243164   2.4624438e-19
   6736.5092773   2.7511216e-19
   6768.6455078   2.7563943e-19
   6808.8154297   2.6249333e-19
   6848.9853516   2.5472525e-19
   6889.1552734   2.4067818e-19
   6929.3251953   2.3684771e-19
   6969.4951172   2.4881650e-19
   7009.6655273   2.4394091e-19
   7049.8354492   2.5088928e-19
   7090.0053711   2.3934898e-19
   7130.1752930   2.3616942e-19
   7170.3452148   2.4133230e-19
   7210.5151367   2.4832414e-19
   7250.6855469   2.4845724e-19
   7290.8554688   2.3025177e-19
   7331.0253906   2.3450025e-19
   7371.1953125   2.2840062e-19
   7411.3652344   2.1256191e-19
   7451.5351562   2.1224008e-19
   7491.7055664   2.1529783e-19
   7531.8754883   2.2579451e-19
   7572.0454102   2.0777897e-19
   7612.2153320   1.9848730e-19
   7652.3852539   2.1021498e-19
   7692.5551758   2.0039589e-19
   7732.7255859   1.9312331e-19
   7772.8955078   2.0295472e-19
   7813.0654297   2.0651894e-19
   7853.2353516   1.9031445e-19
   7901.4394531   2.0486848e-19
   7937.5922852   2.1039972e-19
   7969.7285156   1.9925240e-19
   8013.9155273   1.9407985e-19
   8054.0854492   2.0009601e-19
   8094.2553711   1.9509511e-19
   8134.4252930   2.0177180e-19
   8174.5952148   1.8879516e-19
   8214.7656250   1.9232429e-19
   8254.9355469   1.7417784e-19
   8295.1054688   1.8022890e-19
   8331.2587891   1.9593403e-19
   8347.3261719   1.8349795e-19
   8375.4453125   1.8957368e-19
   8415.6152344   1.8005486e-19
   8455.7851562   1.8282064e-19
   8495.9550781   1.8417293e-19
   8536.1250000   1.8487960e-19
   8576.2958984   1.7769420e-19
   8616.4658203   1.7566204e-19
   8656.6357422   1.8104843e-19
   8696.8056641   1.7659801e-19
   8736.9755859   1.7565200e-19
   8777.1455078   1.7076557e-19
   8817.3154297   1.7597708e-19
   8857.4853516   1.7276688e-19
   8897.6552734   1.6743117e-19
   8937.8251953   1.6338363e-19
   8977.9951172   1.6704262e-19
   9018.1650391   1.6340086e-19
   9058.3349609   1.5882664e-19
   9098.5058594   1.6150377e-19
   9138.6757812   1.6270909e-19
   9178.8457031   1.6323016e-19
   9219.0156250   1.5451070e-19
   9259.1855469   1.5573631e-19
   9299.3554688   1.5105255e-19
   9339.5253906   1.2976871e-19
   9379.6953125   1.4476418e-19
   9419.8652344   1.4354608e-19
   9460.0351562   1.4607534e-19
   9500.2050781   1.4081491e-19
   9540.3750000   1.4037526e-19
   9580.5458984   1.3488045e-19
   9620.7158203   1.3892540e-19
   9660.8857422   1.3482832e-19
   9701.0556641   1.3539144e-19
   9741.2255859   1.3731729e-19
   9781.3955078   1.3263937e-19
   9821.5654297   1.3584769e-19
   9861.7353516   1.3376314e-19
   9901.9052734   1.3250778e-19
   9942.0751953   1.2934652e-19
   9982.2451172   1.3038111e-19
  10022.4150391   1.1477877e-19
  10062.5859375   1.2919664e-19
  10094.7216797   1.2172076e-19
  10114.8066406   1.2630784e-19
  10142.9257812   1.2320789e-19
  10183.0957031   1.2308241e-19
  10223.2656250   1.2019299e-19
  10263.4355469   1.2292359e-19
  10303.6054688   1.2146978e-19
  10343.7753906   1.2405601e-19
  10383.9453125   1.2278548e-19
  10424.1152344   1.2152582e-19
  10464.2851562   1.1907597e-19
  10504.4550781   1.1767541e-19
  10544.6259766   1.1859583e-19
  10584.7958984   1.1852918e-19
  10624.9658203   1.2102142e-19
  10665.1357422   1.2031816e-19
  10705.3056641   1.1508009e-19
  10745.4755859   1.1660945e-19
  10785.6455078   1.1586921e-19
  10825.8154297   1.1274584e-19
  10865.9853516   1.1277309e-19
  10906.1552734   1.1060846e-19
  10946.3251953   1.1046961e-19
  10986.4951172   1.1166076e-19
  11026.6660156   1.0584561e-19
  11066.8359375   1.0551283e-19
  11107.0058594   1.0604430e-19
  11147.1757812   1.0791845e-19
  11187.3457031   1.0625782e-19
  11227.5156250   9.6767724e-20
  11267.6855469   9.9962974e-20
  11307.8554688   1.0515893e-19
  11348.0253906   1.0460481e-19
  11388.1953125   1.0068867e-19
  11428.3652344   9.9905918e-20
  11468.5351562   9.9066595e-20
  11508.7060547   1.0059452e-19
  11548.8759766   9.9024395e-20
  11589.0458984   9.8776810e-20
  11629.2158203   9.7427420e-20
  11689.4707031   9.8581796e-20
  11769.8105469   9.6614424e-20
  11850.1503906   9.4751219e-20
  11930.4902344   9.4117915e-20
  12010.8310547   9.2892518e-20
  12091.1708984   9.1881407e-20
  12171.5107422   9.1106687e-20
  12251.8505859   8.9896813e-20
  12332.1904297   8.8692483e-20
  12412.5302734   8.7430923e-20
  12492.8710938   8.6230464e-20
  12573.2109375   8.4731464e-20
  12653.5507812   8.3991945e-20
  12733.8906250   8.2421368e-20
  12814.2304688   8.0138705e-20
  12894.5703125   7.9802599e-20
  12974.9101562   7.8313454e-20
  13055.2509766   7.7739125e-20
  13135.5908203   7.6726314e-20
  13215.9306641   7.5679808e-20
  13296.2705078   7.4695133e-20
  13376.6103516   7.3276841e-20
  13456.9501953   7.1833088e-20
  13537.2910156   7.0575683e-20
  13617.6308594   6.9632956e-20
  13697.9707031   6.8910110e-20
  13778.3105469   6.7531923e-20
  13858.6503906   6.6598547e-20
  13938.9902344   6.5744729e-20
  14019.3310547   6.4908132e-20
  14099.6708984   6.4342767e-20
  14180.0107422   6.3349601e-20
  14260.3505859   6.2707955e-20
  14340.6904297   6.1222409e-20
  14421.0302734   6.0089741e-20
  14501.3710938   5.9569476e-20
  14581.7109375   5.9004460e-20
  14621.8808594   5.8753896e-20
  14662.0507812   5.8939973e-20
  14742.3906250   5.7773622e-20
  14822.7304688   5.4788909e-20
  14903.0703125   5.6735155e-20
  14983.4111328   5.6235040e-20
  15063.7509766   6.3460424e-20
  15144.0908203   6.4239137e-20
  15224.4306641   7.0126440e-20
  15304.7705078   7.5400802e-20
  15385.1103516   6.4248165e-20
  15465.4511719   7.7115825e-20
  15545.7910156   8.0074321e-20
  15626.1308594   6.0302565e-20
  15706.4707031   7.9802941e-20
  15786.8105469   7.5814871e-20
  15867.1503906   7.6995005e-20
  15947.4912109   5.5478021e-20
  16027.8310547   7.6081048e-20
  16108.1708984   7.8671972e-20
  16188.5107422   7.6895660e-20
  16268.8505859   7.7081284e-20
  16349.1904297   7.4383163e-20
  16429.5312500   6.7590375e-20
  16509.8710938   5.7828966e-20
  16590.2109375   7.0908436e-20
  16670.5507812   7.1897479e-20
  16750.8906250   7.1368012e-20
  16831.2304688   7.0800140e-20
  16911.5703125   7.0364306e-20
  16991.9101562   6.9335119e-20
  17072.2500000   6.8588246e-20
  17152.5917969   6.6706565e-20
  17232.9316406   6.6251978e-20
  17313.2714844   6.3562516e-20
  17393.6113281   5.7239968e-20
  17473.9511719   5.1779341e-20
  17554.2910156   6.3279246e-20
  17634.6308594   6.2331239e-20
  17714.9707031   6.2518214e-20
  17795.3105469   6.2262292e-20
  17875.6503906   6.2036833e-20
  17955.9902344   6.0835909e-20
  18036.3300781   6.0827896e-20
  18116.6699219   6.1692862e-20
  18197.0117188   5.9778889e-20
  18277.3515625   5.9061504e-20
  18357.6914062   5.9665572e-20
  18438.0312500   5.8254660e-20
  18518.3710938   5.8133258e-20
  18598.7109375   5.6818442e-20
  18679.0507812   5.6450818e-20
  18759.3906250   5.6391843e-20
  18839.7304688   5.5501176e-20
  18920.0703125   5.4017657e-20
  19000.4101562   5.4647842e-20
  19080.7500000   5.4496371e-20
  19161.0917969   5.4204683e-20
  19241.4316406   5.3406929e-20
  19321.7714844   5.2414716e-20
  19402.1113281   5.1681873e-20
  19482.4511719   4.6162452e-20
  19562.7910156   4.0405185e-20
  19643.1308594   4.9574517e-20
  19723.4707031   4.9848951e-20
  19803.8105469   4.8825819e-20
  19884.1503906   4.9449484e-20
  19964.4902344   4.8791953e-20
  20044.8300781   4.7464832e-20
  20125.1718750   4.5800574e-20
  20205.5117188   4.6509419e-20
  20285.8515625   4.5774634e-20
  20366.1914062   4.6377859e-20
  20446.5312500   4.5287521e-20
  20526.8710938   4.5060160e-20
  20607.2109375   4.4178369e-20
  20687.5507812   4.3347324e-20
  20767.8906250   4.2337718e-20
  20848.2304688   4.2318386e-20
  20928.5703125   4.2281046e-20
  21008.9101562   4.2367483e-20
  21089.2519531   4.2542565e-20
  21169.5917969   4.0886620e-20
  21249.9316406   4.2091880e-20
  21330.2714844   4.2141637e-20
  21410.6113281   4.0640640e-20
  21490.9511719   4.1312786e-20
  21571.2910156   4.1021877e-20
  21651.6308594   4.0266299e-20
  21731.9707031   3.9723375e-20
  21812.3105469   3.9555202e-20
  21892.6503906   3.9690588e-20
  21972.9902344   3.8858884e-20
  22053.3320312   3.8581358e-20
  22133.6718750   3.8213566e-20
  22214.0117188   3.8275712e-20
  22294.3515625   3.8247652e-20
  22374.6914062   3.7806422e-20
  22455.0312500   3.7130283e-20
  22535.3710938   3.7316812e-20
  22615.7109375   3.6765183e-20
  22696.0507812   3.6554911e-20
  22776.3906250   3.6037645e-20
  22856.7304688   3.6241122e-20
  22937.0703125   3.5650547e-20
  23017.4121094   3.6431503e-20
  23097.7519531   3.5514592e-20
  23178.0917969   3.5536590e-20
  23258.4316406   3.4744138e-20
  23338.7714844   3.5091325e-20
  23419.1113281   3.5221173e-20
  23499.4511719   3.4553467e-20
  23579.7910156   3.3975471e-20
  23660.1308594   3.2815880e-20
  23740.4707031   3.3597834e-20
  23820.8105469   3.3435768e-20
  23901.1503906   3.3127795e-20
  23981.4902344   3.3256076e-20
  24061.8320312   3.2710554e-20
  24142.1718750   3.2437739e-20
  24222.5117188   3.2619887e-20
  24302.8515625   3.2638088e-20
  24383.1914062   3.2491919e-20
  24463.5312500   3.1743234e-20
  24543.8710938   3.1614400e-20
  24624.2109375   3.0754368e-20
  24704.5507812   3.0624705e-20
  24784.8906250   3.0073838e-20
  24865.2304688   3.0437658e-20
  24945.5703125   3.0105688e-20
  25025.9121094   2.9443523e-20
  25106.2519531   2.8743861e-20
  25186.5917969   2.9363971e-20
  25266.9316406   2.9525747e-20
  25347.2714844   2.9008277e-20
  25427.6113281   2.9151444e-20
  25507.9511719   2.8816921e-20
  25588.2910156   2.8665825e-20
  25668.6308594   2.8863912e-20
  25748.9707031   2.8528425e-20
  25829.3105469   2.8505507e-20
  25909.6503906   2.8316719e-20
  25989.9921875   2.8201298e-20
  26070.3320312   2.7661566e-20
  26150.6718750   2.7877680e-20
  26231.0117188   2.7521727e-20
  26311.3515625   2.6168070e-20
  26391.6914062   2.3519748e-20
  26472.0312500   2.6783851e-20
  26552.3710938   2.7129065e-20
  26632.7109375   2.6919467e-20
  26713.0507812   2.6728034e-20
  26793.3906250   2.6221682e-20
  26873.7304688   2.6363135e-20
  26954.0722656   2.5781811e-20
  27034.4121094   2.5997162e-20
  27114.7519531   2.5619050e-20
  27195.0917969   2.5648772e-20
  27275.4316406   2.5344310e-20
  27355.7714844   2.5336744e-20
  27436.1113281   2.5347651e-20
  27516.4511719   2.4968125e-20
  27596.7910156   2.5090252e-20
  27677.1308594   2.5231141e-20
  27757.4707031   2.5055566e-20
  27837.8105469   2.4786651e-20
  27918.1523438   2.4536135e-20
  27998.4921875   2.4602172e-20
  28078.8320312   2.4425824e-20
  28159.1718750   2.4044045e-20
  28239.5117188   2.4147119e-20
  28319.8515625   2.4007538e-20
  28400.1914062   2.3400847e-20
  28480.5312500   2.3017797e-20
  28560.8710938   2.2466193e-20
  28641.2109375   2.2119805e-20
  28721.5507812   2.2128451e-20
  28801.8906250   2.2174468e-20
  28882.2304688   2.1902302e-20
  28962.5722656   2.2229072e-20
  29042.9121094   2.2350066e-20
  29123.2519531   2.2396052e-20
  29203.5917969   2.2329463e-20
  29283.9316406   2.2019100e-20
  29364.2714844   2.2308780e-20
  29444.6113281   2.2260823e-20
  29524.9511719   2.2250267e-20
  29605.2910156   2.2521416e-20
  29685.6308594   2.2135061e-20
  29765.9707031   2.2049194e-20
  29846.3105469   2.2132437e-20
  29926.6523438   2.2083987e-20
  30006.9921875   2.2035449e-20
  30087.3320312   2.1892779e-20
  30167.6718750   2.1994645e-20
  30248.0117188   2.2077780e-20
  30328.3515625   2.2085538e-20
  30408.6914062   2.1885955e-20
  30489.0312500   2.1610685e-20
  30569.3710938   2.1429505e-20
  30649.7109375   2.1285992e-20
  30730.0507812   2.1066692e-20
  30810.3906250   2.0545145e-20
  30890.7324219   2.0778808e-20
  30971.0722656   2.0464637e-20
  31051.4121094   2.0414816e-20
  31131.7519531   2.0289233e-20
  31212.0917969   2.0277029e-20
  31292.4316406   2.0397251e-20
  31372.7714844   2.0309383e-20
  31453.1113281   2.0202452e-20
  31533.4511719   1.9943888e-20
  31613.7910156   1.9912468e-20
  31694.1308594   1.9445097e-20
  31774.4707031   1.9128985e-20
  31854.8125000   1.9173058e-20
  31935.1523438   1.8942055e-20
  32015.4921875   1.9299103e-20
  32095.8320312   1.9210228e-20
  32176.1718750   1.9311226e-20
  32256.5117188   1.9241300e-20
  32336.8515625   1.9095241e-20
  32417.1914062   1.8979527e-20
  32497.5312500   1.8658358e-20
  32577.8710938   1.8567132e-20
  32658.2109375   1.8764860e-20
  32738.5507812   1.8747727e-20
  32818.8906250   1.8759093e-20
  32899.2304688   1.8460130e-20
  32979.5703125   1.8339885e-20
  33059.9101562   1.8396839e-20
  33140.2500000   1.8409934e-20
  33220.5898438   1.8468726e-20
  33300.9335938   1.8306329e-20
  33381.2734375   1.7813801e-20
  33461.6132812   1.7790425e-20
  33541.9531250   1.7713477e-20
  33622.2929688   1.7735817e-20
  33702.6328125   1.7416254e-20
  33782.9726562   1.7680987e-20
  33863.3125000   1.7322960e-20
  33943.6523438   1.7224715e-20
  34023.9921875   1.7070859e-20
  34104.3320312   1.7354865e-20
  34184.6718750   1.6502715e-20
  34265.0117188   1.7318624e-20
  34345.3515625   1.5876456e-20
  34425.6914062   1.7644141e-20
  34506.0312500   1.6946186e-20
  34586.3710938   1.6910573e-20
  34666.7109375   1.7729508e-20
  34747.0507812   1.7387441e-20
  34827.3906250   1.5555516e-20
  34907.7304688   1.7153227e-20
  34988.0703125   1.7647008e-20
  35068.4101562   1.7384999e-20
  35148.7500000   1.6167056e-20
  35229.0898438   1.7183008e-20
  35309.4335938   1.7571604e-20
  35389.7734375   1.7274640e-20
  35470.1132812   1.7292629e-20
  35550.4531250   1.6830111e-20
  35630.7929688   1.5840727e-20
  35711.1328125   1.6975310e-20
  35791.4726562   1.7273958e-20
  35871.8125000   1.6999410e-20
  35952.1523438   1.7011433e-20
  36032.4921875   1.6946485e-20
  36112.8320312   1.6700521e-20
  36193.1718750   1.5472323e-20
  36273.5117188   1.6138751e-20
  36353.8515625   1.6944252e-20
  36434.1914062   1.6817403e-20
  36514.5312500   1.6418711e-20
  36594.8710938   1.6499890e-20
  36675.2109375   1.6696781e-20
  36755.5507812   1.6558109e-20
  36835.8906250   1.6382697e-20
  36916.2304688   1.6303670e-20
  36996.5703125   1.5572194e-20
  37076.9101562   1.4606635e-20
  37157.2500000   1.5316955e-20
  37237.5937500   1.5678010e-20
  37317.9335938   1.5766739e-20
  37398.2734375   1.5816882e-20
  37478.6132812   1.5741347e-20
  37558.9531250   1.5696681e-20
  37639.2929688   1.5503135e-20
  37719.6328125   1.5580197e-20
  37799.9726562   1.5220059e-20
  37880.3125000   1.5511990e-20
  37960.6523438   1.5221328e-20
  38040.9921875   1.5399041e-20
  38121.3320312   1.5354133e-20
  38201.6718750   1.5101938e-20
  38282.0117188   1.4863151e-20
  38362.3515625   1.3899495e-20
  38442.6914062   1.4712868e-20
  38523.0312500   1.5094246e-20
  38603.3710938   1.4952193e-20
  38683.7109375   1.4928374e-20
  38764.0507812   1.4788078e-20
  38844.3906250   1.4719589e-20
  38924.7304688   1.4843126e-20
  39005.0703125   1.4731877e-20
  39085.4101562   1.4643826e-20
  39165.7500000   1.4518760e-20
  39246.0937500   1.4547162e-20
  39326.4335938   1.4350196e-20
  39406.7734375   1.4588429e-20
  39487.1132812   1.4472985e-20
  39567.4531250   1.4493594e-20
  39647.7929688   1.4368297e-20
  39728.1328125   1.4307153e-20
  39808.4726562   1.4236263e-20
  39888.8125000   1.4268436e-20
  39969.1523438   1.4234450e-20
  40049.4921875   1.4202353e-20
  40129.8320312   1.4113810e-20
  40270.4257812   1.3734142e-20
  40471.2773438   1.3410725e-20
  40672.1289062   1.3734504e-20
  40872.9765625   1.3566822e-20
  41073.8281250   1.3525950e-20
  41274.6757812   1.3476852e-20
  41475.5273438   1.3271337e-20
  41676.3789062   1.3122270e-20
  41877.2265625   1.3056907e-20
  42078.0781250   1.2891948e-20
  42278.9257812   1.2800944e-20
  42479.7773438   1.2641216e-20
  42680.6289062   1.2535951e-20
  42881.4765625   1.2289337e-20
  43082.3281250   1.2252744e-20
  43283.1757812   1.2138979e-20
  43484.0273438   1.1883878e-20
  43684.8789062   1.1681602e-20
  43885.7265625   1.1215273e-20
  44086.5781250   1.1195243e-20
  44287.4257812   1.1194850e-20
  44488.2773438   1.1056572e-20
  44689.1289062   1.1014503e-20
  44889.9765625   1.0936895e-20
  45090.8281250   1.0884904e-20
  45291.6757812   1.0732103e-20
  45492.5273438   1.0660184e-20
  45693.3789062   1.0570393e-20
  45894.2265625   1.0460343e-20
  46095.0781250   1.0518665e-20
  46295.9257812   1.0489555e-20
  46496.7773438   1.0363903e-20
  46697.6289062   1.0229731e-20
  46898.4765625   1.0162830e-20
  47099.3281250   1.0165240e-20
  47300.1757812   1.0026857e-20
  47501.0273438   9.9339763e-21
  47701.8789062   9.7834755e-21
  47902.7265625   9.8432966e-21
  48103.5781250   9.5593022e-21
  48304.4257812   9.6804705e-21
  48505.2773438   9.5295827e-21
  48706.1289062   9.5094307e-21
  48906.9765625   9.4911980e-21
  49107.8281250   9.4156774e-21
  49308.6757812   9.3297289e-21
  49509.5273438   9.2258265e-21
  49710.3789062   9.1915308e-21
  49911.2265625   9.0814665e-21
  50112.0781250   9.0151830e-21
  50312.9257812   8.9209321e-21
  50513.7773438   8.8665619e-21
  50714.6289062   8.8378311e-21
  50915.4765625   8.7032874e-21
  51116.3281250   8.7024845e-21
  51317.1757812   8.6237279e-21
  51518.0273438   8.2130133e-21
  51718.8789062   8.4380153e-21
  51919.7265625   8.3949163e-21
  52120.5781250   8.4080155e-21
  52321.4257812   8.3208069e-21
  52522.2773438   8.3118581e-21
  52723.1289062   8.1844950e-21
  52923.9765625   8.1331831e-21
  53124.8281250   8.1078975e-21
  53325.6757812   7.9801539e-21
  53526.5273438   7.9909565e-21
  53727.3789062   7.8911778e-21
  53928.2265625   7.9260155e-21
  54129.0781250   7.8643300e-21
  54329.9257812   7.8246762e-21
  54530.7773438   7.6784963e-21
  54731.6289062   7.6287152e-21
  54932.4765625   7.6371970e-21
  55133.3281250   7.5913830e-21
  55334.1757812   7.5656887e-21
  55535.0273438   7.5397820e-21
  55735.8789062   7.4534563e-21
  55936.7265625   7.3471159e-21
  56137.5781250   7.2888797e-21
  56338.4296875   7.1943598e-21
  56539.2773438   7.1461474e-21
  56740.1289062   6.9990757e-21
  56940.9765625   6.9931150e-21
  57141.8281250   6.9143543e-21
  57342.6796875   6.8478389e-21
  57543.5273438   6.8943105e-21
  57744.3789062   6.9083742e-21
  57945.2265625   6.7285024e-21
  58146.0781250   6.7992316e-21
  58346.9296875   6.6980461e-21
  58527.6914062   6.7422280e-21
  58728.5429688   6.6610835e-21
  58949.4765625   6.6227541e-21
  59150.3281250   6.5273476e-21
  59351.1796875   6.5393127e-21
  59552.0273438   6.5492283e-21
  59752.8789062   6.5124576e-21
  59953.7265625   6.5973232e-21
  60154.5781250   6.5179801e-21
  60355.4296875   6.4590212e-21
  60556.2773438   6.4262276e-21
  60757.1289062   6.4400433e-21
  60957.9765625   6.4741589e-21
  61158.8281250   6.4373005e-21
  61359.6796875   6.4612625e-21
  61560.5273438   6.3959596e-21
  61761.3789062   6.4016643e-21
  61962.2265625   6.3828831e-21
  62163.0781250   6.3782871e-21
  62363.9296875   6.2986730e-21
  62564.7773438   6.0564266e-21
  62765.6289062   6.1552945e-21
  62966.4765625   6.1182628e-21
  63167.3281250   6.1930669e-21
  63368.1796875   5.8445064e-21
  63569.0273438   5.8317631e-21
  63769.8789062   5.7739885e-21
  63970.7265625   5.9566605e-21
  64171.5781250   5.8337357e-21
  64472.8515625   5.8664425e-21
  64874.5546875   5.8893402e-21
  65276.2539062   5.7494182e-21
  65677.9531250   5.8640724e-21
  66079.6562500   5.6423803e-21
  66481.3515625   5.7019922e-21
  66883.0546875   5.5737134e-21
  67284.7500000   5.5761130e-21
  67686.4531250   5.3945347e-21
  68088.1562500   5.4354866e-21
  68489.8515625   5.3253048e-21
  68891.5546875   5.2823516e-21
  69293.2500000   5.1494958e-21
  69694.9531250   5.0122044e-21
  70096.6562500   4.9977627e-21
  70498.3515625   4.9484461e-21
  70900.0546875   4.8498835e-21
  71301.7500000   4.7409833e-21
  71703.4531250   4.7305005e-21
  72105.1562500   4.5658383e-21
  72506.8515625   4.4957371e-21
  72908.5546875   4.4109931e-21
  73310.2500000   4.3179741e-21
  73711.9531250   4.2435823e-21
  74113.6562500   4.2059541e-21
  74515.3515625   4.1539108e-21
  74917.0546875   4.0298143e-21
  75318.7500000   3.9159037e-21
  75720.4531250   3.9131354e-21
  76122.1562500   3.7907006e-21
  76523.8515625   3.8579494e-21
  76925.5546875   3.7479582e-21
  77327.2500000   3.7181522e-21
  77728.9531250   3.6410386e-21
  78130.6562500   3.4935707e-21
  78532.3515625   3.5173254e-21
  78934.0546875   3.4564396e-21
  79335.7578125   3.3812175e-21
  79737.4531250   3.3119793e-21
  80139.1562500   3.2985228e-21
  80540.8515625   3.2643677e-21
  80942.5546875   3.2445291e-21
  81344.2578125   3.1420754e-21
  81745.9531250   3.0809525e-21
  82147.6562500   3.0508453e-21
  82549.3515625   2.9936527e-21
  82951.0546875   2.9365778e-21
  83352.7578125   2.8938290e-21
  83754.4531250   2.8925076e-21
  84156.1562500   2.8104732e-21
  84557.8515625   2.7987595e-21
  84959.5546875   2.7372737e-21
  85361.2578125   2.7089420e-21
  85762.9531250   2.6807153e-21
  86164.6562500   2.6253715e-21
  86566.3515625   2.5907575e-21
  86968.0546875   2.5227928e-21
  87369.7578125   2.4881429e-21
  87771.4531250   2.4617737e-21
  88173.1562500   2.4229342e-21
  88574.8515625   2.3591231e-21
  88976.5546875   2.3492392e-21
  89378.2578125   2.3124187e-21
  89779.9531250   2.2838861e-21
  90181.6562500   2.2656536e-21
  90583.3515625   2.2183819e-21
  90985.0546875   2.1794064e-21
  91386.7578125   2.1695510e-21
  91788.4531250   2.1242099e-21
  92190.1562500   1.8295799e-21
  92591.8515625   1.9592369e-21
  92993.5546875   1.9588326e-21
  93395.2578125   1.6889569e-21
  93796.9531250   1.8349392e-21
  94198.6562500   1.7373854e-21
  94600.3515625   1.5658604e-21
  95002.0546875   1.6866665e-21
  95403.7578125   1.6259481e-21
  95805.4531250   1.4780741e-21
  96207.1562500   1.5958176e-21
  96608.8515625   1.5481840e-21
  97010.5546875   1.4136143e-21
  97412.2578125   1.4736860e-21
  97813.9531250   1.4351899e-21
  98215.6562500   1.3786901e-21
  98617.3515625   1.3745970e-21
  99019.0546875   1.3810171e-21
  99420.7578125   1.3409900e-21
  99822.4531250   1.2247633e-21
 100224.1562500   1.2214704e-21
 100625.8515625   1.2521480e-21
 101027.5546875   1.1952919e-21
 101429.2578125   1.2315812e-21
 101830.9531250   1.2386057e-21
 102232.6562500   1.2322196e-21
 102634.3515625   1.2302297e-21
 103036.0546875   1.2330100e-21
 103437.7578125   1.2450740e-21
 103839.4531250   1.2057473e-21
 104241.1562500   1.2097838e-21
 104642.8515625   1.2176515e-21
 105044.5546875   1.1883618e-21
 105446.2578125   1.1754371e-21
 105847.9531250   1.1878765e-21
 106249.6562500   1.1711601e-21
 106651.3515625   1.1613771e-21
 107053.0546875   1.1506949e-21
 107454.7578125   1.1472081e-21
 107856.4531250   1.1292078e-21
 108258.1562500   1.1122516e-21
 108659.8515625   1.1148043e-21
 109061.5546875   1.0999372e-21
 109463.2578125   1.1090615e-21
 109864.9531250   1.0806643e-21
 110266.6562500   1.0910557e-21
 110668.3515625   1.0683712e-21
 111070.0546875   1.0515801e-21
 111471.7578125   1.0395767e-21
 111873.4531250   1.0428005e-21
 112275.1562500   1.0394854e-21
 112676.8593750   1.0213570e-21
 113078.5546875   1.0015766e-21
 113480.2578125   9.9845829e-22
 113881.9531250   9.8119615e-22
 114283.6562500   9.5078868e-22
 114685.3593750   9.5632075e-22
 115087.0546875   9.5019586e-22
 115488.7578125   9.3013764e-22
 115890.4531250   9.2105642e-22
 116292.1562500   9.0332162e-22
 116693.8593750   9.0289712e-22
 117095.5546875   8.8621619e-22
 117497.2578125   8.6362361e-22
 117898.9531250   8.5834488e-22
 118300.6562500   8.4208753e-22
 118702.3593750   8.2983992e-22
 119104.0546875   8.2118224e-22
 119505.7578125   8.1083602e-22
 119907.4531250   7.9837651e-22
 120309.1562500   7.8929797e-22
 120710.8593750   7.8021655e-22
 121112.5546875   7.7282635e-22
 121514.2578125   7.6226869e-22
 121915.9531250   7.4812342e-22
 122317.6562500   7.4474361e-22
 122719.3593750   7.3756309e-22
 123121.0546875   7.3017278e-22
 123522.7578125   7.2362829e-22
 123924.4531250   7.1328212e-22
 124326.1562500   7.0589016e-22
 124727.8593750   7.0103355e-22
 125129.5546875   6.9005508e-22
 125531.2578125   6.8414360e-22
 125932.9531250   6.7675329e-22
 126334.6562500   6.6936057e-22
 126736.3593750   6.6154860e-22
 127138.0546875   6.5310176e-22
 127539.7578125   6.4782262e-22
 127941.4531250   6.4106674e-22
 128343.1562500   6.3536559e-22
 128945.7031250   6.2417527e-22
 129749.1093750   6.1087046e-22
 130552.5078125   5.9883464e-22
 131355.9062500   5.8616520e-22
 132159.3125000   5.7180667e-22
 132962.7031250   5.6209366e-22
 133766.1093750   5.5238060e-22
 134569.5000000   5.4604659e-22
 135372.9062500   5.3253286e-22
 136176.3125000   5.2408733e-22
 136979.7031250   5.1627430e-22
 137783.1093750   5.1120681e-22
 138586.5000000   5.0128210e-22
 139389.9062500   4.9093523e-22
 140193.3125000   4.7805415e-22
 140996.7031250   4.7193158e-22
 141800.1093750   4.6095195e-22
 142603.5000000   4.4807173e-22
 143406.9062500   4.4194669e-22
 144210.3125000   4.3096756e-22
 145013.7031250   4.2463229e-22
 145817.1093750   4.1301899e-22
 146620.5000000   4.0288411e-22
 147423.9062500   3.9464798e-22
 148227.3125000   3.8324663e-22
 149030.7031250   3.7374382e-22
 149834.1093750   3.6656513e-22
 150637.5000000   3.5558449e-22
 151440.9062500   3.5136200e-22
 152244.3125000   3.4439383e-22
 153047.7031250   3.3784865e-22
 153851.1093750   3.3193621e-22
 154654.5000000   3.2644538e-22
 155457.9062500   3.1947711e-22
 156261.3125000   3.1377590e-22
 157064.7031250   3.0786396e-22
 157868.1093750   3.0343026e-22
 158671.5156250   2.9709544e-22
 159474.9062500   2.9244924e-22
 160278.3125000   2.8611490e-22
 161081.7031250   2.8168125e-22
 161885.1093750   2.7745763e-22
 162688.5156250   2.7239024e-22
 163491.9062500   2.6901151e-22
 164295.3125000   2.6542158e-22
 165098.7031250   2.6204296e-22
 165902.1093750   2.5782037e-22
 166705.5156250   2.5211868e-22
 167508.9062500   2.4831867e-22
 168312.3125000   2.4557374e-22
 169115.7031250   2.4071622e-22
 169919.1093750   2.3881662e-22
 170722.5156250   2.3438183e-22
 171525.9062500   2.3142576e-22
 172329.3125000   2.2023452e-22
 173132.7031250   2.0980363e-22
 173936.1093750   2.0984601e-22
 174739.5156250   1.9922440e-22
 175542.9062500   1.9388219e-22
 176346.3125000   1.8963863e-22
 177149.7031250   1.8191000e-22
 177953.1093750   1.8055849e-22
 178756.5156250   1.7622999e-22
 179559.9062500   1.7010612e-22
 180363.3125000   1.7099297e-22
 181166.7031250   1.6655914e-22
 181970.1093750   1.6079463e-22
 182773.5156250   1.5914783e-22
 183576.9062500   1.5589574e-22
 184380.3125000   1.5068018e-22
 185183.7031250   1.5160950e-22
 185987.1093750   1.4829443e-22
 186790.5156250   1.4607726e-22
 187593.9062500   1.4459896e-22
 188397.3125000   1.4174811e-22
 189200.7031250   1.3921429e-22
 190004.1093750   1.4001692e-22
 190807.5156250   1.3697637e-22
 191610.9062500   1.3501260e-22
 192414.3125000   1.3298525e-22
 193217.7031250   1.3005056e-22
 194021.1093750   1.3036738e-22
 194824.5156250   1.2770677e-22
 195627.9062500   1.2534134e-22
 196431.3125000   1.2407454e-22
 197234.7031250   1.2189999e-22
 198038.1093750   1.2044294e-22
 198841.5156250   1.1790873e-22
 199644.9062500   1.1702192e-22
 200448.3125000   1.1520602e-22
 201251.7031250   1.1423463e-22
 202055.1093750   1.1256674e-22
 202858.5156250   1.1001159e-22
 203661.9062500   1.0895617e-22
 204465.3125000   1.0775223e-22
 205268.7031250   1.0608436e-22
 206072.1093750   1.0462732e-22
 206875.5156250   1.0333905e-22
 207678.9062500   1.0304357e-22
 208482.3125000   1.0122783e-22
 209285.7031250   9.9728383e-23
 210089.1093750   9.8271420e-23
 210892.5156250   9.7469363e-23
 211695.9062500   9.7152253e-23
 212499.3125000   9.4893227e-23
 213302.7031250   9.3436295e-23
 214106.1093750   9.2675733e-23
 214909.5156250   9.1366741e-23
 215712.9062500   9.0289719e-23
 216516.3125000   8.9276348e-23
 217319.7031250   8.8284043e-23
 218123.1093750   8.6911412e-23
 218926.5156250   8.6446982e-23
 219729.9062500   8.4905421e-23
 220533.3125000   8.4250925e-23
 221336.7031250   8.2857260e-23
 222140.1093750   8.3110548e-23
 222943.5156250   8.0914631e-23
 223746.9062500   8.0830103e-23
 224550.3125000   7.9309949e-23
 225353.7187500   7.8887517e-23
 226157.1093750   7.7282639e-23
 226960.5156250   7.6923695e-23
 227763.9062500   7.5867839e-23
 228567.3125000   7.4453102e-23
 229370.7187500   7.4051995e-23
 230174.1093750   7.3207365e-23
 230977.5156250   7.2193956e-23
 231780.9062500   7.1222723e-23
 232584.3125000   7.0842442e-23
 233387.7187500   6.9871285e-23
 234191.1093750   6.9174519e-23
 234994.5156250   6.8372007e-23
 235797.9062500   6.7379652e-23
 236601.3125000   6.6598250e-23
 237404.7187500   6.5605996e-23
 238208.1093750   6.5035687e-23
 239011.5156250   6.4106674e-23
 239814.9062500   6.3663372e-23
 240618.3125000   6.2860993e-23
 241421.7187500   6.2058362e-23
 242225.1093750   6.1361577e-23
 243028.5156250   6.0580491e-23
 243831.9062500   6.0010366e-23
 244635.3125000   5.9250125e-23
 245438.7187500   5.8468938e-23
 246242.1093750   5.7877494e-23
 247045.5156250   5.7244241e-23
 247848.9062500   5.6652986e-23
 248652.3125000   5.5850588e-23
 249455.7187500   5.5280286e-23
 250259.1093750   5.4520310e-23
 251062.5156250   5.3844515e-23
 251865.9062500   5.3189937e-23
 252669.3125000   5.2535476e-23
 253472.7187500   5.1880861e-23
 254276.1093750   5.1479580e-23
 255079.5156250   5.0888388e-23
 255882.9062500   5.0508309e-23
 256686.3125000   4.9769326e-23
 257891.4062500   4.8818957e-23
 259498.2187500   4.7636492e-23
 261105.0156250   4.6644222e-23
 262711.8125000   4.5588452e-23
 264318.6250000   4.4511398e-23
 265925.4062500   4.3455785e-23
 267532.2187500   4.2590048e-23
 269139.0000000   4.1724144e-23
 270745.8125000   4.0774005e-23
 272352.6250000   3.9844983e-23
 273959.4062500   3.9021522e-23
 275566.2187500   3.8219105e-23
 277173.0000000   3.7268825e-23
 278779.8125000   3.6466399e-23
 280386.6250000   3.5685167e-23
 281993.4062500   3.4946144e-23
 283600.2187500   3.4228280e-23
 285207.0000000   3.3510300e-23
 286813.8125000   3.2813430e-23
 288420.6250000   3.2158868e-23
 290027.4062500   3.1546579e-23
 291634.2187500   3.0934265e-23
 293241.0000000   3.0300810e-23
 294847.8125000   2.9646201e-23
 296454.6250000   2.9033767e-23
 298061.4062500   2.8421504e-23
 299668.2187500   2.7872415e-23
 301275.0000000   2.7323491e-23
 302881.8125000   2.6837780e-23
 304488.6250000   2.6246568e-23
 306095.4062500   2.5739837e-23
 307702.2187500   2.5169716e-23
 309309.0000000   2.4726200e-23
 310915.8125000   2.4282817e-23
 312522.6250000   2.3818290e-23
 314129.4062500   2.3353722e-23
 315736.2187500   2.2868066e-23
 317343.0312500   2.2445778e-23
 318949.8125000   2.2065664e-23
 320556.6250000   2.1643358e-23
 322163.4062500   2.1242194e-23
 323770.2187500   2.0815617e-23
 325377.0312500   2.0441912e-23
 326983.8125000   2.0044959e-23
 328590.6250000   1.9683878e-23
 330197.4062500   1.9289020e-23
 331804.2187500   1.8936398e-23
 333411.0312500   1.8600678e-23
 335017.8125000   1.8262805e-23
 336624.6250000   1.7956604e-23
 338231.4062500   1.7639880e-23
 339838.2187500   1.7321057e-23
 341445.0312500   1.7010612e-23
 343051.8125000   1.6729812e-23
 344658.6250000   1.6446858e-23
 346265.4062500   1.6166062e-23
 347872.2187500   1.5891524e-23
 349479.0312500   1.5617054e-23
 351085.8125000   1.5365736e-23
 352692.6250000   1.5127162e-23
 354299.4062500   1.4903351e-23
 355906.2187500   1.4658367e-23
 357513.0312500   1.4428242e-23
 359119.8125000   1.4179044e-23
 360726.6250000   1.3929868e-23
 362333.4062500   1.3716601e-23
 363940.2187500   1.3467446e-23
 365547.0312500   1.3226765e-23
 367153.8125000   1.2998719e-23
 368760.6250000   1.2787570e-23
 370367.4062500   1.2601750e-23
 371974.2187500   1.2441229e-23
 373581.0312500   1.2257535e-23
 375187.8125000   1.2033720e-23
 376794.6250000   1.1831022e-23
 378401.4062500   1.1630411e-23
 380008.2187500   1.1448827e-23
 381615.0312500   1.1305227e-23
 383221.8125000   1.1134197e-23
 384828.6250000   1.0950498e-23
 386435.4062500   1.0787913e-23
 388042.2187500   1.0604196e-23
 389649.0312500   1.0420497e-23
 391255.8125000   1.0285366e-23
 392862.6250000   1.0148111e-23
 394469.4062500   9.9960786e-24
 396076.2187500   9.8630293e-24
 397683.0312500   9.7258125e-24
 399289.8125000   9.5589668e-24
 400896.6250000   9.3900740e-24
 402503.4062500   9.2317039e-24
 803400.0625000   5.6547339e-25
1606800.1250000   3.6213119e-26
2410200.0000000   7.1834984e-27
3213600.2500000   2.2720307e-27
4017000.2500000   9.2971697e-28
4820400.0000000   4.4764886e-28
5623800.5000000   2.4113948e-28
6427200.5000000   1.4109410e-28
