    219.1280060   1.8970807e-24
    226.3520050   2.1710606e-24
    231.1679993   2.3216113e-24
    235.9839935   1.3007534e-23
    240.8000031   3.5996575e-23
    245.6159973   3.9062221e-23
    250.4320068   3.7092694e-23
    255.2480011   3.7704670e-23
    260.0639954   3.8474819e-23
    264.8800049   4.3954140e-23
    274.5119934   4.5603146e-23
    284.1440125   4.4285086e-23
    291.3680115   5.6127315e-23
    301.0000000   5.8250411e-23
    305.8160095   5.9484088e-23
    308.2239990   6.0422492e-23
    315.4479980   5.8299547e-23
    317.8559875   6.0323323e-23
    322.6719971   5.7608265e-23
    329.8959961   6.4074968e-23
    337.1199951   6.4223167e-23
    344.3439941   8.1155700e-23
    353.9760132   1.0099974e-22
    363.6080017   9.0386275e-23
    373.2399902   1.0203678e-22
    382.8720093   1.0243189e-22
    390.0960083   1.0257956e-22
    399.7279968   1.0322129e-22
    409.3599854   1.0312250e-22
    416.5839844   8.4759135e-23
    426.2160034   1.0391265e-22
    433.4400024   1.0406062e-22
    438.2560120   1.0406062e-22
    447.8880005   1.0420880e-22
    459.9280090   1.0435719e-22
    467.1520081   1.0494918e-22
    476.7839966   1.0470242e-22
    486.4159851   1.0504786e-22
    493.6399841   1.0494918e-22
    505.6799927   1.0174055e-22
    520.1279907   1.0485059e-22
    529.7600098   1.0524551e-22
    536.9840088   1.0396195e-22
    546.6160278   1.0549169e-22
    553.8400269   1.3209952e-22
    563.4719849   1.9755793e-22
    577.9199829   2.1527926e-22
    592.3679810   2.0086500e-22
    606.8159790   2.0738000e-22
    618.8560181   1.9099216e-22
    626.0800171   2.0051947e-22
    635.7119751   2.5161025e-22
    647.7520142   2.5812670e-22
    659.7919922   2.6192949e-22
    671.8319702   2.2613926e-22
    683.8720093   2.6780366e-22
    698.3200073   2.7738008e-22
    712.7680054   2.5511529e-22
    724.8079834   2.3304991e-22
    741.6640015   2.5037786e-22
    765.7440186   2.4568738e-22
    789.8239746   2.5289538e-22
    813.9039917   2.3803584e-22
    837.9840088   2.2406517e-22
    859.6560059   2.9885343e-22
    881.3280029   4.5163854e-22
    903.0000000   4.4146822e-22
    927.0800171   3.4321061e-22
    951.1599731   4.9828675e-22
    975.2399902   6.0396226e-22
    996.9119873   5.8947579e-22
   1016.1760254   5.2638565e-22
   1035.4399414   4.9425248e-22
   1061.9279785   5.6599364e-22
   1086.0080566   5.6716065e-22
   1107.6800537   4.9114520e-22
   1131.7600098   4.9293447e-22
   1155.8399658   5.4627060e-22
   1179.9200439   4.5589526e-22
   1204.0000000   5.5627916e-22
   1218.4479980   4.7371615e-22
   1232.8959961   7.4190462e-22
   1252.1600342   6.9905163e-22
   1276.2399902   6.3806513e-22
   1300.3199463   5.1930872e-22
   1324.4000244   4.9940191e-22
   1348.4799805   6.5201376e-22
   1372.5599365   7.2571089e-22
   1396.6400146   7.0481019e-22
   1420.7199707   7.1354647e-22
   1444.8000488   5.9578734e-22
   1468.8800049   5.7634329e-22
   1492.9599609   7.3102743e-22
   1517.0400391   6.8692665e-22
   1541.1199951   7.5796023e-22
   1565.1999512   7.2968341e-22
   1584.4639893   6.7009995e-22
   1601.3199463   7.5937296e-22
   1625.4000244   8.0279746e-22
   1649.4799805   6.9061104e-22
   1673.5599365   8.0861827e-22
   1697.6400146   6.5751771e-22
   1724.1280518   8.5291257e-22
   1748.2080078   8.7259204e-22
   1769.8800049   8.8624486e-22
   1793.9599609   8.6870716e-22
   1818.0400391   8.7646743e-22
   1842.1199951   8.0023479e-22
   1866.1999512   9.1074433e-22
   1890.2800293   8.5138180e-22
   1914.3599854   9.3764901e-22
   1938.4399414   1.0234961e-21
   1962.5200195   1.1444824e-21
   1986.5999756   1.2963109e-21
   2010.6800537   1.1481879e-21
   2034.7600098   1.5830598e-21
   2058.8400879   1.7407564e-21
   2082.9199219   2.0229742e-21
   2107.0000000   2.2818644e-21
   2131.0800781   2.5704633e-21
   2155.1599121   2.9020044e-21
   2179.2399902   3.2100077e-21
   2203.3200684   3.4777169e-21
   2227.3999023   8.9578911e-21
   2251.4799805   1.5351057e-20
   2275.5600586   2.2100421e-20
   2299.6398926   2.7877111e-20
   2323.7199707   3.2154682e-20
   2347.8000488   1.4086957e-20
   2371.8798828   2.9797404e-20
   2395.9599609   3.0975503e-20
   2420.0400391   4.1532978e-20
   2444.1198730   4.5743156e-20
   2468.1999512   3.4466374e-20
   2492.2800293   4.7654773e-20
   2516.3601074   6.8806492e-20
   2540.4399414   6.9812195e-20
   2564.5200195   6.1985193e-20
   2588.6000977   7.1442446e-20
   2612.6799316   6.5524039e-20
   2636.7600098   8.0121244e-20
   2660.8400879   7.9390572e-20
   2684.9199219   8.0735148e-20
   2709.0000000   7.4014402e-20
   2733.0800781   9.2067768e-20
   2757.1599121   9.1147659e-20
   2781.2399902   9.5520161e-20
   2805.3200684   9.8015119e-20
   2829.3999023   6.9204108e-20
   2853.4799805   1.0128358e-19
   2877.5600586   9.0620389e-20
   2901.6398926   7.9532608e-20
   2925.7199707   6.7147569e-20
   2949.8000488   1.0411366e-19
   2973.8798828   1.2783998e-19
   2997.9599609   1.3441822e-19
   3022.0400391   1.3415459e-19
   3046.1198730   1.3363007e-19
   3070.1999512   1.6079842e-19
   3094.2800293   1.6826442e-19
   3118.3601074   1.4816382e-19
   3142.4399414   1.5406169e-19
   3166.5200195   1.7930784e-19
   3190.6000977   1.7570861e-19
   3214.6799316   1.6983467e-19
   3238.7600098   1.8869766e-19
   3262.8400879   1.8940755e-19
   3286.9199219   1.8097320e-19
   3311.0000000   1.8414087e-19
   3335.0800781   1.8644137e-19
   3359.1599121   1.4447288e-19
   3383.2399902   1.4514957e-19
   3407.3200684   1.8639796e-19
   3431.3999023   1.8549232e-19
   3455.4799805   1.9701206e-19
   3472.3359375   2.0288197e-19
   3484.3759766   2.0455414e-19
   3503.6398926   2.0169150e-19
   3527.7199707   1.9552860e-19
   3551.8000488   2.0288999e-19
   3575.8798828   2.0916272e-19
   3599.9599609   2.1199636e-19
   3624.0400391   2.0332173e-19
   3640.8959961   1.8892982e-19
   3652.9360352   1.9675008e-19
   3672.1999512   1.9776976e-19
   3696.2800293   1.7329227e-19
   3720.3601074   1.5949934e-19
   3744.4399414   1.5945382e-19
   3768.5200195   1.7735844e-19
   3792.6000977   1.8867611e-19
   3816.6799316   1.9336380e-19
   3840.7600098   1.9587325e-19
   3864.8400879   1.9452818e-19
   3888.9199219   1.9400346e-19
   3913.0000000   1.9293966e-19
   3937.0800781   2.0504255e-19
   3961.1599121   2.0805050e-19
   3985.2399902   2.0682788e-19
   4009.3200684   2.1670977e-19
   4026.1760254   2.0405976e-19
   4038.2160645   2.2710169e-19
   4057.4799805   2.2668117e-19
   4081.5600586   2.1835681e-19
   4105.6401367   2.1481176e-19
   4129.7202148   2.0489491e-19
   4153.7998047   2.0293455e-19
   4177.8798828   2.1433211e-19
   4201.9599609   2.1148675e-19
   4226.0400391   2.1728254e-19
   4250.1201172   2.1210718e-19
   4274.2001953   2.0935847e-19
   4298.2797852   2.1694306e-19
   4322.3598633   2.2436845e-19
   4346.4399414   2.2789700e-19
   4370.5200195   2.1219196e-19
   4394.6000977   2.1896761e-19
   4418.6801758   2.1549305e-19
   4442.7597656   2.0266914e-19
   4466.8398438   2.0291849e-19
   4490.9199219   2.0663995e-19
   4515.0000000   2.1648623e-19
   4539.0800781   1.9928597e-19
   4563.1601562   1.9054559e-19
   4587.2397461   2.0389313e-19
   4611.3198242   1.9409125e-19
   4635.3999023   1.8675851e-19
   4659.4799805   1.9831858e-19
   4683.5600586   2.0251254e-19
   4707.6401367   1.8657241e-19
   4736.5361328   2.0211980e-19
   4758.2080078   2.0893870e-19
   4777.4721680   1.9869083e-19
   4803.9599609   1.9527545e-19
   4828.0400391   2.0278665e-19
   4852.1201172   1.9987236e-19
   4876.2001953   2.0737726e-19
   4900.2797852   1.9443592e-19
   4924.3598633   1.9868734e-19
   4948.4399414   1.7965152e-19
   4972.5200195   1.8794584e-19
   4994.1918945   2.0647211e-19
   5003.8242188   1.9216924e-19
   5020.6801758   1.9998653e-19
   5044.7597656   1.9116250e-19
   5068.8398438   1.9609102e-19
   5092.9199219   1.9882351e-19
   5117.0000000   2.0028183e-19
   5141.0800781   1.9575458e-19
   5165.1601562   1.9228405e-19
   5189.2397461   1.9934638e-19
   5213.3198242   1.9655144e-19
   5237.3999023   1.9704408e-19
   5261.4799805   1.9261539e-19
   5285.5600586   1.9868908e-19
   5309.6401367   1.9756401e-19
   5333.7202148   1.9382633e-19
   5357.7998047   1.9121035e-19
   5381.8798828   1.9513827e-19
   5405.9599609   1.9456834e-19
   5430.0400391   1.9079680e-19
   5454.1201172   1.9584659e-19
   5478.2001953   1.9797135e-19
   5502.2797852   1.9969073e-19
   5526.3598633   1.9028467e-19
   5550.4399414   1.9480773e-19
   5574.5200195   1.9104752e-19
   5598.6000977   1.6757931e-19
   5622.6801758   1.8639141e-19
   5646.7597656   1.8669536e-19
   5670.8398438   1.8874241e-19
   5694.9199219   1.8478411e-19
   5719.0000000   1.8395980e-19
   5743.0800781   1.7871113e-19
   5767.1601562   1.8282336e-19
   5791.2397461   1.7870013e-19
   5815.3198242   1.7938898e-19
   5839.3999023   1.8124999e-19
   5863.4799805   1.7605313e-19
   5887.5600586   1.7941025e-19
   5911.6401367   1.7786080e-19
   5935.7202148   1.7633790e-19
   5959.7998047   1.7347731e-19
   5983.8798828   1.7401604e-19
   6007.9599609   1.5142941e-19
   6032.0400391   1.7206749e-19
   6051.3041992   1.6403674e-19
   6063.3437500   1.7077560e-19
   6080.2001953   1.6821049e-19
   6104.2797852   1.6850181e-19
   6128.3598633   1.6518187e-19
   6152.4399414   1.6852032e-19
   6176.5200195   1.6744467e-19
   6200.6000977   1.7035087e-19
   6224.6801758   1.6944428e-19
   6248.7597656   1.6852993e-19
   6272.8398438   1.6661940e-19
   6296.9199219   1.6529363e-19
   6321.0000000   1.6631089e-19
   6345.0800781   1.6673286e-19
   6369.1601562   1.6916098e-19
   6393.2397461   1.6909933e-19
   6417.3198242   1.6357201e-19
   6441.3999023   1.6555882e-19
   6465.4799805   1.6553554e-19
   6489.5600586   1.6197357e-19
   6513.6401367   1.6189178e-19
   6537.7202148   1.6045628e-19
   6561.7998047   1.6069605e-19
   6585.8798828   1.6150192e-19
   6609.9599609   1.5621881e-19
   6634.0400391   1.5604258e-19
   6658.1201172   1.5653817e-19
   6682.2001953   1.5871183e-19
   6706.2797852   1.5681410e-19
   6730.3598633   1.4727761e-19
   6754.4399414   1.5084794e-19
   6778.5200195   1.5490163e-19
   6802.6000977   1.5361037e-19
   6826.6801758   1.4828033e-19
   6850.7597656   1.4814040e-19
   6874.8398438   1.4711663e-19
   6898.9199219   1.4862328e-19
   6923.0000000   1.4692034e-19
   6947.0800781   1.4644235e-19
   6971.1601562   1.4498711e-19
   7007.2797852   1.4562463e-19
   7055.4399414   1.4438155e-19
   7103.6000977   1.4244917e-19
   7151.7597656   1.4249736e-19
   7199.9199219   1.4156543e-19
   7248.0800781   1.4046615e-19
   7296.2397461   1.4071560e-19
   7344.3999023   1.3991018e-19
   7392.5600586   1.3903426e-19
   7440.7202148   1.3731872e-19
   7488.8798828   1.3658493e-19
   7537.0400391   1.3474567e-19
   7585.2001953   1.3388267e-19
   7633.3598633   1.3171658e-19
   7681.5200195   1.2897065e-19
   7729.6801758   1.2820432e-19
   7777.8398438   1.2629750e-19
   7826.0000000   1.2519521e-19
   7874.1601562   1.2321350e-19
   7922.3198242   1.2157404e-19
   7970.4799805   1.1993535e-19
   8018.6401367   1.1772782e-19
   8066.7998047   1.1550105e-19
   8114.9599609   1.1363736e-19
   8163.1201172   1.1214206e-19
   8211.2802734   1.1062661e-19
   8259.4404297   1.0819198e-19
   8307.5996094   1.0652946e-19
   8355.7597656   1.0528850e-19
   8403.9199219   1.0376034e-19
   8452.0800781   1.0258812e-19
   8500.2402344   1.0114178e-19
   8548.4003906   9.9856953e-20
   8596.5595703   9.8037071e-20
   8644.7197266   9.6021523e-20
   8692.8798828   9.4916720e-20
   8741.0400391   9.3993729e-20
   8765.1201172   9.3546896e-20
   8789.2001953   9.3484062e-20
   8837.3603516   9.1906978e-20
   8885.5195312   8.8087052e-20
   8933.6796875   9.0065306e-20
   8981.8398438   8.9326692e-20
   9030.0000000   9.8452587e-20
   9078.1601562   9.8988032e-20
   9126.3203125   1.0564563e-19
   9174.4794922   1.1210317e-19
   9222.6396484   9.8216783e-20
   9270.7998047   1.1413903e-19
   9318.9599609   1.1635895e-19
   9367.1201172   9.3646784e-20
   9415.2802734   1.1646224e-19
   9463.4404297   1.1152812e-19
   9511.5996094   1.1288377e-19
   9559.7597656   8.7492522e-20
   9607.9199219   1.1197523e-19
   9656.0800781   1.1437939e-19
   9704.2402344   1.1154918e-19
   9752.4003906   1.1275890e-19
   9800.5595703   1.0943304e-19
   9848.7197266   1.0237972e-19
   9896.8798828   9.0226044e-20
   9945.0400391   1.0571756e-19
   9993.2001953   1.0677491e-19
  10041.3603516   1.0631913e-19
  10089.5195312   1.0591461e-19
  10137.6796875   1.0550235e-19
  10185.8398438   1.0433016e-19
  10234.0000000   1.0337235e-19
  10282.1601562   1.0086277e-19
  10330.3203125   1.0071272e-19
  10378.4794922   9.7627604e-20
  10426.6396484   9.0411688e-20
  10474.7998047   8.3038445e-20
  10522.9599609   9.7088851e-20
  10571.1201172   9.5695252e-20
  10619.2802734   9.6048936e-20
  10667.4404297   9.5876140e-20
  10715.5996094   9.5603260e-20
  10763.7597656   9.3399522e-20
  10811.9199219   9.4167262e-20
  10860.0800781   9.5224858e-20
  10908.2402344   9.2838829e-20
  10956.4003906   9.1965934e-20
  11004.5595703   9.2711708e-20
  11052.7197266   9.0933755e-20
  11100.8798828   9.0614017e-20
  11149.0400391   8.9011057e-20
  11197.2001953   8.8158648e-20
  11245.3603516   8.8439411e-20
  11293.5195312   8.7351617e-20
  11341.6796875   8.5259793e-20
  11389.8398438   8.6208266e-20
  11438.0000000   8.6033143e-20
  11486.1601562   8.5807865e-20
  11534.3203125   8.4706668e-20
  11582.4794922   8.3373175e-20
  11630.6396484   8.2598340e-20
  11678.7998047   7.6051438e-20
  11726.9599609   6.7741756e-20
  11775.1201172   8.0033324e-20
  11823.2802734   8.0107518e-20
  11871.4404297   7.8350735e-20
  11919.5996094   7.9349795e-20
  11967.7597656   7.8424412e-20
  12015.9199219   7.6636856e-20
  12064.0800781   7.3979628e-20
  12112.2402344   7.5324139e-20
  12160.4003906   7.4273271e-20
  12208.5595703   7.5256356e-20
  12256.7197266   7.3783315e-20
  12304.8798828   7.3484832e-20
  12353.0400391   7.2084454e-20
  12401.2001953   7.0993616e-20
  12449.3603516   6.9572843e-20
  12497.5195312   6.9481239e-20
  12545.6796875   6.9248194e-20
  12593.8398438   6.9569179e-20
  12642.0000000   6.9795949e-20
  12690.1601562   6.7594938e-20
  12738.3203125   6.9217181e-20
  12786.4794922   6.9251535e-20
  12834.6396484   6.7213071e-20
  12882.7998047   6.8087446e-20
  12930.9599609   6.7733723e-20
  12979.1201172   6.6619427e-20
  13027.2802734   6.5877213e-20
  13075.4404297   6.5558581e-20
  13123.5996094   6.5618209e-20
  13171.7597656   6.4432788e-20
  13219.9199219   6.4055555e-20
  13268.0800781   6.3529966e-20
  13316.2402344   6.3723894e-20
  13364.4003906   6.3674664e-20
  13412.5595703   6.3092594e-20
  13460.7197266   6.2068822e-20
  13508.8798828   6.2254737e-20
  13557.0400391   6.1367877e-20
  13605.2001953   6.1062195e-20
  13653.3603516   6.0362284e-20
  13701.5195312   6.0687107e-20
  13749.6796875   5.9882778e-20
  13797.8398438   6.1042084e-20
  13846.0000000   5.9640517e-20
  13894.1601562   5.9714168e-20
  13942.3203125   5.8598858e-20
  13990.4794922   5.9114799e-20
  14038.6396484   5.9334066e-20
  14086.7998047   5.8306456e-20
  14134.9599609   5.7124285e-20
  14183.1201172   5.5536131e-20
  14231.2802734   5.6747711e-20
  14279.4404297   5.6556872e-20
  14327.5996094   5.6061778e-20
  14375.7597656   5.6371137e-20
  14423.9199219   5.5518082e-20
  14472.0800781   5.5167842e-20
  14520.2402344   5.5524176e-20
  14568.4003906   5.5576876e-20
  14616.5595703   5.5475676e-20
  14664.7197266   5.4302701e-20
  14712.8798828   5.4146002e-20
  14761.0400391   5.2810845e-20
  14809.2001953   5.2546865e-20
  14857.3603516   5.1561799e-20
  14905.5195312   5.2013272e-20
  14953.6796875   5.1439435e-20
  15001.8398438   5.0357554e-20
  15050.0000000   4.9311636e-20
  15098.1601562   5.0360433e-20
  15146.3203125   5.0752319e-20
  15194.4794922   5.0032614e-20
  15242.6396484   5.0387642e-20
  15290.7998047   4.9908618e-20
  15338.9599609   4.9693838e-20
  15387.1201172   5.0037231e-20
  15435.2802734   4.9595287e-20
  15483.4404297   4.9565677e-20
  15531.5996094   4.9341097e-20
  15579.7597656   4.9214710e-20
  15627.9199219   4.8333268e-20
  15676.0800781   4.8737204e-20
  15724.2402344   4.8279808e-20
  15772.4003906   4.6500097e-20
  15820.5595703   4.2272387e-20
  15868.7197266   4.7229108e-20
  15916.8798828   4.7679686e-20
  15965.0400391   4.7299267e-20
  16013.2001953   4.6895506e-20
  16061.3603516   4.5971542e-20
  16109.5195312   4.6157864e-20
  16157.6796875   4.5223399e-20
  16205.8398438   4.5542700e-20
  16254.0000000   4.4931782e-20
  16302.1601562   4.5008018e-20
  16350.3203125   4.4517533e-20
  16398.4804688   4.4635777e-20
  16446.6406250   4.4721530e-20
  16494.8007812   4.4189113e-20
  16542.9589844   4.4447203e-20
  16591.1191406   4.4781668e-20
  16639.2792969   4.4610106e-20
  16687.4394531   4.4181933e-20
  16735.5996094   4.3762485e-20
  16783.7597656   4.3970359e-20
  16831.9199219   4.3674736e-20
  16880.0800781   4.3169758e-20
  16928.2402344   4.3282904e-20
  16976.4003906   4.2978505e-20
  17024.5605469   4.1709739e-20
  17072.7207031   4.0982689e-20
  17120.8808594   3.9779129e-20
  17169.0390625   3.9162882e-20
  17217.1992188   3.9297099e-20
  17265.3593750   3.9469889e-20
  17313.5195312   3.9171655e-20
  17361.6796875   3.9854848e-20
  17409.8398438   4.0094843e-20
  17458.0000000   4.0357367e-20
  17506.1601562   4.0335925e-20
  17554.3203125   3.9928955e-20
  17602.4804688   4.0543188e-20
  17650.6406250   4.0521116e-20
  17698.8007812   4.0604665e-20
  17746.9589844   4.1137049e-20
  17795.1191406   4.0586479e-20
  17843.2792969   4.0450347e-20
  17891.4394531   4.0572398e-20
  17939.5996094   4.0542474e-20
  17987.7597656   4.0455501e-20
  18035.9199219   4.0226950e-20
  18084.0800781   4.0438624e-20
  18132.2402344   4.0639096e-20
  18180.4003906   4.0658557e-20
  18228.5605469   4.0365344e-20
  18276.7207031   3.9895128e-20
  18324.8808594   3.9571254e-20
  18373.0390625   3.9297787e-20
  18421.1992188   3.8949159e-20
  18469.3593750   3.8028627e-20
  18517.5195312   3.8408975e-20
  18565.6796875   3.7908566e-20
  18613.8398438   3.7819270e-20
  18662.0000000   3.7632046e-20
  18710.1601562   3.7691092e-20
  18758.3203125   3.7881938e-20
  18806.4804688   3.7802829e-20
  18854.6406250   3.7682817e-20
  18902.8007812   3.7181746e-20
  18950.9589844   3.7187297e-20
  18999.1191406   3.6268089e-20
  19047.2792969   3.5745773e-20
  19095.4394531   3.5864968e-20
  19143.5996094   3.5537741e-20
  19191.7597656   3.6196322e-20
  19239.9199219   3.6077608e-20
  19288.0800781   3.6289754e-20
  19336.2402344   3.6211108e-20
  19384.4003906   3.5997999e-20
  19432.5605469   3.5737611e-20
  19480.7207031   3.5172692e-20
  19528.8808594   3.4998264e-20
  19577.0390625   3.5367403e-20
  19625.1992188   3.5315407e-20
  19673.3593750   3.5368492e-20
  19721.5195312   3.4928551e-20
  19769.6796875   3.4728328e-20
  19817.8398438   3.4915824e-20
  19866.0000000   3.4926713e-20
  19914.1601562   3.5043639e-20
  19962.3203125   3.4753654e-20
  20010.4804688   3.3884032e-20
  20058.6406250   3.3887454e-20
  20106.8007812   3.3778243e-20
  20154.9589844   3.3863947e-20
  20203.1191406   3.3374789e-20
  20251.2792969   3.3916935e-20
  20299.4394531   3.3337434e-20
  20347.5996094   3.3137159e-20
  20395.7597656   3.2936351e-20
  20443.9199219   3.3443458e-20
  20492.0800781   3.1913122e-20
  20540.2402344   3.3332749e-20
  20588.4003906   3.0897383e-20
  20636.5605469   3.3991944e-20
  20684.7207031   3.2850544e-20
  20732.8808594   3.2850544e-20
  20781.0390625   3.4157157e-20
  20829.1992188   3.3612058e-20
  20877.3593750   3.0472077e-20
  20925.5195312   3.3197757e-20
  20973.6796875   3.4009266e-20
  21021.8398438   3.3672342e-20
  21070.0000000   3.1743705e-20
  21118.1601562   3.3388131e-20
  21166.3203125   3.3882245e-20
  21214.4804688   3.3410426e-20
  21262.6406250   3.3445513e-20
  21310.8007812   3.2863243e-20
  21358.9589844   3.1213667e-20
  21407.1191406   3.3168317e-20
  21455.2792969   3.3621506e-20
  21503.4394531   3.3067233e-20
  21551.5996094   3.3071010e-20
  21599.7597656   3.3001653e-20
  21647.9199219   3.2651901e-20
  21696.0800781   3.0637943e-20
  21744.2402344   3.1816281e-20
  21792.4003906   3.3124357e-20
  21840.5605469   3.2730438e-20
  21888.7207031   3.1919711e-20
  21936.8808594   3.2025587e-20
  21985.0390625   3.2406894e-20
  22033.1992188   3.2139153e-20
  22081.3593750   3.1748164e-20
  22129.5195312   3.1589611e-20
  22177.6796875   3.0361871e-20
  22225.8398438   2.8812032e-20
  22274.0000000   3.0010423e-20
  22322.1601562   3.0588596e-20
  22370.3203125   3.0711361e-20
  22418.4804688   3.0859003e-20
  22466.6406250   3.0679547e-20
  22514.8007812   3.0641843e-20
  22562.9589844   3.0270002e-20
  22611.1191406   3.0417392e-20
  22659.2792969   2.9759739e-20
  22707.4394531   3.0297002e-20
  22755.5996094   2.9824110e-20
  22803.7597656   3.0095293e-20
  22851.9199219   3.0062267e-20
  22900.0800781   2.9650021e-20
  22948.2402344   2.9355125e-20
  22996.4003906   2.7683974e-20
  23044.5605469   2.9056648e-20
  23092.7207031   2.9714289e-20
  23140.8808594   2.9405835e-20
  23189.0390625   2.9377694e-20
  23237.1992188   2.9137027e-20
  23285.3593750   2.8983362e-20
  23333.5195312   2.9236111e-20
  23381.6796875   2.9075925e-20
  23429.8398438   2.8971781e-20
  23478.0000000   2.8773209e-20
  23526.1601562   2.8794067e-20
  23574.3203125   2.8444273e-20
  23622.4804688   2.8885771e-20
  23670.6406250   2.8661088e-20
  23718.8007812   2.8775862e-20
  23766.9589844   2.8594829e-20
  23815.1191406   2.8488908e-20
  23863.2792969   2.8351360e-20
  23911.4394531   2.8396467e-20
  23959.5996094   2.8340529e-20
  24007.7597656   2.8309801e-20
  24055.9199219   2.8133308e-20
  24140.1992188   2.7546320e-20
  24260.5996094   2.6990541e-20
  24381.0000000   2.7519840e-20
  24501.4003906   2.7267434e-20
  24621.8007812   2.7192571e-20
  24742.1992188   2.7109219e-20
  24862.5996094   2.6679292e-20
  24983.0000000   2.6446672e-20
  25103.4003906   2.6391212e-20
  25223.8007812   2.6099133e-20
  25344.1992188   2.5991041e-20
  25464.5996094   2.5695039e-20
  25585.0000000   2.5525651e-20
  25705.4003906   2.5057146e-20
  25825.8007812   2.4978588e-20
  25946.1992188   2.4739927e-20
  26066.5996094   2.4247796e-20
  26187.0000000   2.3871529e-20
  26307.4003906   2.3001364e-20
  26427.8007812   2.2869007e-20
  26548.1992188   2.2755795e-20
  26668.5996094   2.2550055e-20
  26789.0000000   2.2427585e-20
  26909.4003906   2.2291579e-20
  27029.8007812   2.2194574e-20
  27150.1992188   2.1964951e-20
  27270.5996094   2.1880415e-20
  27391.0000000   2.1775539e-20
  27511.4003906   2.1620689e-20
  27631.8007812   2.1741426e-20
  27752.1992188   2.1652616e-20
  27872.5996094   2.1433022e-20
  27993.0000000   2.1196283e-20
  28113.4003906   2.1119624e-20
  28233.8007812   2.1203546e-20
  28354.1992188   2.0938515e-20
  28474.5996094   2.0800390e-20
  28595.0000000   2.0506867e-20
  28715.4003906   2.0705056e-20
  28835.8007812   2.0152328e-20
  28956.1992188   2.0355671e-20
  29076.5996094   2.0141090e-20
  29197.0000000   2.0058553e-20
  29317.4003906   2.0036895e-20
  29437.8007812   1.9868473e-20
  29558.1992188   1.9730734e-20
  29678.5996094   1.9558442e-20
  29799.0000000   1.9474530e-20
  29919.4003906   1.9308207e-20
  30039.8007812   1.9216840e-20
  30160.1992188   1.9001744e-20
  30280.5996094   1.8923377e-20
  30401.0000000   1.8809034e-20
  30521.4003906   1.8625558e-20
  30641.8007812   1.8572546e-20
  30762.1992188   1.8477924e-20
  30882.5996094   1.7699429e-20
  31003.0000000   1.8142840e-20
  31123.4003906   1.7956002e-20
  31243.8007812   1.8040342e-20
  31364.1992188   1.7818212e-20
  31484.5996094   1.7846955e-20
  31605.0000000   1.7596192e-20
  31725.4003906   1.7525854e-20
  31845.8007812   1.7476278e-20
  31966.1992188   1.7243893e-20
  32086.5996094   1.7291671e-20
  32207.0000000   1.7114499e-20
  32327.4003906   1.7148131e-20
  32447.8007812   1.7019383e-20
  32568.1992188   1.6939517e-20
  32688.5996094   1.6704877e-20
  32809.0000000   1.6631455e-20
  32929.3984375   1.6614152e-20
  33049.8007812   1.6582734e-20
  33170.1992188   1.6487747e-20
  33290.6015625   1.6440745e-20
  33411.0000000   1.6266363e-20
  33531.3984375   1.6071652e-20
  33651.8007812   1.6024009e-20
  33772.1992188   1.5763579e-20
  33892.6015625   1.5687127e-20
  34013.0000000   1.5383181e-20
  34133.3984375   1.5334615e-20
  34253.8007812   1.5135361e-20
  34374.1992188   1.4958195e-20
  34494.6015625   1.5115897e-20
  34615.0000000   1.5129978e-20
  34735.3984375   1.4786803e-20
  34855.8007812   1.4973378e-20
  34976.1992188   1.4801163e-20
  35084.5585938   1.4849735e-20
  35204.9609375   1.4697584e-20
  35337.3984375   1.4655944e-20
  35457.8007812   1.4460175e-20
  35578.1992188   1.4502468e-20
  35698.6015625   1.4487190e-20
  35819.0000000   1.4413192e-20
  35939.3984375   1.4606980e-20
  36059.8007812   1.4467924e-20
  36180.1992188   1.4423642e-20
  36300.6015625   1.4320377e-20
  36421.0000000   1.4434034e-20
  36541.3984375   1.4446462e-20
  36661.8007812   1.4429914e-20
  36782.1992188   1.4420600e-20
  36902.6015625   1.4331326e-20
  37023.0000000   1.4423642e-20
  37143.3984375   1.4355012e-20
  37263.8007812   1.4373620e-20
  37384.1992188   1.4225662e-20
  37504.6015625   1.3632544e-20
  37625.0000000   1.3802917e-20
  37745.3984375   1.3771008e-20
  37865.8007812   1.3972966e-20
  37986.1992188   1.3170791e-20
  38106.6015625   1.3072306e-20
  38227.0000000   1.3030405e-20
  38347.3984375   1.3467054e-20
  38467.8007812   1.3058305e-20
  38648.3984375   1.3199222e-20
  38889.1992188   1.3335921e-20
  39130.0000000   1.3017937e-20
  39370.8007812   1.3287630e-20
  39611.6015625   1.2731890e-20
  39852.3984375   1.2972335e-20
  40093.1992188   1.2694368e-20
  40334.0000000   1.2593803e-20
  40574.8007812   1.2299562e-20
  40815.6015625   1.2352722e-20
  41056.3984375   1.2124400e-20
  41297.1992188   1.1998223e-20
  41538.0000000   1.1768698e-20
  41778.8007812   1.1454530e-20
  42019.6015625   1.1424334e-20
  42260.3984375   1.1266486e-20
  42501.1992188   1.1115697e-20
  42742.0000000   1.0911822e-20
  42982.8007812   1.0820434e-20
  43223.6015625   1.0636724e-20
  43464.3984375   1.0423901e-20
  43705.1992188   1.0231680e-20
  43946.0000000   1.0099619e-20
  44186.8007812   9.9458662e-21
  44427.6015625   9.7599743e-21
  44668.3984375   9.6420437e-21
  44909.1992188   9.4173051e-21
  45150.0000000   9.2072626e-21
  45390.8007812   9.1721090e-21
  45631.6015625   8.8836871e-21
  45872.3984375   8.9320812e-21
  46113.1992188   8.7664068e-21
  46354.0000000   8.6450536e-21
  46594.8007812   8.4403644e-21
  46835.6015625   8.2263112e-21
  47076.3984375   8.2115116e-21
  47317.1992188   8.0583184e-21
  47558.0000000   7.8982291e-21
  47798.8007812   7.7982727e-21
  48039.6015625   7.6888692e-21
  48280.3984375   7.6209248e-21
  48521.1992188   7.5139108e-21
  48762.0000000   7.3288227e-21
  49002.8007812   7.2177276e-21
  49243.6015625   7.1769195e-21
  49484.3984375   7.0426868e-21
  49725.1992188   6.9208667e-21
  49966.0000000   6.8319892e-21
  50206.8007812   6.7227533e-21
  50447.6015625   6.6072509e-21
  50688.3984375   6.5591695e-21
  50929.1992188   6.4384698e-21
  51170.0000000   6.3417349e-21
  51410.8007812   6.2895058e-21
  51651.6015625   6.1901132e-21
  51892.3984375   6.0929058e-21
  52133.1992188   5.9531130e-21
  52374.0000000   5.8947318e-21
  52614.8007812   5.8284184e-21
  52855.6015625   5.7596126e-21
  53096.3984375   5.6364204e-21
  53337.1992188   5.6097988e-21
  53578.0000000   5.4878583e-21
  53818.8007812   5.4216673e-21
  54059.6015625   5.3498573e-21
  54300.3984375   5.2834279e-21
  54541.1992188   5.1876620e-21
  54782.0000000   5.1573576e-21
  55022.8007812   5.0574093e-21
  55263.6015625   4.2865024e-21
  55504.3984375   4.5763048e-21
  55745.1992188   4.5446991e-21
  55986.0000000   3.9040267e-21
  56226.8007812   4.2188368e-21
  56467.6015625   3.9942637e-21
  56708.3984375   3.5865126e-21
  56949.1992188   3.9057934e-21
  57190.0000000   3.6963248e-21
  57430.8007812   3.4125966e-21
  57671.6015625   3.6646436e-21
  57912.3984375   3.5663133e-21
  58153.1992188   3.3102686e-21
  58394.0000000   3.4951261e-21
  58634.8007812   3.3899958e-21
  58875.6015625   3.2726559e-21
  59116.3984375   3.2958638e-21
  59357.1992188   3.3155649e-21
  59598.0000000   3.2412729e-21
  59838.8007812   2.9504668e-21
  60079.6015625   2.9501685e-21
  60320.3984375   3.0340809e-21
  60561.1992188   2.9246130e-21
  60802.0000000   3.0251663e-21
  61042.8007812   3.0511851e-21
  61283.6015625   3.0530083e-21
  61524.3984375   3.0540274e-21
  61765.1992188   3.0659344e-21
  62006.0000000   3.0880153e-21
  62246.8007812   2.9901230e-21
  62487.6015625   2.9971304e-21
  62728.3984375   3.0045900e-21
  62969.1992188   2.9380789e-21
  63210.0000000   2.8917885e-21
  63450.8007812   2.9060858e-21
  63691.6015625   2.8833170e-21
  63932.3984375   2.8368674e-21
  64173.1992188   2.7907491e-21
  64414.0000000   2.8086764e-21
  64654.8007812   2.7849333e-21
  64895.6015625   2.7161299e-21
  65136.3984375   2.7246364e-21
  65377.1992188   2.6941985e-21
  65618.0000000   2.6809315e-21
  65858.7968750   2.6130789e-21
  66099.6015625   2.6145022e-21
  66340.3984375   2.5896242e-21
  66581.2031250   2.5564580e-21
  66822.0000000   2.5088751e-21
  67062.7968750   2.5069146e-21
  67303.6015625   2.4933978e-21
  67544.3984375   2.4638219e-21
  67785.2031250   2.4213105e-21
  68026.0000000   2.4093451e-21
  68266.7968750   2.3965123e-21
  68507.6015625   2.3659337e-21
  68748.3984375   2.3356119e-21
  68989.2031250   2.3099257e-21
  69230.0000000   2.2767892e-21
  69470.7968750   2.2610449e-21
  69711.6015625   2.2361885e-21
  69952.3984375   2.2105079e-21
  70193.2031250   2.1889643e-21
  70434.0000000   2.1516773e-21
  70674.7968750   2.1425680e-21
  70915.6015625   2.1085981e-21
  71156.3984375   2.0845749e-21
  71397.2031250   2.0671710e-21
  71638.0000000   2.0423188e-21
  71878.7968750   2.0141444e-21
  72119.6015625   1.9909438e-21
  72360.3984375   1.9660928e-21
  72601.2031250   1.9478635e-21
  72842.0000000   1.9213550e-21
  73082.7968750   1.8873826e-21
  73323.6015625   1.8757805e-21
  73564.3984375   1.8542390e-21
  73805.2031250   1.8335244e-21
  74046.0000000   1.8153042e-21
  74286.7968750   1.7879592e-21
  74527.6015625   1.7689015e-21
  74768.3984375   1.7548188e-21
  75009.2031250   1.7258213e-21
  75250.0000000   1.7109090e-21
  75490.7968750   1.6918476e-21
  75731.6015625   1.6727931e-21
  75972.3984375   1.6520799e-21
  76213.2031250   1.6305415e-21
  76454.0000000   1.6164527e-21
  76694.7968750   1.5965704e-21
  76935.6015625   1.5799969e-21
  77296.7968750   1.5510039e-21
  77778.3984375   1.5153719e-21
  78260.0000000   1.4814038e-21
  78741.6015625   1.4474344e-21
  79223.2031250   1.4101504e-21
  79704.7968750   1.3828097e-21
  80186.3984375   1.3529833e-21
  80668.0000000   1.3264716e-21
  81149.6015625   1.2958157e-21
  81631.2031250   1.2668137e-21
  82112.7968750   1.2386457e-21
  82594.3984375   1.2154469e-21
  83076.0000000   1.1905943e-21
  83557.6015625   1.1657379e-21
  84039.2031250   1.1417112e-21
  84520.7968750   1.1201654e-21
  85002.3984375   1.0944841e-21
  85484.0000000   1.0737683e-21
  85965.6015625   1.0514017e-21
  86447.2031250   1.0298582e-21
  86928.7968750   1.0108006e-21
  87410.3984375   9.9174715e-22
  87892.0000000   9.6937601e-22
  88373.6015625   9.5031844e-22
  88855.2031250   9.2712114e-22
  89336.7968750   9.0806438e-22
  89818.3984375   8.9314928e-22
  90300.0000000   8.6995187e-22
  90781.6015625   8.6001035e-22
  91263.2031250   8.4343983e-22
  91744.7968750   8.2802824e-22
  92226.3984375   8.1427389e-22
  92708.0000000   7.9977450e-22
  93189.6015625   7.8254451e-22
  93671.2031250   7.6845816e-22
  94152.7968750   7.5437357e-22
  94634.3984375   7.4210990e-22
  95116.0000000   7.2545598e-22
  95597.6015625   7.1278230e-22
  96079.2031250   6.9670691e-22
  96560.7968750   6.8568784e-22
  97042.3984375   6.7433638e-22
  97524.0000000   6.6025224e-22
  98005.6015625   6.5030936e-22
  98487.2031250   6.3895966e-22
  98968.7968750   6.2827144e-22
  99450.3984375   6.1774842e-22
  99932.0000000   6.0606671e-22
 100413.6015625   5.9405245e-22
 100895.2031250   5.8460818e-22
 101376.7968750   5.7367151e-22
 101858.3984375   5.6621487e-22
 102340.0000000   5.5494681e-22
 102821.6015625   5.4649613e-22
 103303.2031250   5.2039773e-22
 103784.7968750   4.9761321e-22
 104266.3984375   4.9827585e-22
 104748.0000000   4.7598721e-22
 105229.6015625   4.6405640e-22
 105711.2031250   4.5403300e-22
 106192.7968750   4.3365100e-22
 106674.3984375   4.3017027e-22
 107156.0000000   4.2047606e-22
 107637.6015625   4.0547996e-22
 108119.2031250   4.0664093e-22
 108600.7968750   3.9595241e-22
 109082.3984375   3.8468399e-22
 109564.0000000   3.8385535e-22
 110045.6015625   3.7747585e-22
 110527.2031250   3.6488242e-22
 111008.7968750   3.6637424e-22
 111490.3984375   3.5792270e-22
 111972.0000000   3.5245528e-22
 112453.6015625   3.4938983e-22
 112935.2031250   3.4358916e-22
 113416.7968750   3.3712734e-22
 113898.3984375   3.3687870e-22
 114380.0000000   3.2991948e-22
 114861.6015625   3.2544529e-22
 115343.2031250   3.2072176e-22
 115824.7968750   3.1384532e-22
 116306.3984375   3.1434330e-22
 116788.0000000   3.0821217e-22
 117269.6015625   3.0232934e-22
 117751.2031250   2.9901491e-22
 118232.7968750   2.9404413e-22
 118714.3984375   2.9023233e-22
 119196.0000000   2.8526091e-22
 119677.6015625   2.8368673e-22
 120159.2031250   2.7846765e-22
 120640.7968750   2.7589907e-22
 121122.3984375   2.7208817e-22
 121604.0000000   2.6637142e-22
 122085.6015625   2.6388543e-22
 122567.2031250   2.6032281e-22
 123048.7968750   2.5601434e-22
 123530.3984375   2.5236945e-22
 124012.0000000   2.4905523e-22
 124493.6015625   2.4806076e-22
 124975.2031250   2.4366934e-22
 125456.7968750   2.4035534e-22
 125938.3984375   2.3687514e-22
 126420.0000000   2.3480464e-22
 126901.6015625   2.3380956e-22
 127383.2031250   2.2817641e-22
 127864.7968750   2.2469583e-22
 128346.3984375   2.2312245e-22
 128828.0000000   2.2013915e-22
 129309.6015625   2.1740567e-22
 129791.2031250   2.1500241e-22
 130272.7968750   2.1243441e-22
 130754.3984375   2.0878827e-22
 131236.0000000   2.0762880e-22
 131717.5937500   2.0373469e-22
 132199.2031250   2.0216065e-22
 132680.7968750   1.9868036e-22
 133162.4062500   1.9909438e-22
 133644.0000000   1.9420635e-22
 134125.5937500   1.9337823e-22
 134607.2031250   1.9006417e-22
 135088.7968750   1.8898710e-22
 135570.4062500   1.8525867e-22
 136052.0000000   1.8426383e-22
 136533.5937500   1.8177852e-22
 137015.2031250   1.7846485e-22
 137496.7968750   1.7763596e-22
 137978.4062500   1.7556438e-22
 138460.0000000   1.7332728e-22
 138941.5937500   1.7109088e-22
 139423.2031250   1.6968184e-22
 139904.7968750   1.6736233e-22
 140386.4062500   1.6545632e-22
 140868.0000000   1.6346788e-22
 141349.5937500   1.6089944e-22
 141831.2031250   1.5924247e-22
 142312.7968750   1.5700567e-22
 142794.4062500   1.5592886e-22
 143276.0000000   1.5360903e-22
 143757.5937500   1.5244902e-22
 144239.2031250   1.5062616e-22
 144720.7968750   1.4888591e-22
 145202.4062500   1.4706367e-22
 145684.0000000   1.4499221e-22
 146165.5937500   1.4341777e-22
 146647.2031250   1.4159528e-22
 147128.7968750   1.3985489e-22
 147610.4062500   1.3852959e-22
 148092.0000000   1.3712105e-22
 148573.5937500   1.3587834e-22
 149055.2031250   1.3413810e-22
 149536.7968750   1.3289556e-22
 150018.4062500   1.3090690e-22
 150500.0000000   1.2916735e-22
 150981.5937500   1.2775860e-22
 151463.2031250   1.2643292e-22
 151944.7968750   1.2494199e-22
 152426.4062500   1.2386457e-22
 152908.0000000   1.2229056e-22
 153389.5937500   1.2129619e-22
 153871.2031250   1.1955616e-22
 154593.5937500   1.1765080e-22
 155556.7968750   1.1491665e-22
 156520.0000000   1.1234813e-22
 157483.2031250   1.0986258e-22
 158446.4062500   1.0762564e-22
 159409.5937500   1.0514018e-22
 160372.7968750   1.0290309e-22
 161336.0000000   1.0066584e-22
 162299.2031250   9.8345838e-23
 163262.4062500   9.6274882e-23
 164225.5937500   9.4203251e-23
 165188.7968750   9.2215069e-23
 166152.0000000   9.0226439e-23
 167115.2031250   8.8321025e-23
 168078.4062500   8.6415238e-23
 169041.5937500   8.4592534e-23
 170004.7968750   8.2827921e-23
 170968.0000000   8.1054543e-23
 171931.2031250   7.9397550e-23
 172894.4062500   7.7723890e-23
 173857.5937500   7.6133313e-23
 174820.7968750   7.4542547e-23
 175784.0000000   7.3026375e-23
 176747.2031250   7.1509938e-23
 177710.4062500   7.0076685e-23
 178673.5937500   6.8577212e-23
 179636.7968750   6.7093920e-23
 180600.0000000   6.5743396e-23
 181563.2031250   6.4525673e-23
 182526.4062500   6.3299360e-23
 183489.5937500   6.2039934e-23
 184452.7968750   6.0822116e-23
 185416.0000000   5.9612502e-23
 186379.2031250   5.8452605e-23
 187342.4062500   5.7317535e-23
 188305.5937500   5.6198842e-23
 189268.7968750   5.5121826e-23
 190232.0000000   5.4053103e-23
 191195.2031250   5.3017442e-23
 192158.4062500   5.2023092e-23
 193121.5937500   5.1004146e-23
 194084.7968750   5.0042944e-23
 195048.0000000   4.9123366e-23
 196011.2031250   4.8178774e-23
 196974.4062500   4.7300510e-23
 197937.5937500   4.6430510e-23
 198900.7968750   4.5568907e-23
 199864.0000000   4.4732134e-23
 200827.2031250   4.3895297e-23
 201790.4062500   4.3099854e-23
 202753.5937500   4.2329421e-23
 203716.7968750   4.1567101e-23
 204680.0000000   4.0821558e-23
 205643.2031250   4.0092376e-23
 206606.4062500   3.9379851e-23
 207569.5937500   3.8683899e-23
 208532.7968750   3.8004419e-23
 209496.0000000   3.7333432e-23
 210459.2031250   3.6678798e-23
 211422.4062500   3.6040868e-23
 212385.5937500   3.5402989e-23
 213348.7968750   3.4789845e-23
 214312.0000000   3.4193327e-23
 215275.2031250   3.3613237e-23
 216238.4062500   3.3024999e-23
 217201.5937500   3.2486551e-23
 218164.7968750   3.1939624e-23
 219128.0000000   3.1376264e-23
 220091.2031250   3.0862526e-23
 221054.4062500   3.0357204e-23
 222017.5937500   2.9860023e-23
 222980.7968750   2.9362987e-23
 223944.0000000   2.8882470e-23
 224907.2031250   2.8401832e-23
 225870.4062500   2.7937903e-23
 226833.5937500   2.7482156e-23
 227796.7968750   2.7034790e-23
 228760.0000000   2.6595644e-23
 229723.2031250   2.6173169e-23
 230686.4062500   2.5750621e-23
 231649.5937500   2.5336340e-23
 232612.7968750   2.4938686e-23
 233576.0000000   2.4540917e-23
 234539.2031250   2.4134964e-23
 235502.4062500   2.3770361e-23
 236465.5937500   2.3405819e-23
 237428.7968750   2.3041300e-23
 238392.0000000   2.2685049e-23
 239355.2031250   2.2328812e-23
 240318.4062500   2.1989081e-23
 241281.5937500   2.1649382e-23
 481600.0000000   1.4524076e-24
 963200.0000000   9.3209383e-26
1444800.0000000   1.8509276e-26
1926400.0000000   5.8601688e-27
2408000.0000000   2.3985867e-27
2889600.0000000   1.1549649e-27
3371200.0000000   6.2271964e-28
3852800.0000000   3.6446922e-28
