    317.1349792   6.9124639e-24
    327.5899963   7.9107737e-24
    334.5599976   8.4593783e-24
    341.5299988   4.7396246e-23
    348.5000000   1.3116263e-22
    355.4700012   1.4233247e-22
    362.4400024   1.3515602e-22
    369.4100037   1.3738651e-22
    376.3799744   1.4019212e-22
    383.3499756   1.6015802e-22
    397.2899780   1.6616586e-22
    411.2299805   1.6136323e-22
    421.6849976   2.0451406e-22
    435.6250000   2.1224915e-22
    442.5950012   2.1674533e-22
    446.0799866   2.2016368e-22
    456.5349731   2.1242913e-22
    460.0199890   2.1980328e-22
    466.9899902   2.0991031e-22
    477.4449768   2.3347337e-22
    487.8999939   2.3401335e-22
    498.3549805   2.9571005e-22
    512.2949829   3.6801813e-22
    526.2349854   3.2934529e-22
    540.1749878   3.7179519e-22
    554.1149902   3.7323491e-22
    564.5700073   3.7377459e-22
    578.5100098   3.7611288e-22
    592.4500122   3.7575295e-22
    602.9049683   3.0884000e-22
    616.8449707   3.7863039e-22
    627.2999878   3.7916954e-22
    634.2699585   3.7916954e-22
    648.2099609   3.7970948e-22
    665.6350098   3.8025017e-22
    676.0899658   3.8240720e-22
    690.0299683   3.8150808e-22
    703.9699707   3.8276677e-22
    714.4249878   3.8240720e-22
    731.8499756   3.7071580e-22
    752.7599487   3.8204799e-22
    766.6999512   3.8348697e-22
    777.1549683   3.7881002e-22
    791.0949707   3.8438569e-22
    801.5499878   4.8133798e-22
    815.4899902   7.1984913e-22
    836.3999634   7.8442102e-22
    857.3099976   7.3189919e-22
    878.2199707   7.5564146e-22
    895.6449585   6.9592516e-22
    906.0999756   7.3064024e-22
    920.0399780   9.0120449e-22
    937.4649658   8.9478395e-22
    954.8899536   8.7963489e-22
    972.3149414   7.3734523e-22
    989.7399902   8.4712382e-22
   1010.6499634   8.4780863e-22
   1031.5599365   7.5265731e-22
   1048.9849854   6.6883379e-22
   1073.3800049   6.9186292e-22
   1108.2299805   6.4420446e-22
   1143.0799561   6.3042007e-22
   1177.9299316   5.6522699e-22
   1212.7799072   5.0780271e-22
   1244.1450195   6.4800680e-22
   1275.5100098   9.4178582e-22
   1306.8750000   8.8673691e-22
   1341.7249756   6.7123793e-22
   1376.5749512   9.5252200e-22
   1411.4249268   1.1280911e-21
   1442.7899170   1.0780275e-21
   1470.6699219   9.4528740e-22
   1498.5499268   8.7359815e-22
   1536.8850098   9.7750473e-22
   1571.7349854   9.6006074e-22
   1603.0999756   8.1717351e-22
   1637.9499512   8.0534484e-22
   1672.7999268   8.7726987e-22
   1707.6499023   7.2041211e-22
   1742.5000000   8.6590886e-22
   1763.4099121   7.3380786e-22
   1784.3199463   1.1401597e-21
   1812.1999512   1.0637068e-21
   1847.0499268   9.5999329e-22
   1881.8999023   7.7350460e-22
   1916.7500000   7.3735821e-22
   1951.5999756   9.5555133e-22
   1986.4499512   1.0571263e-21
   2021.2999268   1.0219257e-21
   2056.1499023   1.0313038e-21
   2091.0000000   8.5966431e-22
   2125.8498535   8.3151347e-22
   2160.6999512   1.0562538e-21
   2195.5500488   9.9566777e-22
   2230.3999023   1.1039770e-21
   2265.2500000   1.0698537e-21
   2293.1298828   9.8899984e-22
   2317.5249023   1.1283489e-21
   2352.3750000   1.2063868e-21
   2387.2248535   1.0516112e-21
   2422.0749512   1.2502069e-21
   2456.9248047   1.0343383e-21
   2495.2600098   1.3708816e-21
   2530.1098633   1.4335126e-21
   2561.4748535   1.4877568e-21
   2596.3249512   1.4970640e-21
   2631.1748047   1.5542728e-21
   2666.0249023   1.4638536e-21
   2700.8750000   1.7229235e-21
   2735.7248535   1.6699623e-21
   2770.5749512   1.9120060e-21
   2805.4248047   2.1363139e-21
   2840.2749023   2.4068213e-21
   2875.1250000   2.7533666e-21
   2909.9748535   2.4714446e-21
   2944.8249512   3.4636229e-21
   2979.6748047   3.8834441e-21
   3014.5249023   4.6162809e-21
   3049.3750000   5.3413669e-21
   3084.2248535   6.1953720e-21
   3119.0749512   7.2264292e-21
   3153.9248047   8.2875363e-21
   3188.7749023   9.3944356e-21
   3223.6250000   2.7832140e-20
   3258.4748535   4.8810329e-20
   3293.3249512   7.0022648e-20
   3328.1748047   8.8777728e-20
   3363.0249023   9.7908148e-20
   3397.8750000   4.3751024e-20
   3432.7248535   8.8653832e-20
   3467.5749512   8.8272308e-20
   3502.4248047   1.1330116e-19
   3537.2749023   1.1953641e-19
   3572.1250000   8.6335335e-20
   3606.9748535   1.2592884e-19
   3641.8249512   1.7530116e-19
   3676.6748047   1.7189631e-19
   3711.5249023   1.4779427e-19
   3746.3750000   1.6521262e-19
   3781.2248535   1.4712980e-19
   3816.0749512   1.7481757e-19
   3850.9248047   1.6837485e-19
   3885.7749023   1.6634987e-19
   3920.6250000   1.4808143e-19
   3955.4748535   1.7884490e-19
   3990.3249512   1.7189103e-19
   4025.1748047   1.7493430e-19
   4060.0249023   1.7444636e-19
   4094.8747559   1.1983550e-19
   4129.7250977   1.7090267e-19
   4164.5747070   1.4917086e-19
   4199.4248047   1.2781043e-19
   4234.2749023   1.0542054e-19
   4269.1250000   1.9528777e-19
   4303.9750977   2.3584886e-19
   4338.8247070   2.4390741e-19
   4373.6748047   2.3942647e-19
   4408.5249023   2.3447218e-19
   4443.3750000   2.7050988e-19
   4478.2250977   2.7794150e-19
   4513.0747070   2.4104922e-19
   4547.9248047   2.4686567e-19
   4582.7749023   2.8298911e-19
   4617.6250000   2.7289164e-19
   4652.4750977   2.5938740e-19
   4687.3247070   2.8340947e-19
   4722.1748047   2.7975029e-19
   4757.0249023   2.6302966e-19
   4791.8750000   2.6421640e-19
   4826.7250977   2.6410385e-19
   4861.5747070   2.0204026e-19
   4896.4248047   2.0039567e-19
   4931.2749023   2.5403345e-19
   4966.1250000   2.4953956e-19
   5000.9746094   2.6161836e-19
   5025.3696289   2.6697619e-19
   5042.7949219   2.6743623e-19
   5070.6748047   2.6085882e-19
   5105.5249023   2.4936647e-19
   5140.3750000   2.5515045e-19
   5175.2246094   2.5937486e-19
   5210.0747070   2.5925645e-19
   5244.9248047   2.4660128e-19
   5269.3198242   2.2782433e-19
   5286.7446289   2.3627600e-19
   5314.6250000   2.3593587e-19
   5349.4746094   2.0503388e-19
   5384.3247070   1.8776134e-19
   5419.1748047   1.8710197e-19
   5454.0249023   2.0744044e-19
   5488.8750000   2.1996552e-19
   5523.7246094   2.2446738e-19
   5558.5747070   2.2569613e-19
   5593.4248047   2.2248775e-19
   5628.2749023   2.2024395e-19
   5663.1250000   2.1741463e-19
   5697.9746094   2.2897486e-19
   5732.8247070   2.3018883e-19
   5767.6748047   2.2672237e-19
   5802.5249023   2.3536047e-19
   5826.9199219   2.2032230e-19
   5844.3447266   2.4447690e-19
   5872.2246094   2.4287377e-19
   5907.0747070   2.3257687e-19
   5941.9248047   2.2745241e-19
   5976.7749023   2.1569697e-19
   6011.6250000   2.1260461e-19
   6046.4746094   2.2346310e-19
   6081.3247070   2.1943388e-19
   6116.1748047   2.2436191e-19
   6151.0249023   2.1746620e-19
   6185.8750000   2.1293261e-19
   6220.7246094   2.1888334e-19
   6255.5747070   2.2456597e-19
   6290.4248047   2.2644674e-19
   6325.2749023   2.0963483e-19
   6360.1250000   2.1509060e-19
   6394.9746094   2.1046601e-19
   6429.8247070   1.9680916e-19
   6464.6748047   1.9648704e-19
   6499.5249023   1.9954992e-19
   6534.3750000   2.0849447e-19
   6569.2246094   1.9141149e-19
   6604.0747070   1.8253482e-19
   6638.9248047   1.9482003e-19
   6673.7749023   1.8497766e-19
   6708.6250000   1.7753174e-19
   6743.4746094   1.8800311e-19
   6778.3247070   1.9129971e-19
   6813.1748047   1.7561786e-19
   6854.9946289   1.8944446e-19
   6886.3598633   1.9521059e-19
   6914.2397461   1.8506380e-19
   6952.5747070   1.8110150e-19
   6987.4248047   1.8733386e-19
   7022.2749023   1.8391972e-19
   7057.1250000   1.9008118e-19
   7091.9746094   1.7752395e-19
   7126.8247070   1.8069790e-19
   7161.6748047   1.6274822e-19
   7196.5249023   1.6959866e-19
   7227.8896484   1.8568416e-19
   7241.8295898   1.7256118e-19
   7266.2246094   1.7910743e-19
   7301.0747070   1.7056000e-19
   7335.9248047   1.7430009e-19
   7370.7749023   1.7607660e-19
   7405.6250000   1.7672194e-19
   7440.4746094   1.7209800e-19
   7475.3247070   1.6843180e-19
   7510.1748047   1.7395748e-19
   7545.0249023   1.7080287e-19
   7579.8750000   1.7051581e-19
   7614.7246094   1.6598863e-19
   7649.5747070   1.7050758e-19
   7684.4248047   1.6865313e-19
   7719.2749023   1.6456882e-19
   7754.1250000   1.6147168e-19
   7788.9746094   1.6389874e-19
   7823.8247070   1.6247969e-19
   7858.6748047   1.5835491e-19
   7893.5249023   1.6155043e-19
   7928.3750000   1.6230283e-19
   7963.2246094   1.6272535e-19
   7998.0747070   1.5425152e-19
   8032.9248047   1.5709353e-19
   8067.7749023   1.5325686e-19
   8102.6250000   1.3372951e-19
   8137.4746094   1.4818424e-19
   8172.3247070   1.4795338e-19
   8207.1748047   1.4909947e-19
   8242.0244141   1.4550851e-19
   8276.8750000   1.4446106e-19
   8311.7246094   1.4007396e-19
   8346.5751953   1.4302739e-19
   8381.4248047   1.3953733e-19
   8416.2744141   1.3981091e-19
   8451.1250000   1.4099420e-19
   8485.9746094   1.3669317e-19
   8520.8251953   1.3903692e-19
   8555.6748047   1.3757610e-19
   8590.5244141   1.3609535e-19
   8625.3750000   1.3355754e-19
   8660.2246094   1.3364203e-19
   8695.0751953   1.1600911e-19
   8729.9248047   1.3148562e-19
   8757.8046875   1.2506681e-19
   8775.2294922   1.3002130e-19
   8799.6250000   1.2781548e-19
   8834.4746094   1.2767635e-19
   8869.3251953   1.2480837e-19
   8904.1748047   1.2695839e-19
   8939.0244141   1.2577683e-19
   8973.8750000   1.2758274e-19
   9008.7246094   1.2653033e-19
   9043.5751953   1.2547339e-19
   9078.4248047   1.2367670e-19
   9113.2744141   1.2232298e-19
   9148.1250000   1.2270448e-19
   9182.9746094   1.2264466e-19
   9217.8251953   1.2404879e-19
   9252.6748047   1.2362347e-19
   9287.5244141   1.1921503e-19
   9322.3750000   1.2029319e-19
   9357.2246094   1.1991922e-19
   9392.0751953   1.1699661e-19
   9426.9248047   1.1659701e-19
   9461.7744141   1.1522561e-19
   9496.6250000   1.1508199e-19
   9531.4746094   1.1539882e-19
   9566.3251953   1.1137314e-19
   9601.1748047   1.1099714e-19
   9636.0244141   1.1109956e-19
   9670.8750000   1.1248903e-19
   9705.7246094   1.1100689e-19
   9740.5742188   1.0412754e-19
   9775.4248047   1.0651981e-19
   9810.2744141   1.0926704e-19
   9845.1250000   1.0826298e-19
   9879.9746094   1.0441558e-19
   9914.8242188   1.0422683e-19
   9949.6748047   1.0340976e-19
   9984.5244141   1.0431245e-19
  10019.3750000   1.0296293e-19
  10054.2246094   1.0247391e-19
  10089.0742188   1.0130377e-19
  10141.3496094   1.0138655e-19
  10211.0498047   1.0000502e-19
  10280.7500000   9.8117353e-20
  10350.4492188   9.7545907e-20
  10420.1494141   9.6313524e-20
  10489.8496094   9.4988181e-20
  10559.5498047   9.4583974e-20
  10629.2500000   9.3536782e-20
  10698.9492188   9.2451638e-20
  10768.6494141   9.0893966e-20
  10838.3496094   9.0009303e-20
  10908.0498047   8.8466366e-20
  10977.7500000   8.7604560e-20
  11047.4492188   8.5932459e-20
  11117.1494141   8.3931367e-20
  11186.8496094   8.3240135e-20
  11256.5498047   8.1853483e-20
  11326.2500000   8.0994895e-20
  11395.9492188   7.9608922e-20
  11465.6494141   7.8446927e-20
  11535.3496094   7.7313438e-20
  11605.0498047   7.5818787e-20
  11674.7500000   7.4326585e-20
  11744.4492188   7.3075578e-20
  11814.1494141   7.2067478e-20
  11883.8496094   7.1052372e-20
  11953.5498047   6.9449011e-20
  12023.2500000   6.8344008e-20
  12092.9492188   6.7510501e-20
  12162.6494141   6.6490632e-20
  12232.3496094   6.5699919e-20
  12302.0498047   6.4727872e-20
  12371.7500000   6.3859881e-20
  12441.4492188   6.2642646e-20
  12511.1494141   6.1299828e-20
  12580.8496094   6.0532819e-20
  12650.5498047   5.9876819e-20
  12685.3994141   5.9558684e-20
  12720.2500000   5.9479482e-20
  12789.9492188   5.8394453e-20
  12859.6494141   5.5886836e-20
  12929.3496094   5.7044902e-20
  12999.0498047   5.6481501e-20
  13068.7500000   6.2129471e-20
  13138.4492188   6.2344041e-20
  13208.1494141   6.6394337e-20
  13277.8496094   7.0297815e-20
  13347.5498047   6.1448882e-20
  13417.2500000   7.1241415e-20
  13486.9492188   7.2451470e-20
  13556.6494141   5.8164349e-20
  13626.3496094   7.2153298e-20
  13696.0498047   6.8917903e-20
  13765.7500000   6.9575712e-20
  13835.4492188   5.3784185e-20
  13905.1494141   6.8653264e-20
  13974.8496094   6.9941514e-20
  14044.5498047   6.8030468e-20
  14114.2500000   6.8586062e-20
  14183.9492188   6.6387041e-20
  14253.6494141   6.1945016e-20
  14323.3496094   5.4448699e-20
  14393.0498047   6.3631709e-20
  14462.7500000   6.4103783e-20
  14532.4492188   6.3666651e-20
  14602.1494141   6.3266670e-20
  14671.8496094   6.2863678e-20
  14741.5498047   6.2015243e-20
  14811.2500000   6.1298749e-20
  14880.9492188   5.9670748e-20
  14950.6494141   5.9445012e-20
  15020.3496094   5.7493861e-20
  15090.0498047   5.3126841e-20
  15159.7500000   4.8687651e-20
  15229.4492188   5.6805149e-20
  15299.1494141   5.5871378e-20
  15368.8496094   5.5963719e-20
  15438.5498047   5.5749317e-20
  15508.2500000   5.5481369e-20
  15577.9492188   5.4095938e-20
  15647.6494141   5.4436511e-20
  15717.3496094   5.4943786e-20
  15787.0498047   5.3467885e-20
  15856.7500000   5.2868716e-20
  15926.4492188   5.3201326e-20
  15996.1494141   5.2089479e-20
  16065.8496094   5.1815450e-20
  16135.5498047   5.0812396e-20
  16205.2500000   5.0240336e-20
  16274.9492188   5.0317400e-20
  16344.6494141   4.9616936e-20
  16414.3496094   4.8350972e-20
  16484.0488281   4.8810972e-20
  16553.7500000   4.8635719e-20
  16623.4492188   4.8433645e-20
  16693.1503906   4.7739065e-20
  16762.8496094   4.6917216e-20
  16832.5488281   4.6411831e-20
  16902.2500000   4.2671256e-20
  16971.9492188   3.7953609e-20
  17041.6503906   4.4776627e-20
  17111.3496094   4.4754804e-20
  17181.0488281   4.3712993e-20
  17250.7500000   4.4209375e-20
  17320.4492188   4.3634737e-20
  17390.1503906   4.2582890e-20
  17459.8496094   4.1051927e-20
  17529.5488281   4.1743712e-20
  17599.2500000   4.1107678e-20
  17668.9492188   4.1598761e-20
  17738.6503906   4.0732616e-20
  17808.3496094   4.0517445e-20
  17878.0488281   3.9695945e-20
  17947.7500000   3.9047536e-20
  18017.4492188   3.8219735e-20
  18087.1503906   3.8123672e-20
  18156.8496094   3.7950610e-20
  18226.5488281   3.8081505e-20
  18296.2500000   3.8161196e-20
  18365.9492188   3.6914964e-20
  18435.6503906   3.7757926e-20
  18505.3496094   3.7733721e-20
  18575.0488281   3.6582172e-20
  18644.7500000   3.7016594e-20
  18714.4492188   3.6784037e-20
  18784.1503906   3.6139198e-20
  18853.8496094   3.5697978e-20
  18923.5488281   3.5487108e-20
  18993.2500000   3.5481809e-20
  19062.9492188   3.4803964e-20
  19132.6503906   3.4563900e-20
  19202.3496094   3.4244932e-20
  19272.0488281   3.4314185e-20
  19341.7500000   3.4252906e-20
  19411.4492188   3.3905374e-20
  19481.1484375   3.3321824e-20
  19550.8496094   3.3388480e-20
  19620.5488281   3.2880620e-20
  19690.2500000   3.2684814e-20
  19759.9492188   3.2278820e-20
  19829.6484375   3.2421467e-20
  19899.3496094   3.1961144e-20
  19969.0488281   3.2549299e-20
  20038.7500000   3.1772069e-20
  20108.4492188   3.1781701e-20
  20178.1484375   3.1159344e-20
  20247.8496094   3.1404991e-20
  20317.5488281   3.1492695e-20
  20387.2500000   3.0919559e-20
  20456.9492188   3.0265530e-20
  20526.6484375   2.9397876e-20
  20596.3496094   3.0012846e-20
  20666.0488281   2.9885787e-20
  20735.7500000   2.9598551e-20
  20805.4492188   2.9736141e-20
  20875.1484375   2.9261207e-20
  20944.8496094   2.9051847e-20
  21014.5488281   2.9215111e-20
  21084.2500000   2.9218317e-20
  21153.9492188   2.9140914e-20
  21223.6484375   2.8501219e-20
  21293.3496094   2.8395766e-20
  21363.0488281   2.7673201e-20
  21432.7500000   2.7512631e-20
  21502.4492188   2.6975298e-20
  21572.1484375   2.7189747e-20
  21641.8496094   2.6868649e-20
  21711.5488281   2.6282872e-20
  21781.2500000   2.5717095e-20
  21850.9492188   2.6243656e-20
  21920.6484375   2.6427558e-20
  21990.3496094   2.6033007e-20
  22060.0488281   2.6197825e-20
  22129.7500000   2.5929287e-20
  22199.4492188   2.5798432e-20
  22269.1484375   2.5957543e-20
  22338.8496094   2.5709305e-20
  22408.5488281   2.5675114e-20
  22478.2500000   2.5540158e-20
  22547.9492188   2.5456393e-20
  22617.6484375   2.4982467e-20
  22687.3496094   2.5173445e-20
  22757.0488281   2.4919351e-20
  22826.7500000   2.3984008e-20
  22896.4492188   2.1788202e-20
  22966.1484375   2.4326128e-20
  23035.8496094   2.4541279e-20
  23105.5488281   2.4328692e-20
  23175.2500000   2.4104602e-20
  23244.9492188   2.3613596e-20
  23314.6484375   2.3693377e-20
  23384.3496094   2.3198214e-20
  23454.0488281   2.3346518e-20
  23523.7500000   2.3018074e-20
  23593.4492188   2.3042047e-20
  23663.1484375   2.2776030e-20
  23732.8496094   2.2821689e-20
  23802.5488281   2.2850774e-20
  23872.2500000   2.2564259e-20
  23941.9492188   2.2681598e-20
  24011.6484375   2.2837731e-20
  24081.3496094   2.2735953e-20
  24151.0488281   2.2503594e-20
  24220.7500000   2.2276152e-20
  24290.4492188   2.2368109e-20
  24360.1484375   2.2204069e-20
  24429.8496094   2.1933946e-20
  24499.5488281   2.1978013e-20
  24569.2500000   2.1810224e-20
  24638.9492188   2.1153726e-20
  24708.6484375   2.0772581e-20
  24778.3496094   2.0150503e-20
  24848.0488281   1.9826665e-20
  24917.7500000   1.9882908e-20
  24987.4492188   1.9958674e-20
  25057.1484375   1.9796300e-20
  25126.8496094   2.0129981e-20
  25196.5488281   2.0239639e-20
  25266.2500000   2.0360442e-20
  25335.9492188   2.0338100e-20
  25405.6484375   2.0121496e-20
  25475.3496094   2.0419545e-20
  25545.0488281   2.0396957e-20
  25614.7500000   2.0427708e-20
  25684.4492188   2.0684094e-20
  25754.1484375   2.0396062e-20
  25823.8496094   2.0316495e-20
  25893.5488281   2.0366793e-20
  25963.2500000   2.0340691e-20
  26032.9492188   2.0286092e-20
  26102.6484375   2.0160682e-20
  26172.3496094   2.0256000e-20
  26242.0488281   2.0345695e-20
  26311.7500000   2.0344622e-20
  26381.4492188   2.0187262e-20
  26451.1484375   1.9941764e-20
  26520.8496094   1.9769625e-20
  26590.5488281   1.9622832e-20
  26660.2500000   1.9438757e-20
  26729.9492188   1.8969672e-20
  26799.6484375   1.9149558e-20
  26869.3496094   1.8890524e-20
  26939.0488281   1.8836510e-20
  27008.7500000   1.8733878e-20
  27078.4492188   1.8753881e-20
  27148.1484375   1.8839572e-20
  27217.8496094   1.8790900e-20
  27287.5488281   1.8722036e-20
  27357.2500000   1.8464083e-20
  27426.9492188   1.8457839e-20
  27496.6484375   1.7992896e-20
  27566.3496094   1.7725206e-20
  27636.0488281   1.7775800e-20
  27705.7500000   1.7605263e-20
  27775.4492188   1.7922939e-20
  27845.1484375   1.7855687e-20
  27914.8496094   1.7952246e-20
  27984.5488281   1.7905003e-20
  28054.2500000   1.7791343e-20
  28123.9492188   1.7654430e-20
  28193.6484375   1.7367350e-20
  28263.3496094   1.7273255e-20
  28333.0488281   1.7447470e-20
  28402.7500000   1.7413864e-20
  28472.4492188   1.7432153e-20
  28542.1484375   1.7207533e-20
  28611.8496094   1.7101305e-20
  28681.5488281   1.7185857e-20
  28751.2500000   1.7183667e-20
  28820.9492188   1.7233474e-20
  28890.6484375   1.7083364e-20
  28960.3496094   1.6648656e-20
  29030.0488281   1.6643026e-20
  29099.7500000   1.6582178e-20
  29169.4492188   1.6617097e-20
  29239.1484375   1.6370021e-20
  29308.8496094   1.6628780e-20
  29378.5488281   1.6337699e-20
  29448.2500000   1.6232634e-20
  29517.9492188   1.6127395e-20
  29587.6484375   1.6368869e-20
  29657.3496094   1.5613263e-20
  29727.0488281   1.6301003e-20
  29796.7500000   1.5103712e-20
  29866.4492188   1.6609582e-20
  29936.1484375   1.6045302e-20
  30005.8496094   1.6038680e-20
  30075.5488281   1.6669727e-20
  30145.2500000   1.6397075e-20
  30214.9492188   1.4859284e-20
  30284.6484375   1.6181884e-20
  30354.3496094   1.6570820e-20
  30424.0488281   1.6400100e-20
  30493.7500000   1.5454581e-20
  30563.4492188   1.6248682e-20
  30633.1484375   1.6482632e-20
  30702.8496094   1.6246756e-20
  30772.5488281   1.6257463e-20
  30842.2500000   1.5968184e-20
  30911.9492188   1.5160799e-20
  30981.6484375   1.6103967e-20
  31051.3496094   1.6317692e-20
  31121.0488281   1.6042483e-20
  31190.7500000   1.6038257e-20
  31260.4492188   1.5998508e-20
  31330.1484375   1.5822978e-20
  31399.8496094   1.4841413e-20
  31469.5488281   1.5406397e-20
  31539.2500000   1.6033890e-20
  31608.9492188   1.5837231e-20
  31678.6484375   1.5439316e-20
  31748.3496094   1.5484747e-20
  31818.0488281   1.5663332e-20
  31887.7500000   1.5528263e-20
  31957.4492188   1.5333765e-20
  32027.1484375   1.5251624e-20
  32096.8496094   1.4653524e-20
  32166.5488281   1.3900518e-20
  32236.2500000   1.4473476e-20
  32305.9492188   1.4747008e-20
  32375.6484375   1.4800992e-20
  32445.3496094   1.4866856e-20
  32515.0488281   1.4775142e-20
  32584.7480469   1.4751800e-20
  32654.4492188   1.4567667e-20
  32724.1484375   1.4633458e-20
  32793.8476562   1.4312102e-20
  32863.5507812   1.4565429e-20
  32933.2500000   1.4333174e-20
  33002.9492188   1.4458484e-20
  33072.6484375   1.4437670e-20
  33142.3476562   1.4234809e-20
  33212.0507812   1.4088464e-20
  33281.7500000   1.3281935e-20
  33351.4492188   1.3935788e-20
  33421.1484375   1.4246443e-20
  33490.8476562   1.4093786e-20
  33560.5507812   1.4075601e-20
  33630.2500000   1.3955632e-20
  33699.9492188   1.3877401e-20
  33769.6484375   1.3993868e-20
  33839.3476562   1.3912549e-20
  33909.0507812   1.3858214e-20
  33978.7500000   1.3758758e-20
  34048.4492188   1.3764260e-20
  34118.1484375   1.3592629e-20
  34187.8476562   1.3799122e-20
  34257.5507812   1.3687400e-20
  34327.2500000   1.3737867e-20
  34396.9492188   1.3647063e-20
  34466.6484375   1.3592212e-20
  34536.3476562   1.3522252e-20
  34606.0507812   1.3539485e-20
  34675.7500000   1.3508599e-20
  34745.4492188   1.3489688e-20
  34815.1484375   1.3401407e-20
  34937.1250000   1.3113383e-20
  35111.3750000   1.2837637e-20
  35285.6250000   1.3077955e-20
  35459.8750000   1.2946687e-20
  35634.1250000   1.2899919e-20
  35808.3750000   1.2849539e-20
  35982.6250000   1.2635152e-20
  36156.8750000   1.2514483e-20
  36331.1250000   1.2478152e-20
  36505.3750000   1.2329707e-20
  36679.6250000   1.2268723e-20
  36853.8750000   1.2119256e-20
  37028.1250000   1.2030007e-20
  37202.3750000   1.1800029e-20
  37376.6250000   1.1753583e-20
  37550.8750000   1.1632593e-20
  37725.1250000   1.1392388e-20
  37899.3750000   1.1206889e-20
  38073.6250000   1.0790364e-20
  38247.8750000   1.0720266e-20
  38422.1250000   1.0659282e-20
  38596.3750000   1.0555072e-20
  38770.6250000   1.0490327e-20
  38944.8750000   1.0419250e-20
  39119.1250000   1.0366576e-20
  39293.3750000   1.0252027e-20
  39467.6250000   1.0205308e-20
  39641.8750000   1.0149169e-20
  39816.1250000   1.0070491e-20
  39990.3750000   1.0119527e-20
  40164.6250000   1.0071686e-20
  40338.8750000   9.9624954e-21
  40513.1250000   9.8460528e-21
  40687.3750000   9.8041114e-21
  40861.6250000   9.8367171e-21
  41035.8750000   9.7074944e-21
  41210.1250000   9.6372333e-21
  41384.3750000   9.4951061e-21
  41558.6250000   9.5806425e-21
  41732.8750000   9.3191525e-21
  41907.1250000   9.4074411e-21
  42081.3750000   9.3022648e-21
  42255.6250000   9.2587756e-21
  42429.8750000   9.2434178e-21
  42604.1250000   9.1597659e-21
  42778.3750000   9.0909540e-21
  42952.6250000   9.0063474e-21
  43126.8750000   8.9625100e-21
  43301.1250000   8.8808146e-21
  43475.3750000   8.8336298e-21
  43649.6250000   8.7296918e-21
  43823.8750000   8.6886123e-21
  43998.1250000   8.6313720e-21
  44172.3750000   8.5424848e-21
  44346.6250000   8.5134963e-21
  44520.8750000   8.4655110e-21
  44695.1250000   8.1043643e-21
  44869.3750000   8.3028375e-21
  45043.6250000   8.2131118e-21
  45217.8750000   8.2471248e-21
  45392.1250000   8.1413935e-21
  45566.3750000   8.1500159e-21
  45740.6250000   8.0313728e-21
  45914.8750000   7.9951594e-21
  46089.1250000   7.9684126e-21
  46263.3750000   7.8586246e-21
  46437.6250000   7.8763500e-21
  46611.8750000   7.7918491e-21
  46786.1250000   7.8031501e-21
  46960.3750000   7.7408232e-21
  47134.6250000   7.7007429e-21
  47308.8750000   7.5903749e-21
  47483.1250000   7.5533626e-21
  47657.3750000   7.5418604e-21
  47831.6250000   7.5239622e-21
  48005.8750000   7.4772184e-21
  48180.1250000   7.4525314e-21
  48354.3750000   7.3701825e-21
  48528.6250000   7.2784107e-21
  48702.8750000   7.2535524e-21
  48877.1250000   7.1324375e-21
  49051.3750000   7.0946352e-21
  49225.6250000   6.9540274e-21
  49399.8750000   6.9289382e-21
  49574.1250000   6.8360516e-21
  49748.3750000   6.7529482e-21
  49922.6250000   6.8210565e-21
  50096.8750000   6.8245632e-21
  50271.1250000   6.6669586e-21
  50445.3750000   6.7480268e-21
  50619.6250000   6.6676319e-21
  50776.4492188   6.6869281e-21
  50950.6992188   6.6158273e-21
  51142.3750000   6.5938981e-21
  51316.6250000   6.5032758e-21
  51490.8750000   6.5195763e-21
  51665.1250000   6.5099623e-21
  51839.3750000   6.4742082e-21
  52013.6250000   6.5584889e-21
  52187.8750000   6.4935431e-21
  52362.1250000   6.4709677e-21
  52536.3750000   6.4221293e-21
  52710.6250000   6.4705981e-21
  52884.8750000   6.4736681e-21
  53059.1250000   6.4637533e-21
  53233.3750000   6.4570571e-21
  53407.6250000   6.4146031e-21
  53581.8750000   6.4534285e-21
  53756.1250000   6.4204370e-21
  53930.3750000   6.4264740e-21
  54104.6250000   6.3578637e-21
  54278.8750000   6.0904012e-21
  54453.1250000   6.1645397e-21
  54627.3750000   6.1478850e-21
  54801.6250000   6.2356356e-21
  54975.8750000   5.8757696e-21
  55150.1250000   5.8295546e-21
  55324.3750000   5.8089809e-21
  55498.6250000   6.0013193e-21
  55672.8750000   5.8173040e-21
  55934.2500000   5.8768537e-21
  56282.7500000   5.9338851e-21
  56631.2500000   5.7882767e-21
  56979.7500000   5.9043542e-21
  57328.2500000   5.6534119e-21
  57676.7500000   5.7564606e-21
  58025.2500000   5.6294778e-21
  58373.7500000   5.5812764e-21
  58722.2500000   5.4473579e-21
  59070.7500000   5.4677067e-21
  59419.2500000   5.3631810e-21
  59767.7500000   5.3042678e-21
  60116.2500000   5.1994631e-21
  60464.7500000   5.0577066e-21
  60813.2500000   5.0414506e-21
  61161.7500000   4.9688897e-21
  61510.2500000   4.8995459e-21
  61858.7500000   4.8068948e-21
  62207.2500000   4.7638741e-21
  62555.7500000   4.6805668e-21
  62904.2500000   4.5842378e-21
  63252.7500000   4.4973911e-21
  63601.2500000   4.4370235e-21
  63949.7500000   4.3669627e-21
  64298.2500000   4.2831222e-21
  64646.7500000   4.2291770e-21
  64995.2460938   4.1284625e-21
  65343.7460938   4.0343081e-21
  65692.2500000   4.0168230e-21
  66040.7500000   3.8887522e-21
  66389.2500000   3.9079272e-21
  66737.7500000   3.8334551e-21
  67086.2500000   3.7786790e-21
  67434.7500000   3.6872836e-21
  67783.2500000   3.5921619e-21
  68131.7500000   3.5840779e-21
  68480.2500000   3.5156226e-21
  68828.7500000   3.4439948e-21
  69177.2500000   3.3988714e-21
  69525.7500000   3.3496725e-21
  69874.2500000   3.3185713e-21
  70222.7500000   3.2707071e-21
  70571.2500000   3.1886977e-21
  70919.7500000   3.1389408e-21
  71268.2500000   3.1197822e-21
  71616.7500000   3.0602490e-21
  71965.2500000   3.0059544e-21
  72313.7500000   2.9662055e-21
  72662.2500000   2.9176385e-21
  73010.7500000   2.8662267e-21
  73359.2500000   2.8442573e-21
  73707.7500000   2.7908395e-21
  74056.2500000   2.7478459e-21
  74404.7500000   2.7239829e-21
  74753.2500000   2.6798881e-21
  75101.7500000   2.6367852e-21
  75450.2500000   2.5754622e-21
  75798.7500000   2.5492194e-21
  76147.2500000   2.5195566e-21
  76495.7500000   2.4888396e-21
  76844.2500000   2.4346755e-21
  77192.7500000   2.4223885e-21
  77541.2500000   2.3688175e-21
  77889.7500000   2.3393421e-21
  78238.2500000   2.3076073e-21
  78586.7500000   2.2780730e-21
  78935.2500000   2.2359074e-21
  79283.7500000   2.2219873e-21
  79632.2500000   2.1782176e-21
  79980.7500000   1.8454759e-21
  80329.2500000   1.9694839e-21
  80677.7500000   1.9552548e-21
  81026.2500000   1.6789635e-21
  81374.7500000   1.8136496e-21
  81723.2500000   1.7164359e-21
  82071.7500000   1.5407210e-21
  82420.2500000   1.6772315e-21
  82768.7500000   1.5866680e-21
  83117.2500000   1.4644002e-21
  83465.7500000   1.5719497e-21
  83814.2500000   1.5291800e-21
  84162.7500000   1.4188373e-21
  84511.2500000   1.4975835e-21
  84859.7500000   1.4519762e-21
  85208.2500000   1.4011764e-21
  85556.7500000   1.4106605e-21
  85905.2500000   1.4185444e-21
  86253.7500000   1.3862172e-21
  86602.2500000   1.2613584e-21
  86950.7500000   1.2608213e-21
  87299.2500000   1.2961820e-21
  87647.7500000   1.2489337e-21
  87996.2500000   1.2914544e-21
  88344.7500000   1.3020587e-21
  88693.2500000   1.3023332e-21
  89041.7500000   1.3022589e-21
  89390.2500000   1.3069170e-21
  89738.7500000   1.3158208e-21
  90087.2500000   1.2736105e-21
  90435.7500000   1.2761861e-21
  90784.2500000   1.2788679e-21
  91132.7500000   1.2500696e-21
  91481.2500000   1.2298987e-21
  91829.7500000   1.2355780e-21
  92178.2500000   1.2254237e-21
  92526.7500000   1.2052164e-21
  92875.2500000   1.1852382e-21
  93223.7500000   1.1923912e-21
  93572.2500000   1.1818493e-21
  93920.7500000   1.1522107e-21
  94269.2500000   1.1554437e-21
  94617.7500000   1.1420892e-21
  94966.2500000   1.1360261e-21
  95314.7500000   1.1069191e-21
  95663.2500000   1.1070941e-21
  96011.7500000   1.0961310e-21
  96360.2500000   1.0816745e-21
  96708.7500000   1.0612011e-21
  97057.2500000   1.0599622e-21
  97405.7500000   1.0538351e-21
  97754.2500000   1.0409965e-21
  98102.7500000   1.0226440e-21
  98451.2500000   1.0171882e-21
  98799.7500000   1.0113840e-21
  99148.2500000   9.9815456e-22
  99496.7500000   9.8530166e-22
  99845.2500000   9.7446571e-22
 100193.7500000   9.6048251e-22
 100542.2500000   9.5384073e-22
 100890.7500000   9.4335890e-22
 101239.2500000   9.3252124e-22
 101587.7500000   9.2343295e-22
 101936.2500000   9.0770703e-22
 102284.7500000   9.0386021e-22
 102633.2500000   8.8952965e-22
 102981.7500000   8.7939538e-22
 103330.2500000   8.7205334e-22
 103678.7500000   8.6156929e-22
 104027.2500000   8.4968362e-22
 104375.7500000   8.3990003e-22
 104724.2500000   8.2941270e-22
 105072.7500000   8.2172250e-22
 105421.2500000   8.1053961e-22
 105769.7500000   7.9620814e-22
 106118.2500000   7.9131720e-22
 106466.7500000   7.8222963e-22
 106815.2500000   7.7349102e-22
 107163.7500000   7.6580118e-22
 107512.2500000   7.5426553e-22
 107860.7500000   7.4622586e-22
 108209.2500000   7.4028500e-22
 108557.7500000   7.2805207e-22
 108906.2500000   7.2176118e-22
 109254.7500000   7.1372318e-22
 109603.2500000   7.0568169e-22
 109951.7500000   6.9694369e-22
 110300.2500000   6.8785758e-22
 110648.7500000   6.8191398e-22
 110997.2500000   6.7352651e-22
 111345.7500000   6.6653774e-22
 111868.5000000   6.5430395e-22
 112565.5000000   6.3927511e-22
 113262.5000000   6.2494258e-22
 113959.5000000   6.1061227e-22
 114656.5000000   5.9488367e-22
 115353.5000000   5.8334984e-22
 116050.5000000   5.7076735e-22
 116747.5000000   5.5958309e-22
 117444.5000000   5.4665067e-22
 118141.5000000   5.3441830e-22
 118838.5000000   5.2253308e-22
 119535.5000000   5.1274641e-22
 120232.5000000   5.0226216e-22
 120929.5000000   4.9177629e-22
 121626.5000000   4.8164040e-22
 122323.5000000   4.7255323e-22
 123020.5000000   4.6171728e-22
 123717.5000000   4.5298014e-22
 124414.5000000   4.4354258e-22
 125111.5000000   4.3445430e-22
 125808.5000000   4.2641463e-22
 126505.5000000   4.1837679e-22
 127202.5000000   4.0893936e-22
 127899.5000000   4.0089977e-22
 128596.5000000   3.9111380e-22
 129293.5000000   3.8307454e-22
 129990.4921875   3.7678413e-22
 130687.4921875   3.6699645e-22
 131384.5000000   3.6280256e-22
 132081.5000000   3.5581214e-22
 132778.5000000   3.4931064e-22
 133475.5000000   3.4350977e-22
 134172.5000000   3.3739303e-22
 134869.5000000   3.3012292e-22
 135566.5000000   3.2418048e-22
 136263.5000000   3.1823878e-22
 136960.5000000   3.1306529e-22
 137657.5000000   3.0604100e-22
 138354.5000000   3.0069315e-22
 139051.5000000   2.9391163e-22
 139748.5000000   2.8926313e-22
 140445.5000000   2.8447569e-22
 141142.5000000   2.7853293e-22
 141839.5000000   2.7433843e-22
 142536.5000000   2.6955046e-22
 143233.5000000   2.6504154e-22
 143930.5000000   2.6060233e-22
 144627.5000000   2.5567429e-22
 145324.5000000   2.5060599e-22
 146021.5000000   2.4662185e-22
 146718.5000000   2.4200811e-22
 147415.5000000   2.3886249e-22
 148112.5000000   2.3410895e-22
 148809.5000000   2.3054396e-22
 149506.5000000   2.1953413e-22
 150203.5000000   2.0992227e-22
 150900.5000000   2.1020182e-22
 151597.5000000   2.0080004e-22
 152294.5000000   1.9576693e-22
 152991.5000000   1.9153761e-22
 153688.5000000   1.8293931e-22
 154385.5000000   1.8147093e-22
 155082.5000000   1.7738211e-22
 155779.5000000   1.7105587e-22
 156476.5000000   1.7154486e-22
 157173.5000000   1.6703583e-22
 157870.5000000   1.6228286e-22
 158567.5000000   1.6193329e-22
 159264.5000000   1.5924204e-22
 159961.5000000   1.5392871e-22
 160658.5000000   1.5455803e-22
 161355.5000000   1.5099334e-22
 162052.5000000   1.4868619e-22
 162749.5000000   1.4739302e-22
 163446.5000000   1.4494659e-22
 164143.5000000   1.4222000e-22
 164840.5000000   1.4211510e-22
 165537.5000000   1.3917928e-22
 166234.5000000   1.3729181e-22
 166931.5000000   1.3529974e-22
 167628.5000000   1.3239827e-22
 168325.5000000   1.3260835e-22
 169022.5000000   1.3002187e-22
 169719.5000000   1.2754015e-22
 170416.5000000   1.2614195e-22
 171113.5000000   1.2404497e-22
 171810.5000000   1.2243693e-22
 172507.5000000   1.2034023e-22
 173204.5000000   1.1967613e-22
 173901.5000000   1.1747390e-22
 174598.5000000   1.1639032e-22
 175295.5000000   1.1478266e-22
 175992.5000000   1.1237101e-22
 176689.5000000   1.1132227e-22
 177386.5000000   1.0981935e-22
 178083.5000000   1.0800179e-22
 178780.5000000   1.0646416e-22
 179477.5000000   1.0506602e-22
 180174.5000000   1.0464651e-22
 180871.5000000   1.0279395e-22
 181568.5000000   1.0139590e-22
 182265.5000000   9.9928192e-23
 182962.5000000   9.9054298e-23
 183659.5000000   9.8634946e-23
 184356.5000000   9.6258127e-23
 185053.5000000   9.4790233e-23
 185750.5000000   9.4126069e-23
 186447.5000000   9.2867533e-23
 187144.5000000   9.1714395e-23
 187841.5000000   9.0700570e-23
 188538.5000000   8.9617230e-23
 189235.5000000   8.8079463e-23
 189932.5000000   8.7589940e-23
 190629.5000000   8.5947178e-23
 191326.5000000   8.5283153e-23
 192023.5000000   8.3814975e-23
 192720.5000000   8.3989995e-23
 193417.5000000   8.1927572e-23
 194114.5000000   8.1578227e-23
 194811.5000000   8.0180157e-23
 195508.5000000   7.9725786e-23
 196205.5000000   7.8152911e-23
 196902.5000000   7.7733577e-23
 197599.5000000   7.6684790e-23
 198296.5000000   7.5286891e-23
 198993.5000000   7.4937211e-23
 199690.5000000   7.4063620e-23
 200387.5000000   7.3119877e-23
 201084.5000000   7.2176122e-23
 201781.5000000   7.1582015e-23
 202478.5000000   7.0603196e-23
 203175.5000000   6.9799442e-23
 203872.5000000   6.8960592e-23
 204569.5000000   6.7877070e-23
 205266.5000000   6.7178057e-23
 205963.5000000   6.6234150e-23
 206660.5000000   6.5779892e-23
 207357.5000000   6.4801250e-23
 208054.5000000   6.4311898e-23
 208751.5000000   6.3542904e-23
 209448.5000000   6.2809036e-23
 210145.5000000   6.2040029e-23
 210842.5000000   6.1166173e-23
 211539.5000000   6.0501990e-23
 212236.5000000   5.9733147e-23
 212933.5000000   5.8999216e-23
 213630.5000000   5.8439863e-23
 214327.5000000   5.7845662e-23
 215024.5000000   5.7321410e-23
 215721.5000000   5.6587523e-23
 216418.5000000   5.6063101e-23
 217115.5000000   5.5224416e-23
 217812.5000000   5.4490327e-23
 218509.5000000   5.3896031e-23
 219206.5000000   5.3337013e-23
 219903.5000000   5.2707823e-23
 220600.5000000   5.2253304e-23
 221297.5000000   5.1589291e-23
 221994.5000000   5.1169813e-23
 222691.5000000   5.0435768e-23
 223737.0000000   4.9631973e-23
 225131.0000000   4.8478548e-23
 226525.0000000   4.7394994e-23
 227919.0000000   4.6346446e-23
 229313.0000000   4.5402776e-23
 230707.0000000   4.4354260e-23
 232101.0000000   4.3410527e-23
 233495.0000000   4.2466724e-23
 234889.0000000   4.1488199e-23
 236283.0000000   4.0614365e-23
 237677.0000000   3.9740604e-23
 239071.0000000   3.8901697e-23
 240465.0000000   3.8062775e-23
 241859.0000000   3.7258964e-23
 243253.0000000   3.6454988e-23
 244647.0000000   3.5686070e-23
 246041.0000000   3.4941650e-23
 247435.0000000   3.4193684e-23
 248829.0000000   3.3494665e-23
 250223.0000000   3.2788619e-23
 251617.0000000   3.2117475e-23
 253011.0000000   3.1446394e-23
 254405.0000000   3.0806785e-23
 255799.0000000   3.0167199e-23
 257193.0000000   2.9562436e-23
 258587.0000000   2.8929871e-23
 259980.9843750   2.8304254e-23
 261374.9843750   2.7734522e-23
 262769.0000000   2.7220696e-23
 264163.0000000   2.6703364e-23
 265557.0000000   2.6172177e-23
 266951.0000000   2.5658319e-23
 268345.0000000   2.5148031e-23
 269739.0000000   2.4658717e-23
 271133.0000000   2.4179884e-23
 272527.0000000   2.3708055e-23
 273921.0000000   2.3253602e-23
 275315.0000000   2.2802753e-23
 276709.0000000   2.2365849e-23
 278103.0000000   2.1946473e-23
 279497.0000000   2.1516524e-23
 280891.0000000   2.1111033e-23
 282285.0000000   2.0723103e-23
 283679.0000000   2.0324616e-23
 285073.0000000   1.9954115e-23
 286467.0000000   1.9587186e-23
 287861.0000000   1.9223625e-23
 289255.0000000   1.8870624e-23
 290649.0000000   1.8517599e-23
 292043.0000000   1.8182114e-23
 293437.0000000   1.7857020e-23
 294831.0000000   1.7535505e-23
 296225.0000000   1.7220914e-23
 297619.0000000   1.6913302e-23
 299013.0000000   1.6612720e-23
 300407.0000000   1.6319126e-23
 301801.0000000   1.6032552e-23
 303195.0000000   1.5749419e-23
 304589.0000000   1.5473324e-23
 305983.0000000   1.5204141e-23
 307377.0000000   1.4935048e-23
 308771.0000000   1.4676386e-23
 310165.0000000   1.4424741e-23
 311559.0000000   1.4180087e-23
 312953.0000000   1.3931932e-23
 314347.0000000   1.3704723e-23
 315741.0000000   1.3474055e-23
 317135.0000000   1.3236340e-23
 318529.0000000   1.3019673e-23
 319923.0000000   1.2806440e-23
 321317.0000000   1.2596756e-23
 322711.0000000   1.2387021e-23
 324105.0000000   1.2184312e-23
 325499.0000000   1.1981603e-23
 326893.0000000   1.1785838e-23
 328287.0000000   1.1593628e-23
 329681.0000000   1.1404852e-23
 331075.0000000   1.1219644e-23
 332469.0000000   1.1041371e-23
 333863.0000000   1.0863114e-23
 335257.0000000   1.0688346e-23
 336651.0000000   1.0520593e-23
 338045.0000000   1.0352790e-23
 339439.0000000   1.0181537e-23
 340833.0000000   1.0027770e-23
 342227.0000000   9.8739834e-24
 343621.0000000   9.7201650e-24
 345015.0000000   9.5698767e-24
 346409.0000000   9.4195964e-24
 347803.0000000   9.2762769e-24
 349197.0000000   9.1329732e-24
 697000.0000000   6.1271029e-25
1394000.0000000   3.9321160e-26
2090999.8750000   7.8082924e-27
2788000.0000000   2.4721610e-27
3485000.0000000   1.0118639e-27
4181999.7500000   4.8723158e-28
4879000.0000000   2.6269947e-28
5576000.0000000   1.5375439e-28
