    344.5260010   7.3371685e-24
    355.8840027   8.3937546e-24
    363.4559937   8.9780615e-24
    371.0280151   5.0384129e-23
    378.6000061   1.3951449e-22
    386.1719971   1.5132113e-22
    393.7439880   1.4373123e-22
    401.3160095   1.4602049e-22
    408.8880005   1.4903187e-22
    416.4599915   1.7023652e-22
    431.6040039   1.7662165e-22
    446.7480164   1.7156201e-22
    458.1059875   2.1734373e-22
    473.2500000   2.2565622e-22
    480.8219910   2.3047590e-22
    484.6080017   2.3409019e-22
    495.9660034   2.2577714e-22
    499.7520142   2.3360852e-22
    507.3240051   2.2312649e-22
    518.6820068   2.4806525e-22
    530.0399780   2.4866845e-22
    541.3980103   3.1408816e-22
    556.5419922   3.9059154e-22
    571.6859741   3.4962949e-22
    586.8300171   3.9456737e-22
    601.9739990   3.9613353e-22
    613.3320312   3.9673595e-22
    628.4760132   3.9926697e-22
    643.6199951   3.9890416e-22
    654.9780273   3.2782245e-22
    670.1220093   4.0191653e-22
    681.4799805   4.0251889e-22
    689.0520020   4.0251889e-22
    704.1959839   4.0312216e-22
    723.1259766   4.0360401e-22
    734.4840088   4.0601300e-22
    749.6279907   4.0492851e-22
    764.7719727   4.0637512e-22
    776.1300049   4.0589355e-22
    795.0599976   3.9348410e-22
    817.7760010   4.0553181e-22
    832.9199829   4.0697703e-22
    844.2780151   4.0215841e-22
    859.4219971   4.0794158e-22
    870.7800293   5.1094978e-22
    885.9240112   7.6395618e-22
    908.6400146   8.3250650e-22
    931.3560181   7.4254066e-22
    954.0720215   7.3165741e-22
    973.0020142   6.4941064e-22
    984.3599854   6.6607467e-22
    999.5040283   8.1577058e-22
   1018.4340210   8.0758950e-22
   1037.3640137   7.8964643e-22
   1056.2939453   6.5613916e-22
   1075.2239990   7.5301683e-22
   1097.9400635   7.4949314e-22
   1120.6560059   6.6073121e-22
   1139.5860596   5.8290874e-22
   1166.0880127   5.9880177e-22
   1203.9479980   5.5096444e-22
   1241.8079834   5.3138923e-22
   1279.6679688   4.7055424e-22
   1317.5279541   4.1774292e-22
   1351.6020508   5.3150590e-22
   1385.6760254   7.6740969e-22
   1419.7500000   7.1547988e-22
   1457.6099854   5.3513875e-22
   1495.4699707   7.5327482e-22
   1533.3299561   8.8342021e-22
   1567.4040527   8.3589903e-22
   1597.6920166   7.2691707e-22
   1627.9799805   6.6663361e-22
   1669.6259766   7.3832953e-22
   1707.4859619   7.1862911e-22
   1741.5600586   6.0648237e-22
   1779.4200439   5.9245564e-22
   1817.2800293   6.4033372e-22
   1855.1400146   5.2117801e-22
   1893.0000000   6.2206395e-22
   1915.7160645   5.2444760e-22
   1938.4320068   8.1018640e-22
   1968.7199707   7.5141129e-22
   2006.5799561   6.7407329e-22
   2044.4400635   5.3957071e-22
   2082.3000488   5.1122806e-22
   2120.1599121   6.5908796e-22
   2158.0200195   7.2578778e-22
   2195.8801270   6.9868368e-22
   2233.7399902   7.0295267e-22
   2271.6000977   5.8405161e-22
   2309.4599609   5.6327607e-22
   2347.3200684   7.1413626e-22
   2385.1799316   6.7244993e-22
   2423.0400391   7.4560593e-22
   2460.8999023   7.2261360e-22
   2491.1879883   6.6848947e-22
   2517.6899414   7.6366431e-22
   2555.5500488   8.1814579e-22
   2593.4099121   7.1530085e-22
   2631.2700195   8.5355376e-22
   2669.1301270   7.0986793e-22
   2710.7761230   9.4622919e-22
   2748.6359863   9.9605602e-22
   2782.7099609   1.0412239e-21
   2820.5700684   1.0559140e-21
   2858.4299316   1.1068790e-21
   2896.2900391   1.0531260e-21
   2934.1499023   1.2541761e-21
   2972.0100098   1.2311512e-21
   3009.8701172   1.4294183e-21
   3047.7299805   1.6297335e-21
   3085.5900879   1.8810283e-21
   3123.4499512   2.2086556e-21
   3161.3100586   2.0390398e-21
   3199.1699219   2.9383644e-21
   3237.0300293   3.3956002e-21
   3274.8898926   4.1635454e-21
   3312.7500000   4.9791079e-21
   3350.6101074   5.9748564e-21
   3388.4699707   7.2267709e-21
   3426.3300781   8.6018076e-21
   3464.1899414   1.0146440e-20
   3502.0500488   3.2465459e-20
   3539.9099121   5.8657852e-20
   3577.7700195   8.5281933e-20
   3615.6301270   1.1000846e-19
   3653.4899902   1.2144764e-19
   3691.3500977   5.7895159e-20
   3729.2099609   1.1356806e-19
   3767.0700684   1.1313397e-19
   3804.9299316   1.4417696e-19
   3842.7900391   1.5385217e-19
   3880.6499023   1.1528270e-19
   3918.5100098   1.7398861e-19
   3956.3701172   2.3661220e-19
   3994.2299805   2.3219999e-19
   4032.0900879   2.0187949e-19
   4069.9499512   2.2473150e-19
   4107.8100586   2.0308623e-19
   4145.6699219   2.3905848e-19
   4183.5297852   2.3067537e-19
   4221.3901367   2.2930773e-19
   4259.2500000   2.0404193e-19
   4297.1098633   2.4545566e-19
   4334.9702148   2.3790743e-19
   4372.8300781   2.4112728e-19
   4410.6899414   2.3955034e-19
   4448.5498047   1.6410025e-19
   4486.4101562   2.3524655e-19
   4524.2700195   2.1262959e-19
   4562.1298828   1.8443638e-19
   4599.9902344   1.5535681e-19
   4637.8500977   3.0585122e-19
   4675.7099609   3.5792131e-19
   4713.5698242   3.6758480e-19
   4751.4301758   3.6368914e-19
   4789.2900391   3.6441023e-19
   4827.1499023   4.1473942e-19
   4865.0102539   4.2583966e-19
   4902.8701172   3.7601172e-19
   4940.7299805   3.8716724e-19
   4978.5898438   4.3921548e-19
   5016.4501953   4.2549941e-19
   5054.3100586   4.1019804e-19
   5092.1699219   4.4236709e-19
   5130.0297852   4.3878556e-19
   5167.8901367   4.1677350e-19
   5205.7500000   4.1641125e-19
   5243.6098633   4.1571505e-19
   5281.4702148   3.1178751e-19
   5319.3300781   3.0688054e-19
   5357.1899414   4.0448416e-19
   5395.0498047   3.9535490e-19
   5432.9101562   4.1818713e-19
   5459.4121094   4.2499144e-19
   5478.3417969   4.2541534e-19
   5508.6298828   4.1595977e-19
   5546.4902344   4.0016403e-19
   5584.3500977   4.1192754e-19
   5622.2099609   4.1950054e-19
   5660.0698242   4.1893529e-19
   5697.9301758   3.9960030e-19
   5724.4321289   3.7156956e-19
   5743.3618164   3.8356740e-19
   5773.6499023   3.8497996e-19
   5811.5102539   3.3484628e-19
   5849.3701172   2.9845225e-19
   5887.2299805   3.0031273e-19
   5925.0898438   3.3766691e-19
   5962.9501953   3.5859316e-19
   6000.8100586   3.6494997e-19
   6038.6699219   3.6673986e-19
   6076.5297852   3.6213830e-19
   6114.3901367   3.5776102e-19
   6152.2500000   3.5607907e-19
   6190.1098633   3.7460738e-19
   6227.9702148   3.7700716e-19
   6265.8300781   3.7517374e-19
   6303.6899414   3.8712133e-19
   6330.1918945   3.6369555e-19
   6349.1220703   4.0551224e-19
   6379.4101562   4.0020973e-19
   6417.2700195   3.8453386e-19
   6455.1298828   3.7772313e-19
   6492.9902344   3.5943200e-19
   6530.8500977   3.5428363e-19
   6568.7099609   3.7205943e-19
   6606.5698242   3.6619906e-19
   6644.4301758   3.7239617e-19
   6682.2900391   3.6409988e-19
   6720.1499023   3.5491903e-19
   6758.0102539   3.6526905e-19
   6795.8701172   3.7361825e-19
   6833.7299805   3.7770822e-19
   6871.5898438   3.5076607e-19
   6909.4501953   3.5984425e-19
   6947.3100586   3.5375346e-19
   6985.1699219   3.3196172e-19
   7023.0297852   3.3257169e-19
   7060.8901367   3.3710531e-19
   7098.7500000   3.4939615e-19
   7136.6098633   3.2175183e-19
   7174.4702148   3.0755922e-19
   7212.3300781   3.2777494e-19
   7250.1899414   3.1142347e-19
   7288.0498047   2.9825308e-19
   7325.9101562   3.1619747e-19
   7363.7700195   3.2179422e-19
   7401.6298828   2.9533595e-19
   7447.0620117   3.1788923e-19
   7481.1362305   3.2727005e-19
   7511.4238281   3.1121836e-19
   7553.0698242   3.0549010e-19
   7590.9301758   3.1575480e-19
   7628.7900391   3.1127305e-19
   7666.6499023   3.2033903e-19
   7704.5102539   2.9995288e-19
   7742.3701172   3.0467277e-19
   7780.2299805   2.7162267e-19
   7818.0898438   2.8487296e-19
   7852.1640625   3.1391029e-19
   7867.3081055   2.9185582e-19
   7893.8100586   3.0258189e-19
   7931.6699219   2.8887561e-19
   7969.5297852   2.9548512e-19
   8007.3901367   2.9863451e-19
   8045.2500000   2.9951192e-19
   8083.1098633   2.9351400e-19
   8120.9702148   2.8602758e-19
   8158.8300781   2.9525943e-19
   8196.6904297   2.9059470e-19
   8234.5498047   2.9073258e-19
   8272.4101562   2.8323995e-19
   8310.2705078   2.9043268e-19
   8348.1298828   2.8823183e-19
   8385.9902344   2.8215234e-19
   8423.8496094   2.7801445e-19
   8461.7099609   2.8057312e-19
   8499.5703125   2.7969347e-19
   8537.4296875   2.7318273e-19
   8575.2900391   2.7851670e-19
   8613.1503906   2.7943932e-19
   8651.0097656   2.7992449e-19
   8688.8701172   2.6500284e-19
   8726.7304688   2.7160599e-19
   8764.5898438   2.6601968e-19
   8802.4501953   2.3600298e-19
   8840.3095703   2.5828446e-19
   8878.1699219   2.5865793e-19
   8916.0302734   2.5943954e-19
   8953.8896484   2.5464192e-19
   8991.7500000   2.5212806e-19
   9029.6103516   2.4511848e-19
   9067.4697266   2.4891868e-19
   9105.3300781   2.4395110e-19
   9143.1904297   2.4398858e-19
   9181.0498047   2.4549663e-19
   9218.9101562   2.3857393e-19
   9256.7705078   2.4155233e-19
   9294.6298828   2.3945462e-19
   9332.4902344   2.3681910e-19
   9370.3496094   2.3318105e-19
   9408.2099609   2.3165713e-19
   9446.0703125   1.9792365e-19
   9483.9296875   2.2707785e-19
   9514.2177734   2.1677461e-19
   9533.1484375   2.2546206e-19
   9559.6503906   2.2305988e-19
   9597.5097656   2.2265955e-19
   9635.3701172   2.1790858e-19
   9673.2304688   2.2076954e-19
   9711.0898438   2.1903502e-19
   9748.9501953   2.2119270e-19
   9786.8095703   2.1943654e-19
   9824.6699219   2.1742393e-19
   9862.5302734   2.1517824e-19
   9900.3896484   2.1272767e-19
   9938.2500000   2.1315787e-19
   9976.1103516   2.1292676e-19
  10013.9697266   2.1437740e-19
  10051.8300781   2.1383578e-19
  10089.6904297   2.0683708e-19
  10127.5498047   2.0803508e-19
  10165.4101562   2.0788164e-19
  10203.2705078   2.0288298e-19
  10241.1298828   2.0185911e-19
  10278.9902344   2.0016235e-19
  10316.8496094   2.0005601e-19
  10354.7099609   1.9956636e-19
  10392.5703125   1.9432250e-19
  10430.4296875   1.9368687e-19
  10468.2900391   1.9335710e-19
  10506.1503906   1.9530127e-19
  10544.0097656   1.9263664e-19
  10581.8701172   1.8257232e-19
  10619.7304688   1.8594674e-19
  10657.5898438   1.8928290e-19
  10695.4501953   1.8743323e-19
  10733.3095703   1.8110926e-19
  10771.1699219   1.8126203e-19
  10809.0302734   1.7953487e-19
  10846.8896484   1.8051051e-19
  10884.7500000   1.7838266e-19
  10922.6103516   1.7737178e-19
  10960.4697266   1.7534947e-19
  11017.2597656   1.7482351e-19
  11092.9804688   1.7286896e-19
  11168.7001953   1.6965436e-19
  11244.4199219   1.6869516e-19
  11320.1396484   1.6657559e-19
  11395.8603516   1.6394680e-19
  11471.5800781   1.6338183e-19
  11547.2998047   1.6183145e-19
  11623.0205078   1.6011495e-19
  11698.7402344   1.5719204e-19
  11774.4599609   1.5598169e-19
  11850.1796875   1.5322303e-19
  11925.9003906   1.5175505e-19
  12001.6201172   1.4879839e-19
  12077.3398438   1.4565988e-19
  12153.0595703   1.4409846e-19
  12228.7802734   1.4182065e-19
  12304.5000000   1.4020798e-19
  12380.2197266   1.3753005e-19
  12455.9404297   1.3547501e-19
  12531.6601562   1.3340496e-19
  12607.3798828   1.3079549e-19
  12683.0996094   1.2820439e-19
  12758.8203125   1.2606428e-19
  12834.5400391   1.2429679e-19
  12910.2597656   1.2240400e-19
  12985.9804688   1.1950636e-19
  13061.7001953   1.1751711e-19
  13137.4199219   1.1608186e-19
  13213.1396484   1.1423438e-19
  13288.8603516   1.1271737e-19
  13364.5800781   1.1107601e-19
  13440.2998047   1.0946049e-19
  13516.0205078   1.0752649e-19
  13591.7402344   1.0511899e-19
  13667.4599609   1.0364835e-19
  13743.1796875   1.0244140e-19
  13781.0400391   1.0182240e-19
  13818.9003906   1.0158122e-19
  13894.6201172   9.9757071e-20
  13970.3398438   9.6040128e-20
  14046.0595703   9.7577934e-20
  14121.7802734   9.6597241e-20
  14197.5000000   1.0492573e-19
  14273.2197266   1.0485433e-19
  14348.9404297   1.1056255e-19
  14424.6601562   1.1628444e-19
  14500.3798828   1.0278209e-19
  14576.0996094   1.1736032e-19
  14651.8203125   1.1832242e-19
  14727.5400391   9.7637950e-20
  14803.2597656   1.1777856e-19
  14878.9804688   1.1264513e-19
  14954.7001953   1.1356708e-19
  15030.4199219   9.0620835e-20
  15106.1396484   1.1206090e-19
  15181.8603516   1.1338417e-19
  15257.5800781   1.1026191e-19
  15333.2998047   1.1116484e-19
  15409.0205078   1.0767440e-19
  15484.7402344   1.0149202e-19
  15560.4599609   9.0279998e-20
  15636.1796875   1.0353961e-19
  15711.9003906   1.0398438e-19
  15787.6201172   1.0335652e-19
  15863.3398438   1.0271260e-19
  15939.0595703   1.0203146e-19
  16014.7802734   1.0068137e-19
  16090.5000000   9.9443873e-20
  16166.2197266   9.6906154e-20
  16241.9404297   9.6602333e-20
  16317.6601562   9.3679329e-20
  16393.3808594   8.7416906e-20
  16469.0996094   8.0541122e-20
  16544.8203125   9.2184342e-20
  16620.5410156   9.0778975e-20
  16696.2597656   9.0759045e-20
  16771.9804688   9.0450261e-20
  16847.6992188   8.9905298e-20
  16923.4199219   8.7615617e-20
  16999.1406250   8.8213306e-20
  17074.8593750   8.8713324e-20
  17150.5800781   8.6580904e-20
  17226.3007812   8.5571576e-20
  17302.0195312   8.5958031e-20
  17377.7402344   8.4245928e-20
  17453.4609375   8.3671807e-20
  17529.1796875   8.2167107e-20
  17604.9003906   8.0984129e-20
  17680.6191406   8.1243114e-20
  17756.3398438   8.0144160e-20
  17832.0605469   7.8205016e-20
  17907.7792969   7.8884228e-20
  17983.5000000   7.8529225e-20
  18059.2207031   7.8202954e-20
  18134.9394531   7.7068586e-20
  18210.6601562   7.5791735e-20
  18286.3808594   7.5012867e-20
  18362.0996094   6.9774533e-20
  18437.8203125   6.2452763e-20
  18513.5410156   7.2502639e-20
  18589.2597656   7.2311522e-20
  18664.9804688   7.0620176e-20
  18740.6992188   7.1237576e-20
  18816.4199219   7.0387015e-20
  18892.1406250   6.8813175e-20
  18967.8593750   6.6340919e-20
  19043.5800781   6.7427453e-20
  19119.3007812   6.6453480e-20
  19195.0195312   6.7127264e-20
  19270.7402344   6.5835311e-20
  19346.4609375   6.5434924e-20
  19422.1796875   6.4132159e-20
  19497.9003906   6.3134761e-20
  19573.6191406   6.1854692e-20
  19649.3398438   6.1613659e-20
  19725.0605469   6.1300837e-20
  19800.7792969   6.1405384e-20
  19876.5000000   6.1438562e-20
  19952.2207031   5.9647884e-20
  20027.9394531   6.0764752e-20
  20103.6601562   6.0618413e-20
  20179.3808594   5.8954345e-20
  20255.0996094   5.9473149e-20
  20330.8203125   5.9072787e-20
  20406.5410156   5.8103777e-20
  20482.2597656   5.7379025e-20
  20557.9804688   5.7006276e-20
  20633.6992188   5.6880480e-20
  20709.4199219   5.5827169e-20
  20785.1406250   5.5412151e-20
  20860.8593750   5.4958927e-20
  20936.5800781   5.4969312e-20
  21012.3007812   5.4870658e-20
  21088.0195312   5.4305118e-20
  21163.7402344   5.3412907e-20
  21239.4609375   5.3381716e-20
  21315.1796875   5.2628423e-20
  21390.9003906   5.2269546e-20
  21466.6191406   5.1655891e-20
  21542.3398438   5.1763993e-20
  21618.0605469   5.1110459e-20
  21693.7792969   5.1906045e-20
  21769.5000000   5.0740758e-20
  21845.2207031   5.0736076e-20
  21920.9394531   4.9783426e-20
  21996.6601562   5.0068031e-20
  22072.3808594   5.0133821e-20
  22148.0996094   4.9284384e-20
  22223.8203125   4.8175836e-20
  22299.5410156   4.6953651e-20
  22375.2597656   4.7784738e-20
  22450.9804688   4.7551104e-20
  22526.6992188   4.7131947e-20
  22602.4199219   4.7301367e-20
  22678.1406250   4.6547527e-20
  22753.8593750   4.6272164e-20
  22829.5800781   4.6476238e-20
  22905.3007812   4.6458483e-20
  22981.0195312   4.6291473e-20
  23056.7402344   4.5418284e-20
  23132.4609375   4.5211508e-20
  23208.1796875   4.4110608e-20
  23283.9003906   4.3789423e-20
  23359.6191406   4.2944565e-20
  23435.3398438   4.3143437e-20
  23511.0605469   4.2631496e-20
  23586.7792969   4.1744032e-20
  23662.5000000   4.0891199e-20
  23738.2207031   4.1649904e-20
  23813.9394531   4.1921504e-20
  23889.6601562   4.1366068e-20
  23965.3808594   4.1599446e-20
  24041.0996094   4.1192393e-20
  24116.8203125   4.1010439e-20
  24192.5410156   4.1205421e-20
  24268.2597656   4.0833590e-20
  24343.9804688   4.0763173e-20
  24419.6992188   4.0540897e-20
  24495.4199219   4.0431367e-20
  24571.1406250   3.9714040e-20
  24646.8593750   3.9944940e-20
  24722.5800781   3.9567451e-20
  24798.3007812   3.8236482e-20
  24874.0195312   3.4825024e-20
  24949.7402344   3.8657087e-20
  25025.4609375   3.8924897e-20
  25101.1796875   3.8581103e-20
  25176.9003906   3.8178925e-20
  25252.6191406   3.7396467e-20
  25328.3398438   3.7455801e-20
  25404.0605469   3.6732015e-20
  25479.7792969   3.6886400e-20
  25555.5000000   3.6390964e-20
  25631.2207031   3.6421502e-20
  25706.9394531   3.6005133e-20
  25782.6601562   3.6092843e-20
  25858.3808594   3.6126464e-20
  25934.0996094   3.5727268e-20
  26009.8203125   3.5895399e-20
  26085.5410156   3.6125827e-20
  26161.2597656   3.5995802e-20
  26236.9804688   3.5644521e-20
  26312.6992188   3.5288294e-20
  26388.4199219   3.5424940e-20
  26464.1406250   3.5176421e-20
  26539.8593750   3.4806526e-20
  26615.5800781   3.4813861e-20
  26691.3007812   3.4501073e-20
  26767.0195312   3.3418956e-20
  26842.7402344   3.2799385e-20
  26918.4609375   3.1764501e-20
  26994.1796875   3.1255527e-20
  27069.9003906   3.1364430e-20
  27145.6191406   3.1477033e-20
  27221.3398438   3.1291645e-20
  27297.0605469   3.1808474e-20
  27372.7792969   3.1964479e-20
  27448.5000000   3.2183520e-20
  27524.2207031   3.2166705e-20
  27599.9394531   3.1877980e-20
  27675.6601562   3.2353157e-20
  27751.3808594   3.2316234e-20
  27827.0996094   3.2389553e-20
  27902.8203125   3.2786851e-20
  27978.5410156   3.2362110e-20
  28054.2597656   3.2261071e-20
  28129.9804688   3.2314105e-20
  28205.6992188   3.2264186e-20
  28281.4199219   3.2166282e-20
  28357.1406250   3.1980767e-20
  28432.8593750   3.2120687e-20
  28508.5800781   3.2260506e-20
  28584.3007812   3.2253423e-20
  28660.0195312   3.2014917e-20
  28735.7402344   3.1616830e-20
  28811.4609375   3.1329327e-20
  28887.1796875   3.1073492e-20
  28962.9003906   3.0757002e-20
  29038.6191406   3.0048421e-20
  29114.3398438   3.0286375e-20
  29190.0605469   2.9904266e-20
  29265.7792969   2.9809857e-20
  29341.5000000   2.9663062e-20
  29417.2207031   2.9680526e-20
  29492.9394531   2.9802132e-20
  29568.6601562   2.9739111e-20
  29644.3808594   2.9651604e-20
  29720.0996094   2.9250254e-20
  29795.8203125   2.9206355e-20
  29871.5410156   2.8469411e-20
  29947.2597656   2.8070009e-20
  30022.9804688   2.8162123e-20
  30098.6992188   2.7919029e-20
  30174.4199219   2.8382644e-20
  30250.1406250   2.8284840e-20
  30325.8593750   2.8461786e-20
  30401.5800781   2.8387882e-20
  30477.3007812   2.8212633e-20
  30553.0195312   2.7984215e-20
  30628.7402344   2.7552627e-20
  30704.4609375   2.7388309e-20
  30780.1796875   2.7662235e-20
  30855.9003906   2.7611376e-20
  30931.6191406   2.7641710e-20
  31007.3398438   2.7321989e-20
  31083.0605469   2.7136035e-20
  31158.7792969   2.7255475e-20
  31234.5000000   2.7248535e-20
  31310.2207031   2.7294408e-20
  31385.9394531   2.7067002e-20
  31461.6601562   2.6405949e-20
  31537.3808594   2.6394007e-20
  31613.0996094   2.6304208e-20
  31688.8203125   2.6349299e-20
  31764.5410156   2.6021663e-20
  31840.2597656   2.6406644e-20
  31915.9804688   2.6008752e-20
  31991.6992188   2.5803163e-20
  32067.4199219   2.5638352e-20
  32143.1406250   2.6056543e-20
  32218.8593750   2.4876239e-20
  32294.5800781   2.5944068e-20
  32370.3007812   2.4136568e-20
  32446.0195312   2.6419869e-20
  32521.7402344   2.5553931e-20
  32597.4609375   2.5556735e-20
  32673.1796875   2.6516468e-20
  32748.9003906   2.6102815e-20
  32824.6210938   2.3788756e-20
  32900.3398438   2.5798631e-20
  32976.0585938   2.6367590e-20
  33051.7812500   2.6113938e-20
  33127.5000000   2.4659341e-20
  33203.2187500   2.5887158e-20
  33278.9414062   2.6229225e-20
  33354.6601562   2.5866815e-20
  33430.3789062   2.5881475e-20
  33506.1015625   2.5456029e-20
  33581.8203125   2.4203442e-20
  33657.5390625   2.5646573e-20
  33733.2617188   2.5943612e-20
  33808.9804688   2.5529476e-20
  33884.6992188   2.5518603e-20
  33960.4218750   2.5461732e-20
  34036.1406250   2.5196535e-20
  34111.8593750   2.3721569e-20
  34187.5820312   2.4602334e-20
  34263.3007812   2.5525553e-20
  34339.0195312   2.5192663e-20
  34414.7382812   2.4571019e-20
  34490.4609375   2.4617572e-20
  34566.1796875   2.4877442e-20
  34641.8984375   2.4668765e-20
  34717.6210938   2.4338497e-20
  34793.3398438   2.4175185e-20
  34869.0585938   2.3253066e-20
  34944.7812500   2.2074047e-20
  35020.5000000   2.2987742e-20
  35096.2187500   2.3398432e-20
  35171.9414062   2.3473568e-20
  35247.6601562   2.3561256e-20
  35323.3789062   2.3421873e-20
  35399.1015625   2.3383331e-20
  35474.8203125   2.3109009e-20
  35550.5390625   2.3204912e-20
  35626.2617188   2.2727742e-20
  35701.9804688   2.3097544e-20
  35777.6992188   2.2750511e-20
  35853.4218750   2.2930671e-20
  35929.1406250   2.2899775e-20
  36004.8593750   2.2590015e-20
  36080.5820312   2.2406725e-20
  36156.3007812   2.1161973e-20
  36232.0195312   2.2187571e-20
  36307.7382812   2.2634208e-20
  36383.4609375   2.2395312e-20
  36459.1796875   2.2376535e-20
  36534.8984375   2.2205019e-20
  36610.6210938   2.2079961e-20
  36686.3398438   2.2243184e-20
  36762.0585938   2.2126458e-20
  36837.7812500   2.2047790e-20
  36913.5000000   2.1896674e-20
  36989.2187500   2.1902733e-20
  37064.9414062   2.1645116e-20
  37140.6601562   2.1953003e-20
  37216.3789062   2.1788658e-20
  37292.1015625   2.1866883e-20
  37367.8203125   2.1727883e-20
  37443.5390625   2.1639793e-20
  37519.2617188   2.1534558e-20
  37594.9804688   2.1565696e-20
  37670.6992188   2.1515745e-20
  37746.4218750   2.1487133e-20
  37822.1406250   2.1355798e-20
  37954.6484375   2.0926573e-20
  38143.9492188   2.0503455e-20
  38333.2500000   2.0859408e-20
  38522.5507812   2.0658198e-20
  38711.8515625   2.0585383e-20
  38901.1484375   2.0502825e-20
  39090.4492188   2.0178730e-20
  39279.7500000   1.9987598e-20
  39469.0507812   1.9924582e-20
  39658.3515625   1.9697930e-20
  39847.6484375   1.9599814e-20
  40036.9492188   1.9366986e-20
  40226.2500000   1.9223773e-20
  40415.5507812   1.8876157e-20
  40604.8515625   1.8793852e-20
  40794.1484375   1.8609378e-20
  40983.4492188   1.8216223e-20
  41172.7500000   1.7900736e-20
  41362.0507812   1.7212427e-20
  41551.3515625   1.7077869e-20
  41740.6484375   1.6929857e-20
  41929.9492188   1.6755290e-20
  42119.2500000   1.6667219e-20
  42308.5507812   1.6570147e-20
  42497.8515625   1.6486091e-20
  42687.1484375   1.6331440e-20
  42876.4492188   1.6255731e-20
  43065.7500000   1.6179877e-20
  43255.0507812   1.6071378e-20
  43444.3515625   1.6136517e-20
  43633.6484375   1.6072013e-20
  43822.9492188   1.5915866e-20
  44012.2500000   1.5735783e-20
  44201.5507812   1.5675084e-20
  44390.8515625   1.5725280e-20
  44580.1484375   1.5540048e-20
  44769.4492188   1.5425610e-20
  44958.7500000   1.5204058e-20
  45148.0507812   1.5334085e-20
  45337.3515625   1.4932998e-20
  45526.6484375   1.5066793e-20
  45715.9492188   1.4906657e-20
  45905.2500000   1.4834231e-20
  46094.5507812   1.4806371e-20
  46283.8515625   1.4681399e-20
  46473.1484375   1.4572707e-20
  46662.4492188   1.4441333e-20
  46851.7500000   1.4372682e-20
  47041.0507812   1.4240921e-20
  47230.3515625   1.4162956e-20
  47419.6484375   1.4003814e-20
  47608.9492188   1.3939018e-20
  47798.2500000   1.3850837e-20
  47987.5507812   1.3712957e-20
  48176.8515625   1.3669662e-20
  48366.1484375   1.3590109e-20
  48555.4492188   1.3044556e-20
  48744.7500000   1.3340087e-20
  48934.0507812   1.3196042e-20
  49123.3515625   1.3242779e-20
  49312.6484375   1.3084777e-20
  49501.9492188   1.3095183e-20
  49691.2500000   1.2909540e-20
  49880.5507812   1.2855508e-20
  50069.8515625   1.2815090e-20
  50259.1484375   1.2641910e-20
  50448.4492188   1.2669534e-20
  50637.7500000   1.2537025e-20
  50827.0507812   1.2550962e-20
  51016.3515625   1.2454705e-20
  51205.6484375   1.2390327e-20
  51394.9492188   1.2220633e-20
  51584.2500000   1.2165103e-20
  51773.5507812   1.2146151e-20
  51962.8515625   1.2113389e-20
  52152.1484375   1.2043897e-20
  52341.4492188   1.2001286e-20
  52530.7500000   1.1871333e-20
  52720.0507812   1.1705044e-20
  52909.3515625   1.1671319e-20
  53098.6484375   1.1476440e-20
  53287.9492188   1.1401085e-20
  53477.2500000   1.1168944e-20
  53666.5507812   1.1107065e-20
  53855.8515625   1.0966162e-20
  54045.1484375   1.0848704e-20
  54234.4492188   1.0948165e-20
  54423.7500000   1.0954803e-20
  54613.0507812   1.0716348e-20
  54802.3515625   1.0839036e-20
  54991.6484375   1.0720585e-20
  55162.0195312   1.0745096e-20
  55351.3203125   1.0625944e-20
  55559.5507812   1.0591653e-20
  55748.8515625   1.0458344e-20
  55938.1484375   1.0483223e-20
  56127.4492188   1.0475675e-20
  56316.7500000   1.0425738e-20
  56506.0507812   1.0557704e-20
  56695.3515625   1.0465834e-20
  56884.6484375   1.0439575e-20
  57073.9492188   1.0361513e-20
  57263.2500000   1.0437283e-20
  57452.5507812   1.0452467e-20
  57641.8515625   1.0439666e-20
  57831.1484375   1.0426792e-20
  58020.4492188   1.0362514e-20
  58209.7500000   1.0429127e-20
  58399.0507812   1.0387712e-20
  58588.3515625   1.0397708e-20
  58777.6484375   1.0295784e-20
  58966.9492188   9.8422804e-21
  59156.2500000   9.9359174e-21
  59345.5507812   9.9415049e-21
  59534.8515625   1.0087877e-20
  59724.1484375   9.4914686e-21
  59913.4492188   9.3839933e-21
  60102.7500000   9.3977686e-21
  60292.0507812   9.7088054e-21
  60481.3515625   9.3792136e-21
  60765.3007812   9.4761407e-21
  61143.8984375   9.6028318e-21
  61522.5000000   9.3342978e-21
  61901.1015625   9.5649923e-21
  62279.6992188   9.1492630e-21
  62658.3007812   9.3281917e-21
  63036.8984375   9.1189748e-21
  63415.5000000   9.0611287e-21
  63794.1015625   8.8560339e-21
  64172.6992188   8.8777248e-21
  64551.3007812   8.7243547e-21
  64929.8984375   8.6222318e-21
  65308.5000000   8.4683278e-21
  65687.1015625   8.2514271e-21
  66065.7031250   8.2154116e-21
  66444.2968750   8.1029320e-21
  66822.8984375   7.9855007e-21
  67201.5000000   7.8439268e-21
  67580.1015625   7.7787451e-21
  67958.7031250   7.6408370e-21
  68337.2968750   7.4890412e-21
  68715.8984375   7.3554613e-21
  69094.5000000   7.2553288e-21
  69473.1015625   7.1412998e-21
  69851.7031250   7.0023505e-21
  70230.2968750   6.9209313e-21
  70608.8984375   6.7527035e-21
  70987.5000000   6.6083277e-21
  71366.1015625   6.5746896e-21
  71744.7031250   6.3714136e-21
  72123.2968750   6.3954955e-21
  72501.8984375   6.2745834e-21
  72880.5000000   6.1868005e-21
  73259.1015625   6.0413500e-21
  73637.7031250   5.8902841e-21
  74016.2968750   5.8747571e-21
  74394.8984375   5.7621712e-21
  74773.5000000   5.6451438e-21
  75152.1015625   5.5662401e-21
  75530.7031250   5.4872589e-21
  75909.2968750   5.4373607e-21
  76287.8984375   5.3576658e-21
  76666.5000000   5.2248197e-21
  77045.1015625   5.1454152e-21
  77423.7031250   5.1097669e-21
  77802.2968750   5.0150559e-21
  78180.8984375   4.9255823e-21
  78559.5000000   4.8619217e-21
  78938.1015625   4.7830301e-21
  79316.7031250   4.7010601e-21
  79695.2968750   4.6630805e-21
  80073.8984375   4.5770714e-21
  80452.5000000   4.5071343e-21
  80831.1015625   4.4674438e-21
  81209.7031250   4.3958797e-21
  81588.2968750   4.3262027e-21
  81966.8984375   4.2300453e-21
  82345.5000000   4.1852520e-21
  82724.1015625   4.1359895e-21
  83102.7031250   4.0856914e-21
  83481.2968750   3.9994090e-21
  83859.8984375   3.9771462e-21
  84238.5000000   3.8912079e-21
  84617.1015625   3.8426207e-21
  84995.7031250   3.7911751e-21
  85374.2968750   3.7429656e-21
  85752.8984375   3.6749765e-21
  86131.5000000   3.6513432e-21
  86510.1015625   3.5813992e-21
  86888.7031250   3.0262177e-21
  87267.2968750   3.2322196e-21
  87645.8984375   3.2109683e-21
  88024.5000000   2.7507530e-21
  88403.1015625   2.9772304e-21
  88781.7031250   2.8044008e-21
  89160.2968750   2.5230087e-21
  89538.8984375   2.7497142e-21
  89917.5000000   2.5913775e-21
  90296.1015625   2.3993464e-21
  90674.7031250   2.5781301e-21
  91053.2968750   2.5009996e-21
  91431.8984375   2.3257560e-21
  91810.5000000   2.4577709e-21
  92189.1015625   2.3749609e-21
  92567.7031250   2.2985522e-21
  92946.2968750   2.3170696e-21
  93324.8984375   2.3243569e-21
  93703.5000000   2.2742418e-21
  94082.1015625   2.0612521e-21
  94460.7031250   2.0557195e-21
  94839.2968750   2.1133645e-21
  95217.8984375   2.0480146e-21
  95596.5000000   2.1175361e-21
  95975.1015625   2.1367525e-21
  96353.7031250   2.1429550e-21
  96732.2968750   2.1466664e-21
  97110.8984375   2.1556890e-21
  97489.5000000   2.1699466e-21
  97868.1015625   2.1058875e-21
  98246.7031250   2.1068682e-21
  98625.2968750   2.1110641e-21
  99003.8984375   2.0649762e-21
  99382.5000000   2.0334238e-21
  99761.1015625   2.0409123e-21
 100139.7031250   2.0239262e-21
 100518.2968750   1.9912947e-21
 100896.8984375   1.9594477e-21
 101275.5000000   1.9696198e-21
 101654.1015625   1.9520523e-21
 102032.7031250   1.9036419e-21
 102411.2968750   1.9085724e-21
 102789.8984375   1.8868947e-21
 103168.5000000   1.8768199e-21
 103547.1015625   1.8291100e-21
 103925.7031250   1.8296242e-21
 104304.2968750   1.8119042e-21
 104682.8984375   1.7880779e-21
 105061.5000000   1.7539183e-21
 105440.1015625   1.7518550e-21
 105818.7031250   1.7416599e-21
 106197.2968750   1.7206304e-21
 106575.8984375   1.6900810e-21
 106954.5000000   1.6813672e-21
 107333.1015625   1.6716188e-21
 107711.7031250   1.6505070e-21
 108090.2968750   1.6292755e-21
 108468.8984375   1.6114563e-21
 108847.5000000   1.5890582e-21
 109226.1015625   1.5778549e-21
 109604.7031250   1.5600362e-21
 109983.2968750   1.5417075e-21
 110361.8984375   1.5274466e-21
 110740.5000000   1.5014806e-21
 111119.1015625   1.4943561e-21
 111497.7031250   1.4709345e-21
 111876.2968750   1.4541316e-21
 112254.8984375   1.4419088e-21
 112633.5000000   1.4245989e-21
 113012.1015625   1.4047424e-21
 113390.7031250   1.3884517e-21
 113769.2968750   1.3711391e-21
 114147.8984375   1.3584082e-21
 114526.5000000   1.3400804e-21
 114905.1015625   1.3171724e-21
 115283.7031250   1.3085122e-21
 115662.2968750   1.2937464e-21
 116040.8984375   1.2789845e-21
 116419.5000000   1.2662526e-21
 116798.1015625   1.2479234e-21
 117176.7031250   1.2341775e-21
 117555.2968750   1.2239970e-21
 117933.8984375   1.2046489e-21
 118312.5000000   1.1934482e-21
 118691.1015625   1.1802089e-21
 119069.7031250   1.1669730e-21
 119448.2968750   1.1527156e-21
 119826.8984375   1.1374378e-21
 120205.5000000   1.1277680e-21
 120584.1015625   1.1140188e-21
 120962.7031250   1.1018010e-21
 121530.6015625   1.0819442e-21
 122287.7968750   1.0575012e-21
 123045.0000000   1.0340828e-21
 123802.2031250   1.0101532e-21
 124559.3984375   9.8469501e-22
 125316.6015625   9.6534896e-22
 126073.7968750   9.4396292e-22
 126831.0000000   9.2563267e-22
 127588.2031250   9.0475687e-22
 128345.3984375   8.8490362e-22
 129102.6015625   8.6504513e-22
 129859.7968750   8.4824353e-22
 130617.0000000   8.3143955e-22
 131374.2031250   8.1362023e-22
 132131.4062500   7.9732699e-22
 132888.5937500   7.8205358e-22
 133645.7968750   7.6474170e-22
 134403.0000000   7.4997716e-22
 135160.2031250   7.3470350e-22
 135917.4062500   7.1993693e-22
 136674.5937500   7.0669820e-22
 137431.7968750   6.9295385e-22
 138189.0000000   6.7716805e-22
 138946.2031250   6.6444146e-22
 139703.4062500   6.4814842e-22
 140460.5937500   6.3490949e-22
 141217.7968750   6.2472513e-22
 141975.0000000   6.0843259e-22
 142732.2031250   6.0130532e-22
 143489.4062500   5.8959525e-22
 144246.5937500   5.7890329e-22
 145003.7968750   5.6922966e-22
 145761.0000000   5.5955547e-22
 146518.2031250   5.4733472e-22
 147275.4062500   5.3766179e-22
 148032.5937500   5.2798816e-22
 148789.7968750   5.1933180e-22
 149547.0000000   5.0772411e-22
 150304.2031250   4.9881475e-22
 151061.4062500   4.8776418e-22
 151818.5937500   4.8002653e-22
 152575.7968750   4.7203205e-22
 153333.0000000   4.6220570e-22
 154090.2031250   4.5517926e-22
 154847.4062500   4.4723708e-22
 155604.5937500   4.3975206e-22
 156361.7968750   4.3242083e-22
 157119.0000000   4.2432563e-22
 157876.2031250   4.1597441e-22
 158633.4062500   4.0935580e-22
 159390.5937500   4.0182123e-22
 160147.7968750   3.9642416e-22
 160905.0000000   3.8868525e-22
 161662.2031250   3.8272769e-22
 162419.4062500   3.6521291e-22
 163176.5937500   3.5009044e-22
 163933.7968750   3.5014274e-22
 164691.0000000   3.3522443e-22
 165448.2031250   3.2707753e-22
 166205.4062500   3.2000018e-22
 166962.5937500   3.0615091e-22
 167719.7968750   3.0375891e-22
 168477.0000000   2.9688479e-22
 169234.2031250   2.8675329e-22
 169991.4062500   2.8731304e-22
 170748.5937500   2.7982863e-22
 171505.7968750   2.7219109e-22
 172263.0000000   2.7137704e-22
 173020.2031250   2.6674384e-22
 173777.4062500   2.5834230e-22
 174534.5937500   2.5900464e-22
 175291.7968750   2.5309773e-22
 176049.0000000   2.4927969e-22
 176806.2031250   2.4698796e-22
 177563.4062500   2.4286392e-22
 178320.5937500   2.3833305e-22
 179077.7968750   2.3792517e-22
 179835.0000000   2.3308893e-22
 180592.2031250   2.2993195e-22
 181349.4062500   2.2652109e-22
 182106.5937500   2.2183672e-22
 182863.7968750   2.2188739e-22
 183621.0000000   2.1766182e-22
 184378.2031250   2.1353735e-22
 185135.4062500   2.1119542e-22
 185892.5937500   2.0768178e-22
 186649.7968750   2.0498323e-22
 187407.0000000   2.0147029e-22
 188164.2031250   2.0029955e-22
 188921.4062500   1.9663356e-22
 189678.5937500   1.9480101e-22
 190435.7968750   1.9210184e-22
 191193.0000000   1.8813092e-22
 191950.2031250   1.8629740e-22
 192707.4062500   1.8380324e-22
 193464.5937500   1.8085014e-22
 194221.7968750   1.7820258e-22
 194979.0000000   1.7586002e-22
 195736.2031250   1.7504555e-22
 196493.4062500   1.7204189e-22
 197250.5937500   1.6964840e-22
 198007.7968750   1.6725588e-22
 198765.0000000   1.6567745e-22
 199522.2031250   1.6491376e-22
 200279.4062500   1.6109469e-22
 201036.5937500   1.5859974e-22
 201793.7968750   1.5737785e-22
 202551.0000000   1.5534181e-22
 203308.2031250   1.5335566e-22
 204065.4062500   1.5167576e-22
 204822.5937500   1.4979175e-22
 205579.7968750   1.4729709e-22
 206337.0000000   1.4638070e-22
 207094.2031250   1.4368200e-22
 207851.4062500   1.4256191e-22
 208608.5937500   1.4006704e-22
 209365.7968750   1.4027080e-22
 210123.0000000   1.3696103e-22
 210880.2031250   1.3624831e-22
 211637.4062500   1.3400804e-22
 212394.5937500   1.3319364e-22
 213151.7968750   1.3059688e-22
 213909.0000000   1.2983285e-22
 214666.2031250   1.2810195e-22
 215423.4062500   1.2576013e-22
 216180.5937500   1.2514910e-22
 216937.7968750   1.2372329e-22
 217695.0000000   1.2204327e-22
 218452.2031250   1.2056652e-22
 219209.4062500   1.1949745e-22
 219966.5937500   1.1786807e-22
 220723.7968750   1.1654416e-22
 221481.0000000   1.1516984e-22
 222238.2031250   1.1333687e-22
 222995.4062500   1.1216577e-22
 223752.5937500   1.1063832e-22
 224509.7968750   1.0977246e-22
 225267.0000000   1.0814310e-22
 226024.2031250   1.0732880e-22
 226781.4062500   1.0605571e-22
 227538.5937500   1.0483407e-22
 228295.7968750   1.0356099e-22
 229053.0000000   1.0208434e-22
 229810.2031250   1.0096431e-22
 230567.4062500   9.9691369e-23
 231324.5937500   9.8469506e-23
 232081.7968750   9.7553077e-23
 232839.0000000   9.6534897e-23
 233596.2031250   9.5669251e-23
 234353.4062500   9.4396295e-23
 235110.5937500   9.3530927e-23
 235867.7968750   9.2207023e-23
 236625.0000000   9.0934193e-23
 237382.2031250   8.9966525e-23
 238139.4062500   8.8999369e-23
 238896.5937500   8.7930173e-23
 239653.7968750   8.7217112e-23
 240411.0000000   8.6097074e-23
 241168.2031250   8.5384247e-23
 241925.4062500   8.4162346e-23
 243061.2031250   8.2838517e-23
 244575.5937500   8.0903788e-23
 246090.0000000   7.9121897e-23
 247604.4062500   7.7339841e-23
 249118.7968750   7.5761450e-23
 250633.2031250   7.4030374e-23
 252147.5937500   7.2452027e-23
 253662.0000000   7.0873712e-23
 255176.4062500   6.9244273e-23
 256690.7968750   6.7818593e-23
 258205.2031250   6.6291118e-23
 259719.5937500   6.4967599e-23
 261234.0000000   6.3490952e-23
 262748.4062500   6.2167067e-23
 264262.8125000   6.0843258e-23
 265777.1875000   5.9570396e-23
 267291.5937500   5.8348501e-23
 268806.0000000   5.7075664e-23
 270320.4062500   5.5904704e-23
 271834.8125000   5.4733467e-23
 273349.1875000   5.3613379e-23
 274863.5937500   5.2493383e-23
 276378.0000000   5.1424104e-23
 277892.4062500   5.0380365e-23
 279406.8125000   4.9367133e-23
 280921.1875000   4.8318229e-23
 282435.5937500   4.7279561e-23
 283950.0000000   4.6332559e-23
 285464.4062500   4.5472173e-23
 286978.8125000   4.4601508e-23
 288493.1875000   4.3720628e-23
 290007.5937500   4.2860154e-23
 291522.0000000   4.2009973e-23
 293036.4062500   4.1195288e-23
 294550.8125000   4.0395866e-23
 296065.1875000   3.9611789e-23
 297579.5937500   3.8853163e-23
 299094.0000000   3.8104717e-23
 300608.4062500   3.7371509e-23
 302122.8125000   3.6668994e-23
 303637.1875000   3.5956144e-23
 305151.5937500   3.5278996e-23
 306666.0000000   3.4627220e-23
 308180.4062500   3.3970474e-23
 309694.8125000   3.3349312e-23
 311209.1875000   3.2738362e-23
 312723.5937500   3.2127313e-23
 314238.0000000   3.1541799e-23
 315752.4062500   3.0951182e-23
 317266.8125000   3.0391103e-23
 318781.1875000   2.9851386e-23
 320295.5937500   2.9311724e-23
 321810.0000000   2.8787254e-23
 323324.4062500   2.8273037e-23
 324838.8125000   2.7768983e-23
 326353.1875000   2.7280265e-23
 327867.5937500   2.6801675e-23
 329382.0000000   2.6333220e-23
 330896.4062500   2.5869884e-23
 332410.8125000   2.5421843e-23
 333925.1875000   2.4973774e-23
 335439.5937500   2.4541038e-23
 336954.0000000   2.4118449e-23
 338468.4062500   2.3716150e-23
 339982.8125000   2.3298658e-23
 341497.1875000   2.2916777e-23
 343011.5937500   2.2534921e-23
 344526.0000000   2.2137832e-23
 346040.4062500   2.1776318e-23
 347554.8125000   2.1419953e-23
 349069.1875000   2.1068588e-23
 350583.5937500   2.0717254e-23
 352098.0000000   2.0376165e-23
 353612.4062500   2.0040162e-23
 355126.8125000   1.9714287e-23
 356641.1875000   1.9393541e-23
 358155.5937500   1.9077848e-23
 359670.0000000   1.8767209e-23
 361184.4062500   1.8466819e-23
 362698.8125000   1.8176665e-23
 364213.1875000   1.7881328e-23
 365727.5937500   1.7601301e-23
 367242.0000000   1.7321246e-23
 368756.4062500   1.7036144e-23
 370270.8125000   1.6776497e-23
 371785.1875000   1.6516818e-23
 373299.5937500   1.6262230e-23
 374814.0000000   1.6012761e-23
 376328.4062500   1.5763241e-23
 377842.8125000   1.5518906e-23
 379357.1875000   1.5279565e-23
 757200.0000000   1.0284802e-24
1514400.0000000   6.6087636e-26
2271600.0000000   1.3136079e-26
3028800.0000000   4.1612790e-27
3786000.0000000   1.7041231e-27
4543200.0000000   8.2125977e-28
5300400.0000000   4.4265473e-28
6057600.0000000   2.5920834e-28
