    278.1869812   2.6622778e-23
    287.3580017   3.0460595e-23
    293.4719849   3.2580451e-23
    299.5859985   1.8254188e-22
    305.6999817   5.0515972e-22
    311.8139954   5.4817922e-22
    317.9279785   5.2053990e-22
    324.0419922   5.2913038e-22
    330.1560059   5.3993593e-22
    336.2699890   6.1683258e-22
    348.4979858   6.3997122e-22
    360.7259827   6.2147426e-22
    369.8970032   7.8766542e-22
    382.1250000   8.1745644e-22
    388.2389832   8.3477301e-22
    391.2959900   8.4793828e-22
    400.4669800   8.1814958e-22
    403.5239868   8.4655039e-22
    409.6380005   8.0844854e-22
    418.8089905   8.9919935e-22
    427.9799805   9.0127901e-22
    437.1510010   1.1388976e-21
    449.3789978   1.4173850e-21
    461.6069946   1.2684404e-21
    473.8349915   1.4312405e-21
    486.0629883   1.4374769e-21
    495.2339783   1.4395554e-21
    507.4619751   1.4485611e-21
    519.6900024   1.4471750e-21
    528.8609619   1.1894664e-21
    541.0889893   1.4582571e-21
    550.2600098   1.4603337e-21
    556.3739624   1.4603337e-21
    568.6019897   1.4624130e-21
    583.8869629   1.4644955e-21
    593.0579834   1.4728032e-21
    605.2860107   1.4693401e-21
    617.5139771   1.4741880e-21
    626.6849976   1.4728032e-21
    641.9699707   1.4277749e-21
    660.3120117   1.4714196e-21
    672.5399780   1.4769616e-21
    681.7109985   1.4589489e-21
    693.9389648   1.4804230e-21
    703.1099854   1.8538250e-21
    715.3379517   2.7724271e-21
    733.6799927   3.0211193e-21
    752.0219727   2.8181436e-21
    770.3639526   2.9102777e-21
    785.6489868   2.6802863e-21
    794.8200073   2.8139879e-21
    807.0479736   3.5309852e-21
    822.3330078   3.6217501e-21
    837.6179810   3.6750904e-21
    852.9029541   3.1735226e-21
    868.1879883   3.7575265e-21
    886.5299683   3.8919268e-21
    904.8719482   3.5801734e-21
    920.1569824   3.2261363e-21
    941.5559692   3.3615776e-21
    972.1259766   3.1729235e-21
   1002.6959839   3.1455900e-21
   1033.2659912   2.8548297e-21
   1063.8359375   2.5995512e-21
   1091.3489990   3.3700180e-21
   1118.8619385   4.9569194e-21
   1146.3750000   4.7224165e-21
   1176.9449463   3.6208276e-21
   1207.5150146   5.2027706e-21
   1238.0849609   6.2134875e-21
   1265.5980225   5.9998128e-21
   1290.0539551   5.3086218e-21
   1314.5100098   4.9492409e-21
   1348.1369629   5.6029091e-21
   1378.7069092   5.5593036e-21
   1406.2199707   4.7738605e-21
   1436.7899170   4.7491848e-21
   1467.3599854   5.2198905e-21
   1497.9299316   4.3231460e-21
   1528.5000000   5.2381245e-21
   1546.8419189   4.4593493e-21
   1565.1839600   6.9592765e-21
   1589.6400146   6.5288255e-21
   1620.2099609   5.9304932e-21
   1650.7799072   4.8067429e-21
   1681.3499756   4.6065963e-21
   1711.9199219   5.9980207e-21
   1742.4899902   6.6628259e-21
   1773.0599365   6.4631802e-21
   1803.6300049   6.5405922e-21
   1834.1999512   5.4633337e-21
   1864.7698975   5.2915132e-21
   1895.3399658   6.7256529e-21
   1925.9099121   6.3386770e-21
   1956.4799805   7.0211979e-21
   1987.0499268   6.7916674e-21
   2011.5059814   6.2653051e-21
   2032.9049072   7.1317113e-21
   2063.4748535   7.5941021e-21
   2094.0449219   6.5815676e-21
   2124.6149902   7.7842155e-21
   2155.1850586   6.3954693e-21
   2188.8120117   8.4015757e-21
   2219.3818359   8.6990675e-21
   2246.8950195   8.9518423e-21
   2277.4648438   8.8999399e-21
   2308.0349121   9.1323236e-21
   2338.6049805   8.4769259e-21
   2369.1750488   9.8302306e-21
   2399.7448730   9.3742327e-21
   2430.3149414   1.0547279e-20
   2460.8850098   1.1691792e-20
   2491.4548340   1.3164788e-20
   2522.0249023   1.5046100e-20
   2552.5949707   1.3472270e-20
   2583.1650391   1.8798314e-20
   2613.7348633   2.0974887e-20
   2644.3049316   2.4730713e-20
   2674.8750000   2.8367448e-20
   2705.4448242   3.2556136e-20
   2736.0148926   3.7510137e-20
   2766.5849609   4.2416736e-20
   2797.1550293   4.7111888e-20
   2827.7248535   1.2986597e-19
   2858.2949219   2.2440906e-19
   2888.8649902   3.1861193e-19
   2919.4348145   3.9630593e-19
   2950.0048828   4.4456414e-19
   2980.5749512   2.0374202e-19
   3011.1450195   4.0167666e-19
   3041.7148438   4.0726501e-19
   3072.2849121   5.2648785e-19
   3102.8549805   5.7485739e-19
   3133.4248047   4.4820073e-19
   3163.9948730   6.2193027e-19
   3194.5649414   8.4366653e-19
   3225.1350098   8.3653830e-19
   3255.7048340   7.3934541e-19
   3286.2749023   8.2953218e-19
   3316.8449707   7.6523911e-19
   3347.4147949   9.0409383e-19
   3377.9848633   8.8350975e-19
   3408.5549316   8.9164497e-19
   3439.1250000   7.9953288e-19
   3469.6948242   9.7134144e-19
   3500.2648926   9.5658775e-19
   3530.8349609   9.7797192e-19
   3561.4050293   9.7971727e-19
   3591.9748535   6.7317995e-19
   3622.5449219   9.8216003e-19
   3653.1149902   9.1774355e-19
   3683.6848145   8.1113719e-19
   3714.2548828   7.0089671e-19
   3744.8249512   1.1236894e-18
   3775.3950195   1.2939286e-18
   3805.9648438   1.3284723e-18
   3836.5349121   1.3249647e-18
   3867.1049805   1.3523488e-18
   3897.6748047   1.5405505e-18
   3928.2448730   1.5878797e-18
   3958.8149414   1.4223674e-18
   3989.3850098   1.4730942e-18
   4019.9548340   1.6661149e-18
   4050.5249023   1.6245815e-18
   4081.0949707   1.5868410e-18
   4111.6650391   1.7009831e-18
   4142.2348633   1.6989450e-18
   4172.8046875   1.6292329e-18
   4203.3750000   1.6266734e-18
   4233.9448242   1.6254807e-18
   4264.5146484   1.2032480e-18
   4295.0849609   1.1830791e-18
   4325.6547852   1.6045289e-18
   4356.2250977   1.5666416e-18
   4386.7949219   1.6710834e-18
   4408.1938477   1.6982884e-18
   4423.4790039   1.7024106e-18
   4447.9350586   1.6698290e-18
   4478.5048828   1.6164113e-18
   4509.0747070   1.6739188e-18
   4539.6450195   1.7124665e-18
   4570.2148438   1.7149275e-18
   4600.7846680   1.6404409e-18
   4622.1840820   1.5322510e-18
   4637.4687500   1.5797899e-18
   4661.9248047   1.5904900e-18
   4692.4951172   1.3850720e-18
   4723.0649414   1.2163717e-18
   4753.6347656   1.2315843e-18
   4784.2050781   1.3980527e-18
   4814.7749023   1.4883243e-18
   4845.3447266   1.5147676e-18
   4875.9150391   1.5230393e-18
   4906.4848633   1.5080633e-18
   4937.0546875   1.4898087e-18
   4967.6250000   1.4919694e-18
   4998.1948242   1.5735095e-18
   5028.7646484   1.5878378e-18
   5059.3349609   1.5929367e-18
   5089.9047852   1.6392166e-18
   5111.3037109   1.5431508e-18
   5126.5888672   1.7311972e-18
   5151.0449219   1.7023732e-18
   5181.6147461   1.6413561e-18
   5212.1850586   1.6182794e-18
   5242.7548828   1.5454433e-18
   5273.3247070   1.5236147e-18
   5303.8950195   1.6005664e-18
   5334.4648438   1.5796304e-18
   5365.0346680   1.6035567e-18
   5395.6049805   1.5790824e-18
   5426.1748047   1.5361253e-18
   5456.7446289   1.5850439e-18
   5487.3149414   1.6208827e-18
   5517.8847656   1.6441625e-18
   5548.4550781   1.5317127e-18
   5579.0249023   1.5733229e-18
   5609.5947266   1.5530501e-18
   5640.1650391   1.4597757e-18
   5670.7348633   1.4695467e-18
   5701.3046875   1.4893966e-18
   5731.8750000   1.5350665e-18
   5762.4448242   1.4170426e-18
   5793.0146484   1.3565663e-18
   5823.5849609   1.4444064e-18
   5854.1547852   1.3761648e-18
   5884.7246094   1.3156175e-18
   5915.2949219   1.3976353e-18
   5945.8647461   1.4245868e-18
   5976.4350586   1.3060324e-18
   6013.1186523   1.4053168e-18
   6040.6318359   1.4490192e-18
   6065.0878906   1.3802565e-18
   6098.7148438   1.3584264e-18
   6129.2846680   1.4055883e-18
   6159.8549805   1.3900996e-18
   6190.4248047   1.4278188e-18
   6220.9946289   1.3390160e-18
   6251.5649414   1.3599785e-18
   6282.1347656   1.2071596e-18
   6312.7050781   1.2716197e-18
   6340.2177734   1.4071139e-18
   6352.4458008   1.3085069e-18
   6373.8447266   1.3564709e-18
   6404.4150391   1.2975822e-18
   6434.9848633   1.3291785e-18
   6465.5546875   1.3460560e-18
   6496.1250000   1.3497736e-18
   6526.6948242   1.3282449e-18
   6557.2646484   1.2924351e-18
   6587.8349609   1.3352224e-18
   6618.4047852   1.3166176e-18
   6648.9746094   1.3198132e-18
   6679.5449219   1.2877323e-18
   6710.1147461   1.3202538e-18
   6740.6850586   1.3141507e-18
   6771.2548828   1.2899342e-18
   6801.8247070   1.2763308e-18
   6832.3950195   1.2842081e-18
   6862.9648438   1.2854269e-18
   6893.5346680   1.2595749e-18
   6924.1049805   1.2853931e-18
   6954.6748047   1.2894132e-18
   6985.2446289   1.2923612e-18
   7015.8149414   1.2239382e-18
   7046.3847656   1.2609697e-18
   7076.9545898   1.2388535e-18
   7107.5249023   1.1133931e-18
   7138.0947266   1.2091069e-18
   7168.6650391   1.2131760e-18
   7199.2348633   1.2149249e-18
   7229.8046875   1.1964661e-18
   7260.3750000   1.1832142e-18
   7290.9448242   1.1537237e-18
   7321.5146484   1.1679015e-18
   7352.0849609   1.1477854e-18
   7382.6547852   1.1470597e-18
   7413.2246094   1.1527968e-18
   7443.7949219   1.1236550e-18
   7474.3647461   1.1339566e-18
   7504.9345703   1.1269216e-18
   7535.5048828   1.1140876e-18
   7566.0747070   1.0990127e-18
   7596.6450195   1.0878000e-18
   7627.2148438   9.1755413e-19
   7657.7846680   1.0647858e-18
   7682.2407227   1.0201177e-18
   7697.5258789   1.0611210e-18
   7718.9248047   1.0536491e-18
   7749.4946289   1.0526963e-18
   7780.0649414   1.0315929e-18
   7810.6347656   1.0438295e-18
   7841.2045898   1.0364337e-18
   7871.7749023   1.0446183e-18
   7902.3447266   1.0367252e-18
   7932.9150391   1.0274827e-18
   7963.4848633   1.0198580e-18
   7994.0546875   1.0083893e-18
   8024.6250000   1.0108192e-18
   8055.1948242   1.0100470e-18
   8085.7646484   1.0148225e-18
   8116.3349609   1.0131481e-18
   8146.9047852   9.8194000e-19
   8177.4746094   9.8655236e-19
   8208.0449219   9.8790935e-19
   8238.6152344   9.6445506e-19
   8269.1845703   9.5911168e-19
   8299.7548828   9.5368496e-19
   8330.3251953   9.5459424e-19
   8360.8945312   9.5009386e-19
   8391.4648438   9.2981315e-19
   8422.0351562   9.2734598e-19
   8452.6044922   9.2464151e-19
   8483.1748047   9.3331533e-19
   8513.7451172   9.2044802e-19
   8544.3144531   8.7700346e-19
   8574.8847656   8.9128866e-19
   8605.4550781   9.0432017e-19
   8636.0244141   8.9554988e-19
   8666.5947266   8.6660440e-19
   8697.1650391   8.6854760e-19
   8727.7343750   8.5917296e-19
   8758.3046875   8.6269308e-19
   8788.8750000   8.5329910e-19
   8819.4443359   8.4837417e-19
   8850.0146484   8.3866819e-19
   8895.8701172   8.3507734e-19
   8957.0097656   8.2829079e-19
   9018.1494141   8.1369188e-19
   9079.2900391   8.1026492e-19
   9140.4296875   8.0121660e-19
   9201.5693359   7.8824682e-19
   9262.7099609   7.8724697e-19
   9323.8496094   7.8143582e-19
   9384.9902344   7.7453739e-19
   9446.1298828   7.6018777e-19
   9507.2695312   7.5611561e-19
   9568.4101562   7.4293883e-19
   9629.5498047   7.3672960e-19
   9690.6894531   7.2266779e-19
   9751.8300781   7.0878403e-19
   9812.9697266   7.0065357e-19
   9874.1093750   6.8970831e-19
   9935.2500000   6.8194941e-19
   9996.3896484   6.6835754e-19
  10057.5292969   6.5850080e-19
  10118.6699219   6.4822262e-19
  10179.8095703   6.3547603e-19
  10240.9501953   6.2322083e-19
  10302.0898438   6.1276630e-19
  10363.2294922   6.0412991e-19
  10424.3701172   5.9468728e-19
  10485.5097656   5.8041563e-19
  10546.6494141   5.7065655e-19
  10607.7900391   5.6376629e-19
  10668.9296875   5.5450145e-19
  10730.0693359   5.4690235e-19
  10791.2099609   5.3914924e-19
  10852.3496094   5.3090178e-19
  10913.4892578   5.2178507e-19
  10974.6298828   5.1001951e-19
  11035.7695312   5.0269208e-19
  11096.9101562   4.9664420e-19
  11127.4794922   4.9373222e-19
  11158.0498047   4.9235936e-19
  11219.1894531   4.8356451e-19
  11280.3300781   4.6741128e-19
  11341.4697266   4.7472035e-19
  11402.6093750   4.6974703e-19
  11463.7500000   5.0700676e-19
  11524.8896484   5.0556369e-19
  11586.0292969   5.3017019e-19
  11647.1699219   5.5550565e-19
  11708.3095703   4.9474370e-19
  11769.4492188   5.5988257e-19
  11830.5898438   5.6153492e-19
  11891.7294922   4.7168201e-19
  11952.8701172   5.5965882e-19
  12014.0097656   5.3630591e-19
  12075.1494141   5.4057892e-19
  12136.2900391   4.3998595e-19
  12197.4296875   5.3395098e-19
  12258.5693359   5.3804221e-19
  12319.7099609   5.2376642e-19
  12380.8496094   5.2782369e-19
  12441.9892578   5.1147752e-19
  12503.1298828   4.8562471e-19
  12564.2695312   4.3540518e-19
  12625.4101562   4.9391869e-19
  12686.5498047   4.9536114e-19
  12747.6894531   4.9273355e-19
  12808.8300781   4.8973905e-19
  12869.9697266   4.8698304e-19
  12931.1093750   4.8082634e-19
  12992.2500000   4.7459736e-19
  13053.3896484   4.6325857e-19
  13114.5292969   4.6209628e-19
  13175.6699219   4.4885472e-19
  13236.8095703   4.2170438e-19
  13297.9492188   3.9008765e-19
  13359.0898438   4.4135421e-19
  13420.2294922   4.3534976e-19
  13481.3701172   4.3493503e-19
  13542.5097656   4.3365331e-19
  13603.6494141   4.3087024e-19
  13664.7900391   4.2027700e-19
  13725.9296875   4.2315329e-19
  13787.0693359   4.2486837e-19
  13848.2099609   4.1550526e-19
  13909.3496094   4.1072276e-19
  13970.4892578   4.1204164e-19
  14031.6298828   4.0422499e-19
  14092.7695312   4.0136098e-19
  14153.9091797   3.9459522e-19
  14215.0498047   3.8837820e-19
  14276.1894531   3.8981535e-19
  14337.3300781   3.8499191e-19
  14398.4697266   3.7592430e-19
  14459.6093750   3.7938910e-19
  14520.7500000   3.7743802e-19
  14581.8896484   3.7606301e-19
  14643.0292969   3.7073506e-19
  14704.1699219   3.6505267e-19
  14765.3095703   3.6115685e-19
  14826.4492188   3.3862339e-19
  14887.5898438   3.0444949e-19
  14948.7294922   3.4985232e-19
  15009.8691406   3.4858241e-19
  15071.0097656   3.4051291e-19
  15132.1494141   3.4319734e-19
  15193.2900391   3.3938419e-19
  15254.4296875   3.3213096e-19
  15315.5693359   3.2048125e-19
  15376.7099609   3.2558853e-19
  15437.8496094   3.2103205e-19
  15498.9892578   3.2395110e-19
  15560.1298828   3.1809742e-19
  15621.2695312   3.1597128e-19
  15682.4091797   3.0999074e-19
  15743.5498047   3.0539092e-19
  15804.6894531   2.9940544e-19
  15865.8300781   2.9814185e-19
  15926.9697266   2.9664374e-19
  15988.1093750   2.9669195e-19
  16049.2500000   2.9663591e-19
  16110.3896484   2.8867660e-19
  16171.5292969   2.9333238e-19
  16232.6699219   2.9232154e-19
  16293.8095703   2.8514841e-19
  16354.9492188   2.8706967e-19
  16416.0898438   2.8517470e-19
  16477.2304688   2.8068291e-19
  16538.3691406   2.7726585e-19
  16599.5097656   2.7548883e-19
  16660.6503906   2.7457927e-19
  16721.7890625   2.6974564e-19
  16782.9296875   2.6773213e-19
  16844.0703125   2.6563915e-19
  16905.2089844   2.6547121e-19
  16966.3496094   2.6486564e-19
  17027.4902344   2.6231650e-19
  17088.6289062   2.5800223e-19
  17149.7695312   2.5773157e-19
  17210.9101562   2.5411355e-19
  17272.0488281   2.5236854e-19
  17333.1894531   2.4944952e-19
  17394.3300781   2.4967640e-19
  17455.4687500   2.4686980e-19
  17516.6093750   2.5011980e-19
  17577.7500000   2.4472379e-19
  17638.8886719   2.4465823e-19
  17700.0292969   2.4040094e-19
  17761.1699219   2.4152904e-19
  17822.3085938   2.4165107e-19
  17883.4492188   2.3769131e-19
  17944.5898438   2.3226536e-19
  18005.7304688   2.2698622e-19
  18066.8691406   2.3055894e-19
  18128.0097656   2.2928966e-19
  18189.1503906   2.2723158e-19
  18250.2890625   2.2798928e-19
  18311.4296875   2.2455397e-19
  18372.5703125   2.2332460e-19
  18433.7089844   2.2403386e-19
  18494.8496094   2.2392270e-19
  18555.9902344   2.2329322e-19
  18617.1289062   2.1915923e-19
  18678.2695312   2.1817199e-19
  18739.4101562   2.1318602e-19
  18800.5488281   2.1138942e-19
  18861.6894531   2.0744484e-19
  18922.8300781   2.0811920e-19
  18983.9687500   2.0560631e-19
  19045.1093750   2.0145709e-19
  19106.2500000   1.9760496e-19
  19167.3886719   2.0100547e-19
  19228.5292969   2.0232335e-19
  19289.6699219   1.9970495e-19
  19350.8085938   2.0088103e-19
  19411.9492188   1.9894858e-19
  19473.0898438   1.9802369e-19
  19534.2304688   1.9877478e-19
  19595.3691406   1.9714119e-19
  19656.5097656   1.9676493e-19
  19717.6503906   1.9575388e-19
  19778.7890625   1.9512472e-19
  19839.9296875   1.9170663e-19
  19901.0703125   1.9283138e-19
  19962.2089844   1.9105941e-19
  20023.3496094   1.8517503e-19
  20084.4902344   1.6878191e-19
  20145.6289062   1.8666354e-19
  20206.7695312   1.8785192e-19
  20267.9101562   1.8608894e-19
  20329.0488281   1.8414183e-19
  20390.1894531   1.8037030e-19
  20451.3300781   1.8055021e-19
  20512.4687500   1.7726283e-19
  20573.6093750   1.7779377e-19
  20634.7500000   1.7553058e-19
  20695.8886719   1.7566400e-19
  20757.0292969   1.7367718e-19
  20818.1699219   1.7412933e-19
  20879.3085938   1.7425707e-19
  20940.4492188   1.7247390e-19
  21001.5898438   1.7321024e-19
  21062.7285156   1.7430912e-19
  21123.8691406   1.7370845e-19
  21185.0097656   1.7205629e-19
  21246.1503906   1.7028892e-19
  21307.2890625   1.7094832e-19
  21368.4296875   1.6979155e-19
  21429.5703125   1.6815819e-19
  21490.7089844   1.6804891e-19
  21551.8496094   1.6644474e-19
  21612.9902344   1.6115134e-19
  21674.1289062   1.5818171e-19
  21735.2695312   1.5315916e-19
  21796.4101562   1.5072157e-19
  21857.5488281   1.5131917e-19
  21918.6894531   1.5184243e-19
  21979.8300781   1.5111928e-19
  22040.9687500   1.5355181e-19
  22102.1093750   1.5426087e-19
  22163.2500000   1.5537459e-19
  22224.3886719   1.5527364e-19
  22285.5292969   1.5399147e-19
  22346.6699219   1.5628757e-19
  22407.8085938   1.5611058e-19
  22468.9492188   1.5652317e-19
  22530.0898438   1.5838193e-19
  22591.2285156   1.5645995e-19
  22652.3691406   1.5601872e-19
  22713.5097656   1.5620658e-19
  22774.6503906   1.5594817e-19
  22835.7890625   1.5542783e-19
  22896.9296875   1.5457011e-19
  22958.0703125   1.5523887e-19
  23019.2089844   1.5590776e-19
  23080.3496094   1.5586737e-19
  23141.4902344   1.5474060e-19
  23202.6289062   1.5282656e-19
  23263.7695312   1.5143153e-19
  23324.9101562   1.5014547e-19
  23386.0488281   1.4859403e-19
  23447.1894531   1.4527278e-19
  23508.3300781   1.4630683e-19
  23569.4687500   1.4451869e-19
  23630.6093750   1.4408331e-19
  23691.7500000   1.4342041e-19
  23752.8886719   1.4347207e-19
  23814.0292969   1.4401434e-19
  23875.1699219   1.4376284e-19
  23936.3085938   1.4339648e-19
  23997.4492188   1.4147667e-19
  24058.5898438   1.4114401e-19
  24119.7285156   1.3754819e-19
  24180.8691406   1.3565367e-19
  24242.0097656   1.3614904e-19
  24303.1484375   1.3504792e-19
  24364.2890625   1.3714105e-19
  24425.4296875   1.3672308e-19
  24486.5703125   1.3763824e-19
  24547.7089844   1.3729531e-19
  24608.8496094   1.3645373e-19
  24669.9902344   1.3530558e-19
  24731.1289062   1.3327384e-19
  24792.2695312   1.3238769e-19
  24853.4101562   1.3375936e-19
  24914.5488281   1.3352284e-19
  24975.6894531   1.3366892e-19
  25036.8300781   1.3223952e-19
  25097.9687500   1.3126913e-19
  25159.1093750   1.3183475e-19
  25220.2500000   1.3182375e-19
  25281.3886719   1.3192744e-19
  25342.5292969   1.3083574e-19
  25403.6699219   1.2769586e-19
  25464.8085938   1.2767905e-19
  25525.9492188   1.2723682e-19
  25587.0898438   1.2745103e-19
  25648.2285156   1.2611635e-19
  25709.3691406   1.2791702e-19
  25770.5097656   1.2623051e-19
  25831.6484375   1.2516177e-19
  25892.7890625   1.2428590e-19
  25953.9296875   1.2655469e-19
  26015.0683594   1.2077747e-19
  26076.2089844   1.2596469e-19
  26137.3496094   1.1741295e-19
  26198.4902344   1.2829455e-19
  26259.6289062   1.2409826e-19
  26320.7695312   1.2415006e-19
  26381.9101562   1.2877098e-19
  26443.0488281   1.2679223e-19
  26504.1894531   1.1585373e-19
  26565.3300781   1.2544848e-19
  26626.4687500   1.2808399e-19
  26687.6093750   1.2688136e-19
  26748.7500000   1.1987172e-19
  26809.8886719   1.2584414e-19
  26871.0292969   1.2742473e-19
  26932.1699219   1.2570604e-19
  26993.3085938   1.2575408e-19
  27054.4492188   1.2379453e-19
  27115.5898438   1.1773515e-19
  27176.7285156   1.2463518e-19
  27237.8691406   1.2598294e-19
  27299.0097656   1.2401600e-19
  27360.1484375   1.2398224e-19
  27421.2890625   1.2371029e-19
  27482.4296875   1.2248845e-19
  27543.5683594   1.1552549e-19
  27604.7089844   1.1980067e-19
  27665.8496094   1.2412117e-19
  27726.9902344   1.2237932e-19
  27788.1289062   1.1940409e-19
  27849.2695312   1.1956204e-19
  27910.4101562   1.2079286e-19
  27971.5488281   1.1975806e-19
  28032.6894531   1.1808573e-19
  28093.8300781   1.1720635e-19
  28154.9687500   1.1281991e-19
  28216.1093750   1.0707224e-19
  28277.2500000   1.1160808e-19
  28338.3886719   1.1355513e-19
  28399.5292969   1.1386676e-19
  28460.6699219   1.1425850e-19
  28521.8085938   1.1357061e-19
  28582.9492188   1.1340163e-19
  28644.0898438   1.1211114e-19
  28705.2285156   1.1258135e-19
  28766.3691406   1.1036562e-19
  28827.5097656   1.1207864e-19
  28888.6484375   1.1046163e-19
  28949.7890625   1.1125230e-19
  29010.9296875   1.1111900e-19
  29072.0683594   1.0965877e-19
  29133.2089844   1.0892008e-19
  29194.3496094   1.0290633e-19
  29255.4882812   1.0792346e-19
  29316.6289062   1.0996308e-19
  29377.7695312   1.0881871e-19
  29438.9101562   1.0876186e-19
  29500.0488281   1.0797846e-19
  29561.1894531   1.0735524e-19
  29622.3300781   1.0814599e-19
  29683.4687500   1.0756194e-19
  29744.6093750   1.0726051e-19
  29805.7500000   1.0651271e-19
  29866.8886719   1.0653376e-19
  29928.0292969   1.0533808e-19
  29989.1699219   1.0677780e-19
  30050.3085938   1.0602733e-19
  30111.4492188   1.0637200e-19
  30172.5898438   1.0574133e-19
  30233.7285156   1.0531310e-19
  30294.8691406   1.0480326e-19
  30356.0097656   1.0498384e-19
  30417.1484375   1.0475770e-19
  30478.2890625   1.0465285e-19
  30539.4296875   1.0401776e-19
  30646.4238281   1.0201357e-19
  30799.2734375   9.9964105e-20
  30952.1250000   1.0167542e-19
  31104.9746094   1.0072563e-19
  31257.8242188   1.0038910e-19
  31410.6738281   1.0000450e-19
  31563.5234375   9.8464769e-20
  31716.3750000   9.7538973e-20
  31869.2246094   9.7224625e-20
  32022.0742188   9.6170157e-20
  32174.9238281   9.5686508e-20
  32327.7734375   9.4620460e-20
  32480.6250000   9.3919941e-20
  32633.4746094   9.2260113e-20
  32786.3242188   9.1850969e-20
  32939.1757812   9.0970571e-20
  33092.0234375   8.9048662e-20
  33244.8750000   8.7413856e-20
  33397.7226562   8.3967802e-20
  33550.5742188   8.3281759e-20
  33703.4257812   8.2425550e-20
  33856.2734375   8.1524789e-20
  34009.1250000   8.1164681e-20
  34161.9726562   8.0718908e-20
  34314.8242188   8.0314365e-20
  34467.6757812   7.9655024e-20
  34620.5234375   7.9289940e-20
  34773.3750000   7.8966054e-20
  34926.2226562   7.8505457e-20
  35079.0742188   7.8817065e-20
  35231.9257812   7.8524766e-20
  35384.7734375   7.7814812e-20
  35537.6250000   7.6966119e-20
  35690.4726562   7.6713021e-20
  35843.3242188   7.6929626e-20
  35996.1757812   7.6119338e-20
  36149.0234375   7.5564422e-20
  36301.8750000   7.4493185e-20
  36454.7226562   7.5093976e-20
  36607.5742188   7.3198860e-20
  36760.4257812   7.3838161e-20
  36913.2734375   7.3104413e-20
  37066.1250000   7.2748893e-20
  37218.9726562   7.2608131e-20
  37371.8242188   7.2000353e-20
  37524.6757812   7.1469187e-20
  37677.5234375   7.0850081e-20
  37830.3750000   7.0533096e-20
  37983.2226562   6.9911664e-20
  38136.0742188   6.9506326e-20
  38288.9257812   6.8751879e-20
  38441.7734375   6.8431360e-20
  38594.6250000   6.8018765e-20
  38747.4726562   6.7343720e-20
  38900.3242188   6.7147621e-20
  39053.1757812   6.6776197e-20
  39206.0234375   6.4173027e-20
  39358.8750000   6.5592909e-20
  39511.7226562   6.4864408e-20
  39664.5742188   6.5103282e-20
  39817.4257812   6.4328789e-20
  39970.2734375   6.4391539e-20
  40123.1250000   6.3526948e-20
  40275.9726562   6.3233008e-20
  40428.8242188   6.3026730e-20
  40581.6757812   6.2198760e-20
  40734.5234375   6.2344260e-20
  40887.3750000   6.1691117e-20
  41040.2226562   6.1747766e-20
  41193.0742188   6.1314046e-20
  41345.9257812   6.1012390e-20
  41498.7734375   6.0177842e-20
  41651.6250000   5.9919128e-20
  41804.4726562   5.9837606e-20
  41957.3242188   5.9666767e-20
  42110.1757812   5.9317697e-20
  42263.0234375   5.9142632e-20
  42415.8750000   5.8477049e-20
  42568.7226562   5.7635392e-20
  42721.5742188   5.7458473e-20
  42874.4257812   5.6521658e-20
  43027.2734375   5.6075369e-20
  43180.1250000   5.4912139e-20
  43332.9726562   5.4553020e-20
  43485.8242188   5.3876816e-20
  43638.6757812   5.3336977e-20
  43791.5234375   5.3828801e-20
  43944.3750000   5.3824077e-20
  44097.2226562   5.2695279e-20
  44250.0742188   5.3277508e-20
  44402.9257812   5.2731856e-20
  44540.4882812   5.2813440e-20
  44693.3398438   5.2263591e-20
  44861.4726562   5.2083030e-20
  45014.3242188   5.1441512e-20
  45167.1757812   5.1570223e-20
  45320.0234375   5.1518382e-20
  45472.8750000   5.1327549e-20
  45625.7226562   5.1954639e-20
  45778.5742188   5.1537165e-20
  45931.4218750   5.1439703e-20
  46084.2734375   5.1112046e-20
  46237.1250000   5.1465013e-20
  46389.9726562   5.1545996e-20
  46542.8242188   5.1490558e-20
  46695.6718750   5.1435186e-20
  46848.5234375   5.1106210e-20
  47001.3750000   5.1460492e-20
  47154.2226562   5.1264916e-20
  47307.0742188   5.1342878e-20
  47459.9218750   5.0830213e-20
  47612.7734375   4.8534535e-20
  47765.6250000   4.8928331e-20
  47918.4726562   4.9053552e-20
  48071.3242188   4.9819967e-20
  48224.1718750   4.6778915e-20
  48377.0234375   4.6123455e-20
  48529.8750000   4.6333385e-20
  48682.7226562   4.7880335e-20
  48835.5742188   4.6162365e-20
  49064.8476562   4.6621195e-20
  49370.5468750   4.7365199e-20
  49676.2500000   4.5927181e-20
  49981.9492188   4.7202806e-20
  50287.6484375   4.5100265e-20
  50593.3476562   4.6049377e-20
  50899.0468750   4.5014187e-20
  51204.7500000   4.4797049e-20
  51510.4492188   4.3841393e-20
  51816.1484375   4.3909991e-20
  52121.8476562   4.3220827e-20
  52427.5468750   4.2706841e-20
  52733.2500000   4.2005372e-20
  53038.9492188   4.0956811e-20
  53344.6484375   4.0779658e-20
  53650.3476562   4.0242001e-20
  53956.0468750   3.9661061e-20
  54261.7500000   3.8980508e-20
  54567.4492188   3.8654890e-20
  54873.1484375   3.8000445e-20
  55178.8476562   3.7259585e-20
  55484.5468750   3.6607052e-20
  55790.2500000   3.6108550e-20
  56095.9492188   3.5537925e-20
  56401.6484375   3.4881825e-20
  56707.3476562   3.4451116e-20
  57013.0468750   3.3650932e-20
  57318.7500000   3.2953454e-20
  57624.4492188   3.2751602e-20
  57930.1484375   3.1782932e-20
  58235.8476562   3.1887932e-20
  58541.5468750   3.1285887e-20
  58847.2500000   3.0854961e-20
  59152.9492188   3.0141350e-20
  59458.6484375   2.9404180e-20
  59764.3476562   2.9299119e-20
  60070.0468750   2.8736358e-20
  60375.7500000   2.8166337e-20
  60681.4492188   2.7787902e-20
  60987.1484375   2.7389640e-20
  61292.8476562   2.7124722e-20
  61598.5468750   2.6731741e-20
  61904.2500000   2.6092280e-20
  62209.9492188   2.5696188e-20
  62515.6484375   2.5515249e-20
  62821.3476562   2.5038356e-20
  63127.0468750   2.4606878e-20
  63432.7500000   2.4287251e-20
  63738.4492188   2.3894938e-20
  64044.1484375   2.3495235e-20
  64349.8476562   2.3304190e-20
  64655.5468750   2.2881485e-20
  64961.2500000   2.2535322e-20
  65266.9492188   2.2336090e-20
  65572.6484375   2.1979346e-20
  65878.3515625   2.1636663e-20
  66184.0468750   2.1165232e-20
  66489.7500000   2.0942486e-20
  66795.4453125   2.0695345e-20
  67101.1484375   2.0447708e-20
  67406.8515625   2.0025122e-20
  67712.5468750   1.9910418e-20
  68018.2500000   1.9486866e-20
  68323.9453125   1.9242614e-20
  68629.6484375   1.8986160e-20
  68935.3515625   1.8746128e-20
  69241.0468750   1.8413133e-20
  69546.7500000   1.8294238e-20
  69852.4453125   1.7948684e-20
  70158.1484375   1.5159523e-20
  70463.8515625   1.6195663e-20
  70769.5468750   1.6092571e-20
  71075.2500000   1.3780760e-20
  71380.9453125   1.4930512e-20
  71686.6484375   1.4025051e-20
  71992.3515625   1.2636641e-20
  72298.0468750   1.3782939e-20
  72603.7500000   1.2963176e-20
  72909.4453125   1.2023130e-20
  73215.1484375   1.2930482e-20
  73520.8515625   1.2521510e-20
  73826.5468750   1.1659385e-20
  74132.2500000   1.2330562e-20
  74437.9453125   1.1895762e-20
  74743.6484375   1.1529336e-20
  75049.3515625   1.1634627e-20
  75355.0468750   1.1652526e-20
  75660.7500000   1.1408651e-20
  75966.4453125   1.0329257e-20
  76272.1484375   1.0290679e-20
  76577.8515625   1.0579847e-20
  76883.5468750   1.0285030e-20
  77189.2500000   1.0632856e-20
  77494.9453125   1.0734345e-20
  77800.6484375   1.0781449e-20
  78106.3515625   1.0808758e-20
  78412.0468750   1.0854712e-20
  78717.7500000   1.0921850e-20
  79023.4453125   1.0615965e-20
  79329.1484375   1.0617084e-20
  79634.8515625   1.0634351e-20
  79940.5468750   1.0407441e-20
  80246.2500000   1.0254992e-20
  80551.9453125   1.0285844e-20
  80857.6484375   1.0203060e-20
  81163.3515625   1.0040145e-20
  81469.0468750   9.8859077e-21
  81774.7500000   9.9327355e-21
  82080.4453125   9.8444445e-21
  82386.1484375   9.6007259e-21
  82691.8515625   9.6262699e-21
  82997.5468750   9.5175183e-21
  83303.2500000   9.4688633e-21
  83608.9453125   9.2281594e-21
  83914.6484375   9.2294963e-21
  84220.3515625   9.1452878e-21
  84526.0468750   9.0257425e-21
  84831.7500000   8.8496209e-21
  85137.4453125   8.8456191e-21
  85443.1484375   8.7912045e-21
  85748.8515625   8.6852478e-21
  86054.5468750   8.5346783e-21
  86360.2500000   8.4900033e-21
  86665.9453125   8.4402602e-21
  86971.6484375   8.3388263e-21
  87277.3515625   8.2284494e-21
  87583.0468750   8.1424234e-21
  87888.7500000   8.0310836e-21
  88194.4453125   7.9703658e-21
  88500.1484375   7.8792839e-21
  88805.8515625   7.7881817e-21
  89111.5468750   7.7173269e-21
  89417.2500000   7.5857697e-21
  89722.9453125   7.5503382e-21
  90028.6484375   7.4339586e-21
  90334.3515625   7.3428435e-21
  90640.0468750   7.2821459e-21
  90945.7500000   7.1961151e-21
  91251.4453125   7.0948792e-21
  91557.1484375   7.0139245e-21
  91862.8437500   6.9278977e-21
  92168.5468750   6.8620957e-21
  92474.2500000   6.7710283e-21
  92779.9453125   6.6546373e-21
  93085.6484375   6.6090846e-21
  93391.3437500   6.5382375e-21
  93697.0468750   6.4623287e-21
  94002.7500000   6.3965372e-21
  94308.4453125   6.3054419e-21
  94614.1484375   6.2345899e-21
  94919.8437500   6.1840043e-21
  95225.5468750   6.0878288e-21
  95531.2500000   6.0321787e-21
  95836.9453125   5.9613336e-21
  96142.6484375   5.8955396e-21
  96448.3437500   5.8246872e-21
  96754.0468750   5.7487756e-21
  97059.7500000   5.6981762e-21
  97365.4453125   5.6273230e-21
  97671.1484375   5.5666089e-21
  98129.6953125   5.4653976e-21
  98741.0937500   5.3439434e-21
  99352.5000000   5.2224815e-21
  99963.8984375   5.1060890e-21
 100575.2968750   4.9760488e-21
 101186.6953125   4.8788853e-21
 101798.0937500   4.7710938e-21
 102409.5000000   4.6769672e-21
 103020.8984375   4.5711863e-21
 103632.2968750   4.4715082e-21
 104243.6953125   4.3712961e-21
 104855.0937500   4.2872969e-21
 105466.5000000   4.2027884e-21
 106077.8984375   4.1137263e-21
 106689.2968750   4.0312405e-21
 107300.6953125   3.9533070e-21
 107912.0937500   3.8647421e-21
 108523.5000000   3.7918755e-21
 109134.8984375   3.7134286e-21
 109746.2968750   3.6390490e-21
 110357.6953125   3.5717396e-21
 110969.0937500   3.5039205e-21
 111580.5000000   3.4244752e-21
 112191.8984375   3.3597033e-21
 112803.2968750   3.2787295e-21
 113414.6953125   3.2129442e-21
 114026.0937500   3.1587972e-21
 114637.5000000   3.0783361e-21
 115248.8984375   3.0429042e-21
 115860.2968750   2.9826889e-21
 116471.6953125   2.9295516e-21
 117083.0937500   2.8809649e-21
 117694.5000000   2.8298638e-21
 118305.8984375   2.7696402e-21
 118917.2968750   2.7200477e-21
 119528.6953125   2.6704516e-21
 120140.0937500   2.6269350e-21
 120751.5000000   2.5692464e-21
 121362.8984375   2.5242065e-21
 121974.2968750   2.4685356e-21
 122585.6953125   2.4295680e-21
 123197.0937500   2.3885810e-21
 123808.5000000   2.3394944e-21
 124419.8984375   2.3035653e-21
 125031.2968750   2.2635804e-21
 125642.6953125   2.2256284e-21
 126254.0937500   2.1886874e-21
 126865.5000000   2.1476949e-21
 127476.8984375   2.1056939e-21
 128088.2968750   2.0722993e-21
 128699.6953125   2.0343443e-21
 129311.0937500   2.0065089e-21
 129922.5000000   1.9675456e-21
 130533.8984375   1.9376859e-21
 131145.2968750   1.8511486e-21
 131756.7031250   1.7777737e-21
 132368.0937500   1.7767591e-21
 132979.5000000   1.7033828e-21
 133590.8906250   1.6628985e-21
 134202.2968750   1.6269664e-21
 134813.7031250   1.5571343e-21
 135425.0937500   1.5454907e-21
 136036.5000000   1.5100714e-21
 136647.8906250   1.4599681e-21
 137259.2968750   1.4624965e-21
 137870.7031250   1.4240363e-21
 138482.0937500   1.3860821e-21
 139093.5000000   1.3815301e-21
 139704.8906250   1.3577465e-21
 140316.2968750   1.3157447e-21
 140927.7031250   1.3182722e-21
 141539.0937500   1.2884168e-21
 142150.5000000   1.2691870e-21
 142761.8906250   1.2565361e-21
 143373.2968750   1.2357888e-21
 143984.7031250   1.2130162e-21
 144596.0937500   1.2099780e-21
 145207.5000000   1.1856851e-21
 145818.8906250   1.1694925e-21
 146430.2968750   1.1517796e-21
 147041.7031250   1.1285015e-21
 147653.0937500   1.1279961e-21
 148264.5000000   1.1067432e-21
 148875.8906250   1.0859957e-21
 149487.2968750   1.0743541e-21
 150098.7031250   1.0561370e-21
 150710.0937500   1.0424734e-21
 151321.5000000   1.0247608e-21
 151932.8906250   1.0186895e-21
 152544.2968750   9.9996594e-22
 153155.7031250   9.9035077e-22
 153767.0937500   9.7668422e-22
 154378.5000000   9.5694901e-22
 154989.8906250   9.4733556e-22
 155601.2968750   9.3468542e-22
 156212.7031250   9.1950263e-22
 156824.0937500   9.0583850e-22
 157435.5000000   8.9419799e-22
 158046.8906250   8.9015034e-22
 158658.2968750   8.7446491e-22
 159269.7031250   8.6231812e-22
 159881.0937500   8.5017193e-22
 160492.5000000   8.4207481e-22
 161103.8906250   8.3802751e-22
 161715.2968750   8.1879667e-22
 162326.7031250   8.0614395e-22
 162938.0937500   8.0007379e-22
 163549.5000000   7.8944555e-22
 164160.8906250   7.7932460e-22
 164772.2968750   7.7072336e-22
 165383.7031250   7.6110643e-22
 165995.0937500   7.4845386e-22
 166606.5000000   7.4339581e-22
 167217.8906250   7.3023867e-22
 167829.2968750   7.2467009e-22
 168440.7031250   7.1151301e-22
 169052.0937500   7.1252623e-22
 169663.5000000   6.9582682e-22
 170274.8906250   6.9177730e-22
 170886.2968750   6.8064484e-22
 171497.7031250   6.7659446e-22
 172109.0937500   6.6343853e-22
 172720.5000000   6.5938922e-22
 173331.8906250   6.5028134e-22
 173943.2968750   6.3864033e-22
 174554.7031250   6.3509932e-22
 175166.0937500   6.2801542e-22
 175777.5000000   6.1991775e-22
 176388.8906250   6.1181972e-22
 177000.2968750   6.0675965e-22
 177611.7031250   5.9815796e-22
 178223.0937500   5.9157959e-22
 178834.5000000   5.8449317e-22
 179445.8906250   5.7538525e-22
 180057.2968750   5.6931231e-22
 180668.7031250   5.6171996e-22
 181280.0937500   5.5716713e-22
 181891.5000000   5.4907077e-22
 182502.8906250   5.4502009e-22
 183114.2968750   5.3844172e-22
 183725.6875000   5.3186330e-22
 184337.0937500   5.2579228e-22
 184948.5000000   5.1819962e-22
 185559.8906250   5.1263342e-22
 186171.2968750   5.0600351e-22
 186782.6875000   4.9988073e-22
 187394.0937500   4.9507406e-22
 188005.5000000   4.8991120e-22
 188616.8906250   4.8545834e-22
 189228.2968750   4.7913362e-22
 189839.6875000   4.7462865e-22
 190451.0937500   4.6784869e-22
 191062.5000000   4.6162368e-22
 191673.8906250   4.5651272e-22
 192285.2968750   4.5160320e-22
 192896.6875000   4.4639152e-22
 193508.0937500   4.4254602e-22
 194119.5000000   4.3687819e-22
 194730.8906250   4.3328396e-22
 195342.2968750   4.2721097e-22
 196259.3906250   4.2048195e-22
 197482.1875000   4.1051175e-22
 198705.0000000   4.0160611e-22
 199927.7968750   3.9264869e-22
 201150.5937500   3.8444953e-22
 202373.3906250   3.7569489e-22
 203596.1875000   3.6759782e-22
 204819.0000000   3.5975425e-22
 206041.7968750   3.5160674e-22
 207264.5937500   3.4411801e-22
 208487.3906250   3.3662757e-22
 209710.1875000   3.2969524e-22
 210933.0000000   3.2235727e-22
 212155.7968750   3.1562595e-22
 213378.5937500   3.0894694e-22
 214601.3906250   3.0231765e-22
 215824.1875000   2.9614389e-22
 217047.0000000   2.8981732e-22
 218269.7968750   2.8389635e-22
 219492.5937500   2.7792539e-22
 220715.3906250   2.7225814e-22
 221938.1875000   2.6658932e-22
 223161.0000000   2.6117501e-22
 224383.7968750   2.5581113e-22
 225606.5937500   2.5064873e-22
 226829.3906250   2.4533503e-22
 228052.1875000   2.4012343e-22
 229275.0000000   2.3526521e-22
 230497.7968750   2.3091261e-22
 231720.5937500   2.2645945e-22
 232943.3906250   2.2200636e-22
 234166.1875000   2.1765425e-22
 235389.0000000   2.1335272e-22
 236611.7968750   2.0920331e-22
 237834.5937500   2.0515441e-22
 239057.3906250   2.0115649e-22
 240280.1875000   1.9731096e-22
 241503.0000000   1.9351517e-22
 242725.7968750   1.8982158e-22
 243948.5937500   1.8622792e-22
 245171.3906250   1.8263492e-22
 246394.1875000   1.7919384e-22
 247617.0000000   1.7590487e-22
 248839.7968750   1.7256484e-22
 250062.5937500   1.6937672e-22
 251285.3906250   1.6628983e-22
 252508.1875000   1.6320260e-22
 253731.0000000   1.6021699e-22
 254953.7968750   1.5723144e-22
 256176.5937500   1.5439711e-22
 257399.3906250   1.5166448e-22
 258622.1875000   1.4888145e-22
 259845.0000000   1.4624965e-22
 261067.7968750   1.4361834e-22
 262290.5937500   1.4108824e-22
 263513.4062500   1.3860820e-22
 264736.1875000   1.3617954e-22
 265959.0000000   1.3380107e-22
 267181.7812500   1.3142259e-22
 268404.5937500   1.2914534e-22
 269627.4062500   1.2686799e-22
 270850.1875000   1.2469213e-22
 272073.0000000   1.2256649e-22
 273295.7812500   1.2049190e-22
 274518.5937500   1.1836612e-22
 275741.4062500   1.1644342e-22
 276964.1875000   1.1446945e-22
 278187.0000000   1.1249586e-22
 279409.7812500   1.1062379e-22
 280632.5937500   1.0885266e-22
 281855.4062500   1.0703087e-22
 283078.1875000   1.0525947e-22
 284301.0000000   1.0353874e-22
 285523.7812500   1.0181842e-22
 286746.5937500   1.0019882e-22
 287969.4062500   9.8528796e-23
 289192.1875000   9.6960251e-23
 290415.0000000   9.5391528e-23
 291637.7812500   9.3873343e-23
 292860.5937500   9.2354975e-23
 294083.4062500   9.0887511e-23
 295306.1875000   8.9470471e-23
 296529.0000000   8.8053475e-23
 297751.7812500   8.6585878e-23
 298974.5937500   8.5270348e-23
 300197.4062500   8.3954528e-23
 301420.1875000   8.2638683e-23
 302643.0000000   8.1373836e-23
 303865.7812500   8.0108642e-23
 305088.5937500   7.8893948e-23
 306311.4062500   7.7679594e-23
 611400.0000000   5.2326063e-24
1222800.0000000   3.3657732e-25
1834200.0000000   6.6900366e-26
2445600.0000000   2.1203751e-26
3057000.0000000   8.6839133e-27
3668400.0000000   4.1850693e-27
4279800.0000000   2.2570089e-27
4891200.0000000   1.3218145e-27
