    366.0020142   6.2616308e-24
    378.0680237   7.1111764e-24
    386.1120300   7.5721701e-24
    394.1560364   3.9966259e-23
    402.2000427   1.0964500e-22
    410.2440186   1.1887950e-22
    418.2880249   1.1295449e-22
    426.3320312   1.1480145e-22
    434.3760376   1.1712116e-22
    442.4200439   1.3360990e-22
    458.5080261   1.3858899e-22
    474.5960388   1.3461472e-22
    486.6620483   1.7035507e-22
    502.7500305   1.7670816e-22
    510.7940369   1.8054976e-22
    514.8160400   1.8335697e-22
    526.8820190   1.7685646e-22
    530.9040527   1.8306167e-22
    538.9480591   1.7493526e-22
    551.0140381   1.9429050e-22
    563.0800171   1.9488186e-22
    575.1460571   2.4629845e-22
    591.2340698   3.0717110e-22
    607.3220215   2.7540467e-22
    623.4100342   3.1042184e-22
    639.4980469   3.1175119e-22
    651.5640259   3.1219512e-22
    667.6520386   3.1426272e-22
    683.7400513   3.1411505e-22
    695.8060303   2.5885737e-22
    711.8940430   3.1662756e-22
    723.9600830   3.1707006e-22
    732.0040283   3.1707006e-22
    748.0920410   3.1766103e-22
    768.2020874   3.1810502e-22
    780.2680664   3.2002615e-22
    796.3560791   3.1928629e-22
    812.4440918   3.2046918e-22
    824.5100708   3.2017378e-22
    844.6200562   3.1042184e-22
    868.7520752   3.2002615e-22
    884.8400879   3.2120753e-22
    896.9060669   3.1751318e-22
    912.9940796   3.2136699e-22
    925.0600586   3.9075025e-22
    941.1480713   5.6266169e-22
    965.2800903   5.8128411e-22
    989.4120483   5.1318625e-22
   1013.5440674   5.0243483e-22
   1033.6540527   4.4121745e-22
   1045.7200928   4.5205653e-22
   1061.8081055   5.4575170e-22
   1081.9180908   5.3600077e-22
   1102.0280762   5.2117225e-22
   1122.1380615   4.3268771e-22
   1142.2480469   4.9001540e-22
   1166.3801270   4.8271669e-22
   1190.5120850   4.2373064e-22
   1210.6220703   3.7259819e-22
   1238.7761230   3.7720011e-22
   1278.9960938   3.4307745e-22
   1319.2160645   3.2772384e-22
   1359.4361572   2.8720517e-22
   1399.6561279   2.5230809e-22
   1435.8541260   3.1544776e-22
   1472.0521240   4.4784545e-22
   1508.2501221   4.1356713e-22
   1548.4700928   3.0685021e-22
   1588.6900635   4.2555640e-22
   1628.9101562   4.9329318e-22
   1665.1081543   4.6265150e-22
   1697.2841797   3.9953801e-22
   1729.4600830   3.6368035e-22
   1773.7021484   3.9803702e-22
   1813.9221191   3.8384964e-22
   1850.1201172   3.2199568e-22
   1890.3400879   3.1163209e-22
   1930.5601807   3.3375907e-22
   1970.7801514   2.6965732e-22
   2011.0001221   3.1929894e-22
   2035.1322021   2.6836248e-22
   2059.2641602   4.1261106e-22
   2091.4401855   3.8078869e-22
   2131.6601562   3.3929395e-22
   2171.8801270   2.7021689e-22
   2212.1000977   2.5473308e-22
   2252.3200684   3.2651132e-22
   2292.5402832   3.5754660e-22
   2332.7602539   3.4277773e-22
   2372.9802246   3.4362784e-22
   2413.2001953   2.8455599e-22
   2453.4201660   2.7409907e-22
   2493.6401367   3.4643573e-22
   2533.8601074   3.2575220e-22
   2574.0800781   3.6067725e-22
   2614.3002930   3.4957807e-22
   2646.4763184   3.2355073e-22
   2674.6301270   3.6970493e-22
   2714.8500977   3.9671767e-22
   2755.0703125   3.4745355e-22
   2795.2902832   4.1616351e-22
   2835.5102539   3.4707838e-22
   2879.7521973   4.6551311e-22
   2919.9721680   4.9242949e-22
   2956.1701660   5.1791165e-22
   2996.3901367   5.2911049e-22
   3036.6103516   5.5920540e-22
   3076.8303223   5.3728996e-22
   3117.0502930   6.4636753e-22
   3157.2702637   6.4186686e-22
   3197.4902344   7.5451484e-22
   3237.7102051   8.7004588e-22
   3277.9301758   1.0145125e-21
   3318.1501465   1.2051807e-21
   3358.3703613   1.1265080e-21
   3398.5903320   1.6473098e-21
   3438.8103027   1.9329555e-21
   3479.0302734   2.4112252e-21
   3519.2502441   2.9362809e-21
   3559.4702148   3.5946434e-21
   3599.6901855   4.4387045e-21
   3639.9104004   5.4055861e-21
   3680.1303711   6.5775056e-21
   3720.3503418   2.2906263e-20
   3760.5703125   4.2546112e-20
   3800.7902832   6.3133513e-20
   3841.0102539   8.3597432e-20
   3881.2302246   9.2004159e-20
   3921.4501953   4.3366934e-20
   3961.6704102   8.8291404e-20
   4001.8903809   8.7816512e-20
   4042.1103516   1.1274981e-19
   4082.3303223   1.1841209e-19
   4122.5502930   8.4802938e-20
   4162.7705078   1.3473420e-19
   4202.9902344   1.8896768e-19
   4243.2104492   1.8589651e-19
   4283.4301758   1.5970936e-19
   4323.6503906   1.7874145e-19
   4363.8701172   1.5867114e-19
   4404.0903320   1.8881174e-19
   4444.3105469   1.8310831e-19
   4484.5302734   1.8113352e-19
   4524.7504883   1.6202027e-19
   4564.9702148   1.9524854e-19
   4605.1904297   1.8710876e-19
   4645.4101562   1.9094906e-19
   4685.6303711   1.9093647e-19
   4725.8505859   1.3233215e-19
   4766.0703125   1.8530147e-19
   4806.2905273   1.5735401e-19
   4846.5102539   1.3473657e-19
   4886.7304688   1.0979053e-19
   4926.9501953   2.4399556e-19
   4967.1704102   3.0250949e-19
   5007.3906250   3.1847126e-19
   5047.6103516   3.1364639e-19
   5087.8305664   3.0197451e-19
   5128.0502930   3.6140824e-19
   5168.2705078   3.7595638e-19
   5208.4902344   3.2580083e-19
   5248.7104492   3.2953516e-19
   5288.9301758   3.8455497e-19
   5329.1503906   3.7392113e-19
   5369.3706055   3.5305888e-19
   5409.5903320   3.9325689e-19
   5449.8105469   3.8820842e-19
   5490.0302734   3.6364362e-19
   5530.2504883   3.7062342e-19
   5570.4702148   3.7215174e-19
   5610.6904297   2.9457874e-19
   5650.9106445   2.9325566e-19
   5691.1303711   3.5974705e-19
   5731.3505859   3.5764870e-19
   5771.5703125   3.7130936e-19
   5799.7246094   3.8278067e-19
   5819.8344727   3.8689781e-19
   5852.0102539   3.7783677e-19
   5892.2304688   3.6019921e-19
   5932.4506836   3.6723710e-19
   5972.6704102   3.7635288e-19
   6012.8906250   3.7981999e-19
   6053.1103516   3.6328922e-19
   6081.2646484   3.3425048e-19
   6101.3745117   3.4964100e-19
   6133.5502930   3.4456327e-19
   6173.7705078   3.0008794e-19
   6213.9907227   2.8756109e-19
   6254.2104492   2.8214430e-19
   6294.4306641   3.0643948e-19
   6334.6503906   3.2580370e-19
   6374.8706055   3.3574824e-19
   6415.0903320   3.4016228e-19
   6455.3105469   3.3355247e-19
   6495.5302734   3.3127937e-19
   6535.7504883   3.2396735e-19
   6575.9707031   3.4225875e-19
   6616.1904297   3.4651940e-19
   6656.4106445   3.3568039e-19
   6696.6303711   3.5418951e-19
   6724.7846680   3.2386065e-19
   6744.8945312   3.6658608e-19
   6777.0703125   3.6964161e-19
   6817.2905273   3.5236183e-19
   6857.5107422   3.4332162e-19
   6897.7304688   3.2667340e-19
   6937.9506836   3.2255758e-19
   6978.1704102   3.4069005e-19
   7018.3906250   3.3504558e-19
   7058.6103516   3.4727201e-19
   7098.8305664   3.3057449e-19
   7139.0507812   3.3018126e-19
   7179.2705078   3.3868202e-19
   7219.4907227   3.5265287e-19
   7259.7104492   3.5347935e-19
   7299.9306641   3.2975522e-19
   7340.1503906   3.3626027e-19
   7380.3706055   3.2817034e-19
   7420.5908203   3.0615829e-19
   7460.8105469   3.0766797e-19
   7501.0307617   3.1335036e-19
   7541.2504883   3.2858279e-19
   7581.4707031   3.0385167e-19
   7621.6904297   2.9208600e-19
   7661.9106445   3.0819946e-19
   7702.1303711   2.9581948e-19
   7742.3505859   2.8594530e-19
   7782.5708008   2.9827207e-19
   7822.7905273   3.0683407e-19
   7863.0107422   2.8464223e-19
   7911.2744141   3.0757747e-19
   7947.4726562   3.1579016e-19
   7979.6484375   3.0021711e-19
   8023.8906250   2.9319001e-19
   8064.1108398   3.0172796e-19
   8104.3305664   2.9482082e-19
   8144.5507812   3.0489161e-19
   8184.7705078   2.8824259e-19
   8224.9902344   2.9543386e-19
   8265.2109375   2.6877293e-19
   8305.4306641   2.7777340e-19
   8341.6289062   3.0341825e-19
   8357.7167969   2.8668214e-19
   8385.8710938   2.9592862e-19
   8426.0908203   2.8180622e-19
   8466.3105469   2.8530679e-19
   8506.5302734   2.8842493e-19
   8546.7509766   2.9040396e-19
   8586.9707031   2.7762337e-19
   8627.1904297   2.7762826e-19
   8667.4111328   2.8659027e-19
   8707.6308594   2.7961918e-19
   8747.8505859   2.7883186e-19
   8788.0703125   2.7310056e-19
   8828.2910156   2.8275212e-19
   8868.5107422   2.7815548e-19
   8908.7304688   2.6891580e-19
   8948.9511719   2.6357575e-19
   8989.1708984   2.7323252e-19
   9029.3906250   2.6671281e-19
   9069.6103516   2.5937745e-19
   9109.8310547   2.6485217e-19
   9150.0507812   2.6892642e-19
   9190.2705078   2.7237706e-19
   9230.4902344   2.5803672e-19
   9270.7109375   2.6156581e-19
   9310.9306641   2.5385752e-19
   9351.1503906   2.1634044e-19
   9391.3710938   2.4287724e-19
   9431.5908203   2.3928484e-19
   9471.8105469   2.4804836e-19
   9512.0302734   2.3621611e-19
   9552.2509766   2.3797586e-19
   9592.4707031   2.2605546e-19
   9632.6904297   2.3469497e-19
   9672.9111328   2.2787161e-19
   9713.1308594   2.3002438e-19
   9753.3505859   2.3647662e-19
   9793.5703125   2.2869471e-19
   9833.7910156   2.3562757e-19
   9874.0107422   2.3235353e-19
   9914.2304688   2.3053105e-19
   9954.4511719   2.2444398e-19
   9994.6708984   2.2640223e-19
  10034.8906250   2.0091582e-19
  10075.1103516   2.2847287e-19
  10107.2871094   2.1178476e-19
  10127.3964844   2.1878459e-19
  10155.5507812   2.1334940e-19
  10195.7705078   2.1429314e-19
  10235.9912109   2.1026391e-19
  10276.2109375   2.1796840e-19
  10316.4306641   2.1480481e-19
  10356.6503906   2.2144783e-19
  10396.8710938   2.1943414e-19
  10437.0908203   2.1695510e-19
  10477.3105469   2.1227644e-19
  10517.5312500   2.0960837e-19
  10557.7509766   2.1440425e-19
  10597.9707031   2.1663233e-19
  10638.1904297   2.2565870e-19
  10678.4111328   2.2663500e-19
  10718.6308594   2.1347312e-19
  10758.8505859   2.1853106e-19
  10799.0712891   2.1805745e-19
  10839.2910156   2.1087984e-19
  10879.5107422   2.1312931e-19
  10919.7304688   2.0717573e-19
  10959.9511719   2.0725399e-19
  11000.1708984   2.1172246e-19
  11040.3906250   1.9574049e-19
  11080.6113281   1.9706627e-19
  11120.8310547   2.0008369e-19
  11161.0507812   2.0538198e-19
  11201.2705078   1.9880485e-19
  11241.4912109   1.7468420e-19
  11281.7109375   1.8208984e-19
  11321.9306641   2.0074559e-19
  11362.1513672   2.0375940e-19
  11402.3710938   1.9638543e-19
  11442.5908203   1.9374600e-19
  11482.8105469   1.8974776e-19
  11523.0312500   1.9771818e-19
  11563.2509766   1.9569924e-19
  11603.4707031   1.9512936e-19
  11643.6904297   1.9286137e-19
  11704.0205078   2.0024896e-19
  11784.4609375   1.9545873e-19
  11864.9013672   1.9240284e-19
  11945.3408203   1.9345860e-19
  12025.7812500   1.9259476e-19
  12106.2207031   1.9263368e-19
  12186.6611328   1.9202213e-19
  12267.1005859   1.9100272e-19
  12347.5410156   1.9040390e-19
  12427.9814453   1.8955203e-19
  12508.4208984   1.8819414e-19
  12588.8613281   1.8533810e-19
  12669.3007812   1.8503392e-19
  12749.7412109   1.8313887e-19
  12830.1806641   1.7652821e-19
  12910.6210938   1.7833763e-19
  12991.0605469   1.7309346e-19
  13071.5009766   1.7618973e-19
  13151.9414062   1.7690229e-19
  13232.3808594   1.7489224e-19
  13312.8212891   1.7326457e-19
  13393.2607422   1.7054822e-19
  13473.7011719   1.6735249e-19
  13554.1406250   1.6247416e-19
  13634.5810547   1.6185598e-19
  13715.0214844   1.6099035e-19
  13795.4609375   1.5898295e-19
  13875.9013672   1.5793142e-19
  13956.3408203   1.5641215e-19
  14036.7812500   1.5618630e-19
  14117.2207031   1.5634003e-19
  14197.6611328   1.5294302e-19
  14278.1015625   1.5429233e-19
  14358.5410156   1.4653926e-19
  14438.9814453   1.4462754e-19
  14519.4208984   1.4623708e-19
  14599.8613281   1.4622103e-19
  14640.0810547   1.4606506e-19
  14680.3007812   1.4952981e-19
  14760.7412109   1.4690914e-19
  14841.1816406   1.3844786e-19
  14921.6210938   1.4639645e-19
  15002.0615234   1.4157702e-19
  15082.5009766   1.6245704e-19
  15162.9414062   1.6872220e-19
  15243.3808594   1.8730609e-19
  15323.8212891   2.0354117e-19
  15404.2607422   1.6783757e-19
  15484.7011719   2.0959825e-19
  15565.1416016   2.2209748e-19
  15645.5810547   1.6462757e-19
  15726.0214844   2.2627797e-19
  15806.4609375   1.9651140e-19
  15886.9013672   2.1551918e-19
  15967.3408203   1.4690592e-19
  16047.7812500   2.2529130e-19
  16128.2216797   2.4009856e-19
  16208.6611328   2.3776275e-19
  16289.1015625   2.3678528e-19
  16369.5410156   2.2818305e-19
  16449.9804688   2.0912471e-19
  16530.4218750   1.7858138e-19
  16610.8613281   2.2323971e-19
  16691.3007812   2.2891681e-19
  16771.7421875   2.2835448e-19
  16852.1816406   2.2709034e-19
  16932.6210938   2.2752360e-19
  17013.0605469   2.2418389e-19
  17093.5019531   2.2467673e-19
  17173.9414062   2.1782964e-19
  17254.3808594   2.1579103e-19
  17334.8222656   2.0292263e-19
  17415.2617188   1.8894445e-19
  17495.7011719   1.7164905e-19
  17576.1406250   2.1615144e-19
  17656.5820312   2.1229135e-19
  17737.0214844   2.1439670e-19
  17817.4609375   2.1577964e-19
  17897.9023438   2.1648110e-19
  17978.3417969   2.1667991e-19
  18058.7812500   2.1676367e-19
  18139.2207031   2.2575385e-19
  18219.6621094   2.1461149e-19
  18300.1015625   2.1418683e-19
  18380.5410156   2.2059850e-19
  18460.9804688   2.1364381e-19
  18541.4218750   2.1557314e-19
  18621.8613281   2.1033041e-19
  18702.3007812   2.1097802e-19
  18782.7421875   2.1267583e-19
  18863.1816406   2.0843702e-19
  18943.6210938   2.0265276e-19
  19024.0605469   2.0808579e-19
  19104.5019531   2.0941883e-19
  19184.9414062   2.0832628e-19
  19265.3808594   2.0607860e-19
  19345.8222656   2.0256023e-19
  19426.2617188   2.0076764e-19
  19506.7011719   1.7688986e-19
  19587.1406250   1.5389847e-19
  19667.5820312   1.9225418e-19
  19748.0214844   1.9511053e-19
  19828.4609375   1.9209299e-19
  19908.9023438   1.9678087e-19
  19989.3417969   1.9452358e-19
  20069.7812500   1.8680659e-19
  20150.2207031   1.8012049e-19
  20230.6621094   1.8515585e-19
  20311.1015625   1.8323622e-19
  20391.5410156   1.8757281e-19
  20471.9824219   1.8200430e-19
  20552.4218750   1.8277087e-19
  20632.8613281   1.7870690e-19
  20713.3007812   1.7458757e-19
  20793.7421875   1.6872961e-19
  20874.1816406   1.6993437e-19
  20954.6210938   1.7287086e-19
  21035.0625000   1.7487456e-19
  21115.5019531   1.7760369e-19
  21195.9414062   1.6676554e-19
  21276.3808594   1.7669808e-19
  21356.8222656   1.7936347e-19
  21437.2617188   1.6915849e-19
  21517.7011719   1.7578318e-19
  21598.1425781   1.7480087e-19
  21678.5820312   1.7154958e-19
  21759.0214844   1.6890755e-19
  21839.4609375   1.6955268e-19
  21919.9023438   1.7173729e-19
  22000.3417969   1.6790170e-19
  22080.7812500   1.6751059e-19
  22161.2226562   1.6619452e-19
  22241.6621094   1.6730842e-19
  22322.1015625   1.6831070e-19
  22402.5410156   1.6602381e-19
  22482.9824219   1.6276341e-19
  22563.4218750   1.6535290e-19
  22643.8613281   1.6337861e-19
  22724.3027344   1.6333197e-19
  22804.7421875   1.6071343e-19
  22885.1816406   1.6296942e-19
  22965.6210938   1.5996700e-19
  23046.0625000   1.6629745e-19
  23126.5019531   1.6134213e-19
  23206.9414062   1.6214128e-19
  23287.3808594   1.5817853e-19
  23367.8222656   1.6099954e-19
  23448.2617188   1.6281202e-19
  23528.7011719   1.5916740e-19
  23609.1425781   1.5796264e-19
  23689.5820312   1.4988551e-19
  23770.0214844   1.5595531e-19
  23850.4609375   1.5557018e-19
  23930.9023438   1.5495512e-19
  24011.3417969   1.5596764e-19
  24091.7812500   1.5348805e-19
  24172.2226562   1.5183805e-19
  24252.6621094   1.5364386e-19
  24333.1015625   1.5450118e-19
  24413.5410156   1.5413791e-19
  24493.9824219   1.5026186e-19
  24574.4218750   1.5012005e-19
  24654.8613281   1.4508050e-19
  24735.3027344   1.4542817e-19
  24815.7421875   1.4194184e-19
  24896.1816406   1.4589132e-19
  24976.6210938   1.4473873e-19
  25057.0625000   1.4142973e-19
  25137.5019531   1.3757262e-19
  25217.9414062   1.4183778e-19
  25298.3828125   1.4310169e-19
  25378.8222656   1.4035121e-19
  25459.2617188   1.4126584e-19
  25539.7011719   1.4036293e-19
  25620.1425781   1.3980554e-19
  25700.5820312   1.4130058e-19
  25781.0214844   1.3895651e-19
  25861.4628906   1.3963556e-19
  25941.9023438   1.3887719e-19
  26022.3417969   1.3834879e-19
  26102.7812500   1.3567715e-19
  26183.2226562   1.3759981e-19
  26263.6621094   1.3612958e-19
  26344.1015625   1.2906961e-19
  26424.5429688   1.1581732e-19
  26504.9824219   1.3275358e-19
  26585.4218750   1.3553958e-19
  26665.8613281   1.3456626e-19
  26746.3027344   1.3378547e-19
  26826.7421875   1.3131437e-19
  26907.1816406   1.3296481e-19
  26987.6230469   1.2962119e-19
  27068.0625000   1.3150828e-19
  27148.5019531   1.2957452e-19
  27228.9414062   1.3039829e-19
  27309.3828125   1.2873445e-19
  27389.8222656   1.2896477e-19
  27470.2617188   1.2927326e-19
  27550.7011719   1.2685041e-19
  27631.1425781   1.2818665e-19
  27711.5820312   1.2873107e-19
  27792.0214844   1.2804541e-19
  27872.4628906   1.2696076e-19
  27952.9023438   1.2583333e-19
  28033.3417969   1.2633502e-19
  28113.7812500   1.2604074e-19
  28194.2226562   1.2363284e-19
  28274.6621094   1.2461025e-19
  28355.1015625   1.2395252e-19
  28435.5429688   1.2177423e-19
  28515.9824219   1.1943264e-19
  28596.4218750   1.1764647e-19
  28676.8613281   1.1577663e-19
  28757.3027344   1.1514633e-19
  28837.7421875   1.1555668e-19
  28918.1816406   1.1444252e-19
  28998.6230469   1.1593639e-19
  29079.0625000   1.1743225e-19
  29159.5019531   1.1715974e-19
  29239.9414062   1.1676523e-19
  29320.3828125   1.1508060e-19
  29400.8222656   1.1706202e-19
  29481.2617188   1.1674626e-19
  29561.7031250   1.1654954e-19
  29642.1425781   1.1914136e-19
  29722.5820312   1.1571004e-19
  29803.0214844   1.1628060e-19
  29883.4628906   1.1753957e-19
  29963.9023438   1.1689504e-19
  30044.3417969   1.1770900e-19
  30124.7832031   1.1677805e-19
  30205.2226562   1.1799887e-19
  30285.6621094   1.1856978e-19
  30366.1015625   1.1881582e-19
  30446.5429688   1.1755557e-19
  30526.9824219   1.1560135e-19
  30607.4218750   1.1511042e-19
  30687.8632812   1.1429284e-19
  30768.3027344   1.1212564e-19
  30848.7421875   1.0942516e-19
  30929.1816406   1.1162447e-19
  31009.6230469   1.0932765e-19
  31090.0625000   1.0972883e-19
  31170.5019531   1.0898297e-19
  31250.9433594   1.0909646e-19
  31331.3828125   1.1011165e-19
  31411.8222656   1.0965079e-19
  31492.2617188   1.0910653e-19
  31572.7031250   1.0786301e-19
  31653.1425781   1.0719290e-19
  31733.5820312   1.0491721e-19
  31814.0234375   1.0300827e-19
  31894.4628906   1.0418620e-19
  31974.9023438   1.0252130e-19
  32055.3417969   1.0431853e-19
  32135.7832031   1.0471466e-19
  32216.2226562   1.0597818e-19
  32296.6621094   1.0534197e-19
  32377.1015625   1.0445606e-19
  32457.5429688   1.0414823e-19
  32537.9824219   1.0234898e-19
  32618.4218750   1.0208054e-19
  32698.8632812   1.0371824e-19
  32779.3007812   1.0440332e-19
  32859.7421875   1.0434189e-19
  32940.1835938   1.0166355e-19
  33020.6210938   1.0189063e-19
  33101.0625000   1.0195150e-19
  33181.5039062   1.0209534e-19
  33261.9414062   1.0236337e-19
  33342.3828125   1.0213211e-19
  33422.8242188   9.8982655e-20
  33503.2617188   9.8915298e-20
  33583.7031250   9.8763795e-20
  33664.1445312   9.8779414e-20
  33744.5820312   9.7248723e-20
  33825.0234375   9.8725202e-20
  33905.4609375   9.6565220e-20
  33985.9023438   9.5531742e-20
  34066.3437500   9.4915725e-20
  34146.7812500   9.6267952e-20
  34227.2226562   9.2214108e-20
  34307.6640625   9.6710797e-20
  34388.1015625   8.8455974e-20
  34468.5429688   9.8035624e-20
  34548.9843750   9.4896551e-20
  34629.4218750   9.4906555e-20
  34709.8632812   9.9205910e-20
  34790.3007812   9.7997309e-20
  34870.7421875   8.7777951e-20
  34951.1835938   9.6123467e-20
  35031.6210938   9.9504380e-20
  35112.0625000   9.7280337e-20
  35192.5039062   9.1087882e-20
  35272.9414062   9.6877002e-20
  35353.3828125   9.9884418e-20
  35433.8242188   9.6049201e-20
  35514.2617188   9.7579007e-20
  35594.7031250   9.5176196e-20
  35675.1445312   9.0781560e-20
  35755.5820312   9.4724168e-20
  35836.0234375   9.6552069e-20
  35916.4609375   9.5541816e-20
  35996.9023438   9.6269225e-20
  36077.3437500   9.5766144e-20
  36157.7812500   9.4456219e-20
  36238.2226562   8.8515033e-20
  36318.6640625   9.2171191e-20
  36399.1015625   9.5703498e-20
  36479.5429688   9.5878931e-20
  36559.9843750   9.3245266e-20
  36640.4218750   9.3972519e-20
  36720.8632812   9.5211319e-20
  36801.3046875   9.4703786e-20
  36881.7421875   9.3982426e-20
  36962.1835938   9.3729334e-20
  37042.6210938   8.8524372e-20
  37123.0625000   8.4553019e-20
  37203.5039062   8.7455887e-20
  37283.9414062   8.9934320e-20
  37364.3828125   9.0746883e-20
  37444.8242188   9.0062391e-20
  37525.2617188   9.0404379e-20
  37605.7031250   8.9633466e-20
  37686.1445312   8.9246940e-20
  37766.5820312   9.0060019e-20
  37847.0234375   8.7871687e-20
  37927.4648438   8.9714594e-20
  38007.9023438   8.6622179e-20
  38088.3437500   8.9023801e-20
  38168.7812500   8.8634852e-20
  38249.2226562   8.7471629e-20
  38329.6640625   8.6780578e-20
  38410.1015625   8.1958251e-20
  38490.5429688   8.6170267e-20
  38570.9843750   8.7672776e-20
  38651.4218750   8.7238371e-20
  38731.8632812   8.7406346e-20
  38812.3046875   8.5892936e-20
  38892.7421875   8.6189564e-20
  38973.1835938   8.6702099e-20
  39053.6210938   8.6222128e-20
  39134.0625000   8.5482363e-20
  39214.5039062   8.4093436e-20
  39294.9414062   8.5297107e-20
  39375.3828125   8.3777156e-20
  39455.8242188   8.6019779e-20
  39536.2617188   8.5840145e-20
  39616.7031250   8.5140660e-20
  39697.1445312   8.3834206e-20
  39777.5820312   8.3522565e-20
  39858.0234375   8.3384749e-20
  39938.4648438   8.4243886e-20
  40018.9023438   8.4105631e-20
  40099.3437500   8.3967220e-20
  40179.7812500   8.3915250e-20
  40320.5546875   8.1465535e-20
  40521.6523438   7.9515018e-20
  40722.7539062   8.1001739e-20
  40923.8515625   7.9307499e-20
  41124.9531250   7.9487081e-20
  41326.0546875   7.9619850e-20
  41527.1523438   7.9402650e-20
  41728.2539062   7.8220984e-20
  41929.3515625   7.7164603e-20
  42130.4531250   7.6636054e-20
  42331.5546875   7.5839512e-20
  42532.6523438   7.5613032e-20
  42733.7539062   7.5206667e-20
  42934.8515625   7.3740761e-20
  43135.9531250   7.3864250e-20
  43337.0546875   7.3893453e-20
  43538.1523438   7.1978989e-20
  43739.2539062   7.0193306e-20
  43940.3515625   6.8090923e-20
  44141.4531250   6.7581470e-20
  44342.5546875   6.7781816e-20
  44543.6523438   6.6337281e-20
  44744.7539062   6.7290044e-20
  44945.8515625   6.7398592e-20
  45146.9531250   6.7417837e-20
  45348.0546875   6.6321261e-20
  45549.1523438   6.5445987e-20
  45750.2539062   6.4211207e-20
  45951.3554688   6.3282025e-20
  46152.4531250   6.4103570e-20
  46353.5546875   6.5100549e-20
  46554.6523438   6.4444007e-20
  46755.7539062   6.3780905e-20
  46956.8554688   6.2846908e-20
  47157.9531250   6.2136082e-20
  47359.0546875   6.2054818e-20
  47560.1523438   6.1206816e-20
  47761.2539062   6.0537665e-20
  47962.3554688   5.9957670e-20
  48163.4531250   5.8109012e-20
  48364.5546875   6.0055975e-20
  48565.6523438   5.7980527e-20
  48766.7539062   5.8840918e-20
  48967.8554688   5.8659785e-20
  49168.9531250   5.8801129e-20
  49370.0546875   5.8120243e-20
  49571.1523438   5.6983626e-20
  49772.2539062   5.7391755e-20
  49973.3554688   5.6298307e-20
  50174.4531250   5.5385752e-20
  50375.5546875   5.5383077e-20
  50576.6523438   5.4878490e-20
  50777.7539062   5.5922993e-20
  50978.8554688   5.3908159e-20
  51179.9531250   5.4953498e-20
  51381.0546875   5.4033076e-20
  51582.1523438   5.1920751e-20
  51783.2539062   5.2645878e-20
  51984.3554688   5.3782592e-20
  52185.4531250   5.3042039e-20
  52386.5546875   5.3537730e-20
  52587.6523438   5.2979642e-20
  52788.7539062   5.2372372e-20
  52989.8554688   5.1810273e-20
  53190.9531250   5.1754103e-20
  53392.0546875   5.0773861e-20
  53593.1523438   5.0808881e-20
  53794.2539062   4.9872823e-20
  53995.3554688   5.1107428e-20
  54196.4531250   5.0955699e-20
  54397.5546875   5.0896203e-20
  54598.6523438   4.9263934e-20
  54799.7539062   4.8601391e-20
  55000.8554688   4.9466425e-20
  55201.9531250   4.8478813e-20
  55403.0546875   4.9066793e-20
  55604.1562500   4.8957014e-20
  55805.2539062   4.8382886e-20
  56006.3554688   4.7949660e-20
  56207.4531250   4.6630294e-20
  56408.5546875   4.6937466e-20
  56609.6562500   4.5755735e-20
  56810.7539062   4.4367360e-20
  57011.8554688   4.4631787e-20
  57212.9531250   4.4866635e-20
  57414.0546875   4.5085101e-20
  57615.1562500   4.4673356e-20
  57816.2539062   4.5184211e-20
  58017.3554688   4.3709206e-20
  58218.4531250   4.3712085e-20
  58419.5546875   4.2627657e-20
  58600.5429688   4.3684445e-20
  58801.6445312   4.3186945e-20
  59022.8554688   4.2493076e-20
  59223.9531250   4.1942962e-20
  59425.0546875   4.1957147e-20
  59626.1562500   4.2722302e-20
  59827.2539062   4.2753841e-20
  60028.3554688   4.3445096e-20
  60229.4531250   4.2672988e-20
  60430.5546875   4.1426520e-20
  60631.6562500   4.1989223e-20
  60832.7539062   4.1054861e-20
  61033.8554688   4.2268422e-20
  61234.9531250   4.1535824e-20
  61436.0546875   4.2580883e-20
  61637.1562500   4.1635364e-20
  61838.2539062   4.0868483e-20
  62039.3554688   4.1709668e-20
  62240.4531250   4.1342006e-20
  62441.5546875   4.0540451e-20
  62642.6562500   3.9440195e-20
  62843.7539062   4.0427370e-20
  63044.8554688   4.0486184e-20
  63245.9531250   4.0876746e-20
  63447.0546875   3.7827347e-20
  63648.1562500   3.8525142e-20
  63849.2539062   3.8570175e-20
  64050.3554688   3.9164540e-20
  64251.4531250   3.9233742e-20
  64553.1054688   3.9252874e-20
  64955.3046875   3.9172624e-20
  65357.5039062   3.7638595e-20
  65759.7031250   3.9114861e-20
  66161.9062500   3.8541389e-20
  66564.1015625   3.7557683e-20
  66966.3046875   3.6672778e-20
  67368.5078125   3.8708140e-20
  67770.7031250   3.6276471e-20
  68172.9062500   3.6888911e-20
  68575.1015625   3.6139237e-20
  68977.3046875   3.6378421e-20
  69379.5078125   3.4964408e-20
  69781.7031250   3.4554071e-20
  70183.9062500   3.4340455e-20
  70586.1093750   3.4593398e-20
  70988.3046875   3.3271411e-20
  71390.5078125   3.2173982e-20
  71792.7031250   3.3154136e-20
  72194.9062500   2.9894088e-20
  72597.1093750   3.0313455e-20
  72999.3046875   3.0237665e-20
  73401.5078125   2.8482856e-20
  73803.7031250   2.7744785e-20
  74205.9062500   2.8897648e-20
  74608.1093750   2.8733382e-20
  75010.3046875   2.7375138e-20
  75412.5078125   2.6350168e-20
  75814.7031250   2.6562682e-20
  76216.9062500   2.5718141e-20
  76619.1093750   2.7409424e-20
  77021.3046875   2.5763359e-20
  77423.5078125   2.6066329e-20
  77825.7031250   2.6001387e-20
  78227.9062500   2.3802709e-20
  78630.1093750   2.4441704e-20
  79032.3046875   2.4207429e-20
  79434.5078125   2.3642575e-20
  79836.7031250   2.2468659e-20
  80238.9062500   2.3328605e-20
  80641.1093750   2.2951073e-20
  81043.3046875   2.3535970e-20
  81445.5078125   2.2295459e-20
  81847.7031250   2.1676273e-20
  82249.9062500   2.1021960e-20
  82652.1093750   2.0669588e-20
  83054.3046875   2.0126910e-20
  83456.5078125   1.9724463e-20
  83858.7031250   2.0973912e-20
  84260.9062500   1.9608725e-20
  84663.1093750   1.9766608e-20
  85065.3046875   1.9136462e-20
  85467.5078125   1.9304105e-20
  85869.7031250   1.8965610e-20
  86271.9062500   1.8235315e-20
  86674.1093750   1.8308901e-20
  87076.3046875   1.7788393e-20
  87478.5078125   1.7175010e-20
  87880.7031250   1.7015842e-20
  88282.9062500   1.6450831e-20
  88685.1093750   1.5751719e-20
  89087.3046875   1.5793143e-20
  89489.5078125   1.6048984e-20
  89891.7031250   1.5829321e-20
  90293.9062500   1.6074095e-20
  90696.1093750   1.5204425e-20
  91098.3046875   1.4964083e-20
  91500.5078125   1.5031400e-20
  91902.7109375   1.4645433e-20
  92304.9062500   1.3107178e-20
  92707.1093750   1.4372145e-20
  93109.3046875   1.4716679e-20
  93511.5078125   1.2603741e-20
  93913.7109375   1.4213897e-20
  94315.9062500   1.3125036e-20
  94718.1093750   1.2018984e-20
  95120.3046875   1.2688551e-20
  95522.5078125   1.2765013e-20
  95924.7109375   1.1127988e-20
  96326.9062500   1.2452434e-20
  96729.1093750   1.1844174e-20
  97131.3046875   1.0355258e-20
  97533.5078125   1.0494763e-20
  97935.7109375   1.0289975e-20
  98337.9062500   9.9047447e-21
  98740.1093750   9.6785568e-21
  99142.3046875   9.6535112e-21
  99544.5078125   9.2673285e-21
  99946.7109375   8.4091221e-21
 100348.9062500   8.3274235e-21
 100751.1093750   8.4723643e-21
 101153.3046875   8.0496031e-21
 101555.5078125   8.2792871e-21
 101957.7109375   8.2684950e-21
 102359.9062500   8.2174150e-21
 102762.1093750   8.2921326e-21
 103164.3046875   8.2906762e-21
 103566.5078125   8.4562302e-21
 103968.7109375   8.3194175e-21
 104370.9062500   8.3229992e-21
 104773.1093750   8.5645077e-21
 105175.3046875   8.3416988e-21
 105577.5078125   8.4622120e-21
 105979.7109375   8.6832049e-21
 106381.9062500   8.3337162e-21
 106784.1093750   8.5403934e-21
 107186.3046875   8.7060396e-21
 107588.5078125   8.3965747e-21
 107990.7109375   8.0107741e-21
 108392.9062500   8.2075316e-21
 108795.1093750   8.2161516e-21
 109197.3046875   8.0630836e-21
 109599.5078125   8.5292612e-21
 110001.7109375   8.3196372e-21
 110403.9062500   8.6339214e-21
 110806.1093750   8.2265503e-21
 111208.3125000   7.9967831e-21
 111610.5078125   8.0765511e-21
 112012.7109375   8.2283929e-21
 112414.9062500   8.2632314e-21
 112817.1093750   7.9762643e-21
 113219.3125000   7.8121425e-21
 113621.5078125   7.8569759e-21
 114023.7109375   7.4424655e-21
 114425.9062500   6.7562776e-21
 114828.1093750   7.2624535e-21
 115230.3125000   7.3697051e-21
 115632.5078125   7.0734872e-21
 116034.7109375   6.8998536e-21
 116436.9062500   6.5882892e-21
 116839.1093750   6.8487711e-21
 117241.3125000   6.5014837e-21
 117643.5078125   6.1337599e-21
 118045.7109375   6.0673682e-21
 118447.9062500   5.8732994e-21
 118850.1093750   5.6996383e-21
 119252.3125000   5.5872912e-21
 119654.5078125   5.4953498e-21
 120056.7109375   5.3574659e-21
 120458.9062500   5.3063943e-21
 120861.1093750   5.2604272e-21
 121263.3125000   5.1889294e-21
 121665.5078125   5.1174361e-21
 122067.7109375   5.0275484e-21
 122469.9062500   5.0091457e-21
 122872.1093750   4.9708595e-21
 123274.3125000   4.9330616e-21
 123676.5078125   4.9003690e-21
 124078.7109375   4.8288631e-21
 124480.9062500   4.7716689e-21
 124883.1093750   4.7553297e-21
 125285.3125000   4.6914796e-21
 125687.5078125   4.6424522e-21
 126089.7109375   4.5857734e-21
 126491.9062500   4.5428755e-21
 126894.1093750   4.4912769e-21
 127296.3125000   4.4325487e-21
 127698.5078125   4.3988439e-21
 128100.7109375   4.3702484e-21
 128502.9062500   4.3503331e-21
 129106.2109375   4.2762665e-21
 129910.6093750   4.1919942e-21
 130715.0078125   4.1485874e-21
 131519.4062500   4.0781167e-21
 132323.8125000   4.0071186e-21
 133128.2031250   3.9437940e-21
 133932.6093750   3.9473636e-21
 134737.0156250   4.0183622e-21
 135541.4062500   3.8758662e-21
 136345.8125000   3.8998731e-21
 137150.2031250   3.9381689e-21
 137954.6093750   4.0112036e-21
 138759.0156250   3.9243912e-21
 139563.4062500   3.8528865e-21
 140367.8125000   3.6756623e-21
 141172.2187500   3.7068205e-21
 141976.6093750   3.6051887e-21
 142781.0156250   3.4080382e-21
 143585.4062500   3.4519640e-21
 144389.8125000   3.3247895e-21
 145194.2187500   3.3104958e-21
 145998.6093750   3.1317426e-21
 146803.0156250   3.0454369e-21
 147607.4062500   2.9810838e-21
 148411.8125000   2.8559513e-21
 149216.2187500   2.7446166e-21
 150020.6093750   2.6710783e-21
 150825.0156250   2.5520788e-21
 151629.4062500   2.4979423e-21
 152433.8125000   2.4473714e-21
 153238.2187500   2.3942569e-21
 154042.6093750   2.3442095e-21
 154847.0156250   2.3094854e-21
 155651.4062500   2.2640321e-21
 156455.8125000   2.2267472e-21
 157260.2187500   2.1899704e-21
 158064.6093750   2.1705611e-21
 158869.0156250   2.1419624e-21
 159673.4062500   2.1205187e-21
 160477.8125000   2.0868066e-21
 161282.2187500   2.0592298e-21
 162086.6093750   2.0413559e-21
 162891.0156250   2.0270529e-21
 163695.4062500   2.0173459e-21
 164499.8125000   2.0142827e-21
 165304.2187500   2.0188791e-21
 166108.6093750   1.9836441e-21
 166913.0156250   1.9111182e-21
 167717.4062500   1.9208202e-21
 168521.8125000   1.9310378e-21
 169326.2187500   1.8804790e-21
 170130.6093750   1.8922265e-21
 170935.0156250   1.8717944e-21
 171739.4062500   1.8590222e-21
 172543.8125000   1.7686267e-21
 173348.2187500   1.6761878e-21
 174152.6093750   1.6659718e-21
 174957.0156250   1.5582113e-21
 175761.4062500   1.5091793e-21
 176565.8125000   1.4724114e-21
 177370.2187500   1.4392105e-21
 178174.6093750   1.4295093e-21
 178979.0156250   1.3896748e-21
 179783.4062500   1.3554552e-21
 180587.8125000   1.3692464e-21
 181392.2187500   1.3370676e-21
 182196.6093750   1.2711866e-21
 183001.0156250   1.2190909e-21
 183805.4218750   1.1767025e-21
 184609.8125000   1.1455466e-21
 185414.2187500   1.1547398e-21
 186218.6093750   1.1373753e-21
 187023.0156250   1.1256278e-21
 187827.4218750   1.1077568e-21
 188631.8125000   1.0699630e-21
 189436.2187500   1.0551515e-21
 190240.6093750   1.0832398e-21
 191045.0156250   1.0566818e-21
 191849.4218750   1.0372736e-21
 192653.8125000   1.0193986e-21
 193458.2187500   9.9386457e-22
 194262.6093750   9.9437540e-22
 195067.0156250   9.7343588e-22
 195871.4218750   9.5760262e-22
 196675.8125000   9.4943239e-22
 197480.2187500   9.2900269e-22
 198284.6093750   9.2082984e-22
 199089.0156250   8.8865592e-22
 199893.4218750   8.7486608e-22
 200697.8125000   8.7026751e-22
 201502.2187500   8.6413949e-22
 202306.6093750   8.4881928e-22
 203111.0156250   8.2430416e-22
 203915.4218750   8.1562189e-22
 204719.8125000   8.1306831e-22
 205524.2187500   8.0540588e-22
 206328.6093750   7.9774557e-22
 207133.0156250   7.8702030e-22
 207937.4218750   7.8651240e-22
 208741.8125000   7.7272109e-22
 209546.2187500   7.5995225e-22
 210350.6093750   7.4769635e-22
 211155.0156250   7.4207941e-22
 211959.4218750   7.4105674e-22
 212763.8125000   7.2777793e-22
 213568.2187500   7.1551921e-22
 214372.6093750   7.0683941e-22
 215177.0156250   6.9458246e-22
 215981.4218750   6.8742950e-22
 216785.8125000   6.7874764e-22
 217590.2187500   6.7364263e-22
 218394.6093750   6.6802428e-22
 219199.0156250   6.6444873e-22
 220003.4218750   6.5423287e-22
 220807.8125000   6.4963743e-22
 221612.2187500   6.4044479e-22
 222416.6250000   6.4350951e-22
 223221.0156250   6.2461128e-22
 224025.4218750   6.2972068e-22
 224829.8125000   6.1388797e-22
 225634.2187500   6.1184506e-22
 226438.6250000   5.9805401e-22
 227243.0156250   5.9652208e-22
 228047.4218750   5.8630934e-22
 228851.8125000   5.7609434e-22
 229656.2187500   5.7047472e-22
 230460.6250000   5.6434700e-22
 231265.0156250   5.5515310e-22
 232069.4218750   5.4596026e-22
 232873.8125000   5.4851506e-22
 233678.2187500   5.4187545e-22
 234482.6250000   5.3932080e-22
 235287.0156250   5.3370350e-22
 236091.4218750   5.2859719e-22
 236895.8125000   5.2042429e-22
 237700.2187500   5.1225406e-22
 238504.6250000   5.0377602e-22
 239309.0156250   4.9723879e-22
 240113.4218750   4.9447962e-22
 240917.8125000   4.8702460e-22
 241722.2187500   4.7910716e-22
 242526.6250000   4.7543064e-22
 243331.0156250   4.7272398e-22
 244135.4218750   4.7037345e-22
 244939.8125000   4.6439815e-22
 245744.2187500   4.5668604e-22
 246548.6250000   4.5081338e-22
 247353.0156250   4.4555404e-22
 248157.4218750   4.3876146e-22
 248961.8125000   4.3018092e-22
 249766.2187500   4.2471620e-22
 250570.6250000   4.2027225e-22
 251375.0156250   4.1695199e-22
 252179.4218750   4.0980281e-22
 252983.8125000   4.0224406e-22
 253788.2187500   3.9662533e-22
 254592.6250000   3.9356101e-22
 255397.0156250   3.9151813e-22
 256201.4218750   3.8957819e-22
 257005.8125000   3.8339811e-22
 258212.4218750   3.7216319e-22
 259821.2187500   3.6210094e-22
 261430.0156250   3.5551262e-22
 263038.8125000   3.4769932e-22
 264647.6250000   3.3605507e-22
 266256.4062500   3.2675949e-22
 267865.2187500   3.2257174e-22
 269474.0312500   3.1695313e-22
 271082.8125000   3.0985522e-22
 272691.6250000   3.0101854e-22
 274300.4062500   2.9616787e-22
 275909.2187500   2.9024331e-22
 277518.0312500   2.7997797e-22
 279126.8125000   2.7354228e-22
 280735.6250000   2.6761746e-22
 282344.4375000   2.6281748e-22
 283953.2187500   2.5679089e-22
 285562.0312500   2.5214302e-22
 287170.8125000   2.4693426e-22
 288779.6250000   2.4315472e-22
 290388.4375000   2.3983507e-22
 291997.2187500   2.3625968e-22
 293606.0312500   2.3115253e-22
 295214.8125000   2.2599393e-22
 296823.6250000   2.2078457e-22
 298432.4375000   2.1644402e-22
 300041.2187500   2.1414544e-22
 301650.0312500   2.1005994e-22
 303258.8125000   2.0679122e-22
 304867.6250000   2.0004943e-22
 306476.4375000   1.9637250e-22
 308085.2187500   1.9075459e-22
 309694.0312500   1.8896686e-22
 311302.8125000   1.8631090e-22
 312911.6250000   1.8324668e-22
 314520.4375000   1.7900776e-22
 316129.2187500   1.7466655e-22
 317738.0312500   1.7185801e-22
 319346.8125000   1.7017262e-22
 320955.6250000   1.6705730e-22
 322564.4375000   1.6450325e-22
 324173.2187500   1.6087726e-22
 325782.0312500   1.5806812e-22
 327390.8125000   1.5485104e-22
 328999.6250000   1.5214377e-22
 330608.4375000   1.4816031e-22
 332217.2187500   1.4560647e-22
 333826.0312500   1.4330860e-22
 335434.8125000   1.4095907e-22
 337043.6250000   1.3937578e-22
 338652.4375000   1.3687354e-22
 340261.2187500   1.3442213e-22
 341870.0312500   1.3207262e-22
 343478.8125000   1.3043839e-22
 345087.6250000   1.2859941e-22
 346696.4375000   1.2655660e-22
 348305.2187500   1.2446257e-22
 349914.0312500   1.2241987e-22
 351522.8125000   1.2104109e-22
 353131.6250000   1.1991723e-22
 354740.4375000   1.1925339e-22
 356349.2187500   1.1761910e-22
 357958.0312500   1.1624026e-22
 359566.8125000   1.1404414e-22
 361175.6250000   1.1205228e-22
 362784.4375000   1.1067307e-22
 364393.2187500   1.0806879e-22
 366002.0312500   1.0597445e-22
 367610.8437500   1.0382946e-22
 369219.6250000   1.0219537e-22
 370828.4375000   1.0132701e-22
 372437.2187500   1.0127585e-22
 374046.0312500   1.0025447e-22
 375654.8437500   9.7905243e-23
 377263.6250000   9.6015460e-23
 378872.4375000   9.4177036e-23
 380481.2187500   9.2900268e-23
 382090.0312500   9.2696079e-23
 383698.8437500   9.1623506e-23
 385307.6250000   8.9937880e-23
 386916.4375000   8.8967525e-23
 388525.2187500   8.7026756e-23
 390134.0312500   8.5188161e-23
 391742.8437500   8.4933012e-23
 393351.6250000   8.4269050e-23
 394960.4375000   8.3094487e-23
 396569.2187500   8.2481472e-23
 398178.0312500   8.1664345e-23
 399786.8437500   7.9927810e-23
 401395.6250000   7.8038097e-23
 403004.4375000   7.6403836e-23
 804400.0625000   3.5020194e-24
1608800.1250000   2.2420655e-25
2413200.2500000   4.4468410e-26
3217600.2500000   1.4065234e-26
4022000.2500000   5.7558350e-27
4826400.5000000   2.7696454e-27
5630800.5000000   1.4918150e-27
6435200.5000000   8.7282442e-28
