    354.3540039   3.2434265e-23
    366.0360107   3.7108377e-23
    373.8240051   3.9683724e-23
    381.6119995   2.2233233e-22
    389.3999939   6.1532297e-22
    397.1880188   6.6775044e-22
    404.9760132   6.3405161e-22
    412.7640076   6.4458902e-22
    420.5520020   6.5771481e-22
    428.3399963   7.5136550e-22
    443.9160156   7.7962601e-22
    459.4920044   7.5704944e-22
    471.1740112   9.5906574e-22
    486.7500000   9.9585528e-22
    494.5379944   1.0175942e-21
    498.4320068   1.0334796e-21
    510.1140137   9.9669094e-22
    514.0079956   1.0309726e-21
    521.7960205   9.8498531e-22
    533.4780273   1.0953557e-21
    545.1600342   1.0978650e-21
    556.8419800   1.3871725e-21
    572.4180298   1.7258156e-21
    587.9940186   1.5452061e-21
    603.5700073   1.7442097e-21
    619.1459961   1.7508946e-21
    630.8280029   1.7534032e-21
    646.4039917   1.7642793e-21
    661.9799805   1.7626066e-21
    673.6619873   1.4490450e-21
    689.2380371   1.7759794e-21
    700.9199829   1.7784926e-21
    708.7080078   1.7784926e-21
    724.2839966   1.7818310e-21
    743.7540283   1.7835066e-21
    755.4360352   1.7943801e-21
    771.0120239   1.7893595e-21
    786.5880127   1.7960516e-21
    798.2700195   1.7943801e-21
    817.7399902   1.7391919e-21
    841.1040039   1.7927023e-21
    856.6799927   1.7985617e-21
    868.3619995   1.7776572e-21
    883.9379883   1.8035767e-21
    895.6199951   2.2584373e-21
    911.1959839   3.3772050e-21
    934.5599976   3.4861159e-21
    957.9240112   3.0888869e-21
    981.2880249   3.0321263e-21
   1000.7579956   2.6822416e-21
   1012.4400024   2.7485081e-21
   1028.0159912   3.3360758e-21
   1047.4859619   3.2899378e-21
   1066.9560547   3.2110265e-21
   1086.4260254   2.6676389e-21
   1105.8959961   3.0415688e-21
   1129.2600098   3.0122566e-21
   1152.6240234   2.6510660e-21
   1172.0939941   2.3358092e-21
   1199.3520508   2.3874173e-21
   1238.2919922   2.1773268e-21
   1277.2320557   2.0944146e-21
   1316.1719971   1.8465937e-21
   1355.1120605   1.6313097e-21
   1390.1579590   2.0591452e-21
   1425.2039795   2.9500292e-21
   1460.2500000   2.7384953e-21
   1499.1900635   2.0411554e-21
   1538.1300049   2.8553950e-21
   1577.0700684   3.3303374e-21
   1612.1159668   3.1389255e-21
   1643.2680664   2.7215420e-21
   1674.4200439   2.4860637e-21
   1717.2540283   2.7411669e-21
   1756.1939697   2.6564972e-21
   1791.2399902   2.2361909e-21
   1830.1800537   2.1743551e-21
   1869.1199951   2.3419418e-21
   1908.0600586   1.9010779e-21
   1947.0000000   2.2595979e-21
   1970.3640137   1.9022805e-21
   1993.7280273   2.9381597e-21
   2024.8800049   2.7195108e-21
   2063.8200684   2.4321414e-21
   2102.7600098   1.9421084e-21
   2141.6999512   1.8372907e-21
   2180.6401367   2.3630597e-21
   2219.5800781   2.5961518e-21
   2258.5200195   2.4942111e-21
   2297.4599609   2.5058164e-21
   2336.4001465   2.0791645e-21
   2375.3400879   2.0050297e-21
   2414.2800293   2.5387047e-21
   2453.2199707   2.3892110e-21
   2492.1601562   2.6471102e-21
   2531.1000977   2.5674537e-21
   2562.2519531   2.3745764e-21
   2589.5100098   2.7141414e-21
   2628.4499512   2.9095626e-21
   2667.3901367   2.5472146e-21
   2706.3300781   3.0449770e-21
   2745.2700195   2.5354845e-21
   2788.1040039   3.3899695e-21
   2827.0439453   3.5754914e-21
   2862.0900879   3.7491537e-21
   2901.0300293   3.8167878e-21
   2939.9699707   4.0136463e-21
   2978.9101562   3.8379508e-21
   3017.8500977   4.5913884e-21
   3056.7900391   4.5316096e-21
   3095.7299805   5.2926299e-21
   3134.6699219   5.9916513e-21
   3173.6101074   6.7905656e-21
   3212.5500488   7.8391438e-21
   3251.4899902   7.1080422e-21
   3290.4299316   1.0082435e-20
   3329.3701172   1.1469291e-20
   3368.3100586   1.3853217e-20
   3407.2500000   1.6323203e-20
   3446.1899414   1.9324855e-20
   3485.1301270   2.3057928e-20
   3524.0700684   2.7091992e-20
   3563.0100098   3.1710715e-20
   3601.9499512   1.0366070e-19
   3640.8901367   1.8588803e-19
   3679.8300781   2.6754180e-19
   3718.7700195   3.4142795e-19
   3757.7099609   3.6774811e-19
   3796.6501465   1.6868860e-19
   3835.5900879   3.3063058e-19
   3874.5300293   3.2230074e-19
   3913.4699707   4.0361663e-19
   3952.4101562   4.1874424e-19
   3991.3500977   3.0063094e-19
   4030.2900391   4.5419505e-19
   4069.2299805   6.1366327e-19
   4108.1699219   5.9013691e-19
   4147.1098633   5.0082353e-19
   4186.0502930   5.4995899e-19
   4224.9902344   4.8528365e-19
   4263.9301758   5.6586500e-19
   4302.8701172   5.3618354e-19
   4341.8100586   5.2307924e-19
   4380.7500000   4.5728142e-19
   4419.6899414   5.4369341e-19
   4458.6298828   5.1637773e-19
   4497.5698242   5.1606485e-19
   4536.5102539   5.0551494e-19
   4575.4501953   3.3980636e-19
   4614.3901367   4.8237684e-19
   4653.3300781   4.2538192e-19
   4692.2700195   3.6044705e-19
   4731.2099609   2.9787361e-19
   4770.1499023   6.1206175e-19
   4809.0898438   7.1714445e-19
   4848.0302734   7.3030939e-19
   4886.9702148   7.1319326e-19
   4925.9101562   7.0270606e-19
   4964.8500977   7.8256937e-19
   5003.7900391   7.9476480e-19
   5042.7299805   6.8909387e-19
   5081.6699219   7.0334837e-19
   5120.6098633   7.9458334e-19
   5159.5502930   7.6043505e-19
   5198.4902344   7.2233480e-19
   5237.4301758   7.7497988e-19
   5276.3701172   7.5971736e-19
   5315.3100586   7.1211969e-19
   5354.2500000   7.0692825e-19
   5393.1899414   7.0067218e-19
   5432.1298828   5.2381254e-19
   5471.0703125   5.1453953e-19
   5510.0102539   6.6310375e-19
   5548.9501953   6.4457770e-19
   5587.8901367   6.7475485e-19
   5615.1479492   6.8307660e-19
   5634.6181641   6.8108154e-19
   5665.7700195   6.6103053e-19
   5704.7099609   6.2891255e-19
   5743.6499023   6.4118393e-19
   5782.5898438   6.4673556e-19
   5821.5302734   6.4055068e-19
   5860.4702148   6.0675714e-19
   5887.7280273   5.6030087e-19
   5907.1982422   5.7804741e-19
   5938.3500977   5.7772000e-19
   5977.2900391   4.9951431e-19
   6016.2299805   4.4827957e-19
   6055.1699219   4.4863412e-19
   6094.1098633   5.0117121e-19
   6133.0502930   5.3143852e-19
   6171.9902344   5.3970847e-19
   6210.9301758   5.3996215e-19
   6249.8701172   5.3126114e-19
   6288.8100586   5.2297357e-19
   6327.7500000   5.1669532e-19
   6366.6899414   5.4149626e-19
   6405.6298828   5.4164376e-19
   6444.5703125   5.3442738e-19
   6483.5102539   5.4951717e-19
   6510.7680664   5.1437234e-19
   6530.2382812   5.7094250e-19
   6561.3901367   5.6308842e-19
   6600.3300781   5.3845369e-19
   6639.2700195   5.2614121e-19
   6678.2099609   4.9823916e-19
   6717.1499023   4.8998230e-19
   6756.0903320   5.1329592e-19
   6795.0302734   5.0331738e-19
   6833.9702148   5.1118795e-19
   6872.9101562   4.9656583e-19
   6911.8500977   4.8181787e-19
   6950.7900391   4.9352852e-19
   6989.7299805   5.0332400e-19
   7028.6699219   5.0617699e-19
   7067.6098633   4.6720205e-19
   7106.5502930   4.7846500e-19
   7145.4902344   4.6782420e-19
   7184.4301758   4.3647938e-19
   7223.3701172   4.3625707e-19
   7262.3100586   4.4167236e-19
   7301.2500000   4.5882840e-19
   7340.1899414   4.2065011e-19
   7379.1298828   4.0099286e-19
   7418.0703125   4.2749451e-19
   7457.0102539   4.0502477e-19
   7495.9501953   3.8762340e-19
   7534.8901367   4.1035502e-19
   7573.8300781   4.1667489e-19
   7612.7700195   3.8142746e-19
   7659.4980469   4.1000375e-19
   7694.5439453   4.2179154e-19
   7725.6962891   3.9967772e-19
   7768.5302734   3.9111532e-19
   7807.4702148   4.0348195e-19
   7846.4101562   3.9630427e-19
   7885.3500977   4.0781638e-19
   7924.2900391   3.8024327e-19
   7963.2299805   3.8579936e-19
   8002.1699219   3.4474737e-19
   8041.1103516   3.5970378e-19
   8076.1562500   3.9456585e-19
   8091.7319336   3.6583758e-19
   8118.9902344   3.7930757e-19
   8157.9301758   3.6064971e-19
   8196.8701172   3.6842544e-19
   8235.8105469   3.7140983e-19
   8274.7500000   3.7182275e-19
   8313.6904297   3.6320250e-19
   8352.6298828   3.5323668e-19
   8391.5703125   3.6401212e-19
   8430.5097656   3.5738592e-19
   8469.4501953   3.5626385e-19
   8508.3896484   3.4628606e-19
   8547.3300781   3.5431648e-19
   8586.2705078   3.5015830e-19
   8625.2099609   3.4136198e-19
   8664.1503906   3.3514660e-19
   8703.0898438   3.3756331e-19
   8742.0302734   3.3481852e-19
   8780.9697266   3.2569446e-19
   8819.9101562   3.3084844e-19
   8858.8505859   3.3079762e-19
   8897.7900391   3.3027065e-19
   8936.7304688   3.1182737e-19
   8975.6699219   3.1810029e-19
   9014.6103516   3.1011477e-19
   9053.5498047   2.7246156e-19
   9092.4902344   2.9910585e-19
   9131.4296875   2.9872909e-19
   9170.3701172   2.9947128e-19
   9209.3105469   2.9293981e-19
   9248.2500000   2.8976393e-19
   9287.1904297   2.8151381e-19
   9326.1298828   2.8588329e-19
   9365.0703125   2.7937198e-19
   9404.0097656   2.7925175e-19
   9442.9501953   2.8072613e-19
   9481.8896484   2.7239934e-19
   9520.8300781   2.7575278e-19
   9559.7705078   2.7312886e-19
   9598.7099609   2.6960360e-19
   9637.6503906   2.6475753e-19
   9676.5898438   2.6325948e-19
   9715.5302734   2.2585365e-19
   9754.4697266   2.5748724e-19
   9785.6220703   2.4536310e-19
   9805.0917969   2.5493973e-19
   9832.3505859   2.5132117e-19
   9871.2900391   2.5049803e-19
   9910.2304688   2.4462499e-19
   9949.1699219   2.4779971e-19
   9988.1103516   2.4527043e-19
  10027.0498047   2.4751472e-19
  10065.9902344   2.4511644e-19
  10104.9296875   2.4252830e-19
  10143.8701172   2.3930860e-19
  10182.8105469   2.3622089e-19
  10221.7500000   2.3625824e-19
  10260.6904297   2.3562821e-19
  10299.6298828   2.3708353e-19
  10338.5703125   2.3601244e-19
  10377.5097656   2.2769516e-19
  10416.4501953   2.2883903e-19
  10455.3906250   2.2809350e-19
  10494.3300781   2.2214786e-19
  10533.2705078   2.2069504e-19
  10572.2099609   2.1832732e-19
  10611.1503906   2.1777189e-19
  10650.0898438   2.1728181e-19
  10689.0302734   2.1075264e-19
  10727.9697266   2.0979129e-19
  10766.9101562   2.0928239e-19
  10805.8505859   2.1137276e-19
  10844.7900391   2.0833052e-19
  10883.7304688   1.9687648e-19
  10922.6699219   2.0058400e-19
  10961.6103516   2.0438555e-19
  11000.5498047   2.0226298e-19
  11039.4902344   1.9519248e-19
  11078.4296875   1.9520877e-19
  11117.3701172   1.9331560e-19
  11156.3105469   1.9438747e-19
  11195.2500000   1.9188272e-19
  11234.1904297   1.9064289e-19
  11273.1298828   1.8831951e-19
  11331.5400391   1.8745060e-19
  11409.4199219   1.8466911e-19
  11487.2998047   1.8059784e-19
  11565.1796875   1.7892100e-19
  11643.0605469   1.7599919e-19
  11720.9404297   1.7263841e-19
  11798.8203125   1.7142351e-19
  11876.7001953   1.6919014e-19
  11954.5800781   1.6677480e-19
  12032.4599609   1.6330660e-19
  12110.3398438   1.6156949e-19
  12188.2197266   1.5835484e-19
  12266.1005859   1.5649709e-19
  12343.9804688   1.5319756e-19
  12421.8603516   1.4966360e-19
  12499.7402344   1.4797278e-19
  12577.6201172   1.4540111e-19
  12655.5000000   1.4363666e-19
  12733.3798828   1.4083197e-19
  12811.2597656   1.3863625e-19
  12889.1406250   1.3648434e-19
  12967.0205078   1.3374941e-19
  13044.9003906   1.3103474e-19
  13122.7802734   1.2880324e-19
  13200.6601562   1.2693323e-19
  13278.5400391   1.2501403e-19
  13356.4199219   1.2198011e-19
  13434.2998047   1.1997182e-19
  13512.1806641   1.1849773e-19
  13590.0605469   1.1657340e-19
  13667.9404297   1.1501826e-19
  13745.8203125   1.1330608e-19
  13823.7001953   1.1163409e-19
  13901.5800781   1.0955819e-19
  13979.4599609   1.0706945e-19
  14057.3398438   1.0553953e-19
  14135.2197266   1.0426431e-19
  14174.1601562   1.0364659e-19
  14213.1005859   1.0336793e-19
  14290.9804688   1.0140387e-19
  14368.8603516   9.7402016e-20
  14446.7402344   9.8945975e-20
  14524.6201172   9.7825998e-20
  14602.5000000   1.0653379e-19
  14680.3798828   1.0644680e-19
  14758.2597656   1.1236207e-19
  14836.1406250   1.1821756e-19
  14914.0205078   1.0405616e-19
  14991.9003906   1.1911082e-19
  15069.7802734   1.2013633e-19
  15147.6601562   9.8307947e-20
  15225.5400391   1.1925057e-19
  15303.4199219   1.1371936e-19
  15381.2998047   1.1458618e-19
  15459.1806641   9.0578700e-20
  15537.0605469   1.1275110e-19
  15614.9404297   1.1405297e-19
  15692.8203125   1.1073075e-19
  15770.7001953   1.1151747e-19
  15848.5800781   1.0778707e-19
  15926.4599609   1.0123611e-19
  16004.3398438   8.9642765e-20
  16082.2207031   1.0307688e-19
  16160.1005859   1.0345603e-19
  16237.9804688   1.0261888e-19
  16315.8603516   1.0185914e-19
  16393.7402344   1.0105264e-19
  16471.6210938   9.9537428e-20
  16549.5000000   9.8233714e-20
  16627.3808594   9.5515230e-20
  16705.2597656   9.5115036e-20
  16783.1406250   9.2066656e-20
  16861.0195312   8.5606201e-20
  16938.9003906   7.8679442e-20
  17016.7792969   9.0320898e-20
  17094.6601562   8.8784307e-20
  17172.5410156   8.8703243e-20
  17250.4199219   8.8309873e-20
  17328.3007812   8.7688034e-20
  17406.1796875   8.5367417e-20
  17484.0605469   8.5852061e-20
  17561.9394531   8.6381172e-20
  17639.8203125   8.4130614e-20
  17717.7011719   8.3082680e-20
  17795.5800781   8.3379121e-20
  17873.4609375   8.1602899e-20
  17951.3398438   8.0993067e-20
  18029.2207031   7.9430419e-20
  18107.0996094   7.8315386e-20
  18184.9804688   7.8415882e-20
  18262.8593750   7.7292687e-20
  18340.7402344   7.5302723e-20
  18418.6210938   7.5941048e-20
  18496.5000000   7.5533248e-20
  18574.3808594   7.5168901e-20
  18652.2597656   7.3981658e-20
  18730.1406250   7.2698771e-20
  18808.0195312   7.1869258e-20
  18885.9003906   6.6599019e-20
  18963.7792969   5.9484936e-20
  19041.6601562   6.9269255e-20
  19119.5410156   6.9069975e-20
  19197.4199219   6.7398482e-20
  19275.3007812   6.7976669e-20
  19353.1796875   6.7081323e-20
  19431.0605469   6.5492167e-20
  19508.9394531   6.3068282e-20
  19586.8203125   6.4102342e-20
  19664.7011719   6.3103741e-20
  19742.5800781   6.3721729e-20
  19820.4609375   6.2441551e-20
  19898.3398438   6.2038365e-20
  19976.2207031   6.0752506e-20
  20054.0996094   5.9741511e-20
  20131.9804688   5.8449584e-20
  20209.8593750   5.8178372e-20
  20287.7402344   5.7859604e-20
  20365.6210938   5.8005905e-20
  20443.5000000   5.8011760e-20
  20521.3808594   5.6242110e-20
  20599.2597656   5.7320624e-20
  20677.1406250   5.7184340e-20
  20755.0195312   5.5547899e-20
  20832.9003906   5.6018028e-20
  20910.7812500   5.5643613e-20
  20988.6601562   5.4657833e-20
  21066.5410156   5.3951889e-20
  21144.4199219   5.3573632e-20
  21222.3007812   5.3429832e-20
  21300.1796875   5.2436960e-20
  21378.0605469   5.2008302e-20
  21455.9394531   5.1531068e-20
  21533.8203125   5.1572275e-20
  21611.7011719   5.1423906e-20
  21689.5800781   5.0897018e-20
  21767.4609375   4.9989620e-20
  21845.3398438   4.9981057e-20
  21923.2207031   4.9213249e-20
  22001.0996094   4.8871004e-20
  22078.9804688   4.8243193e-20
  22156.8593750   4.8374311e-20
  22234.7402344   4.7744487e-20
  22312.6210938   4.8493215e-20
  22390.5000000   4.7352523e-20
  22468.3808594   4.7334228e-20
  22546.2597656   4.6409766e-20
  22624.1406250   4.6685954e-20
  22702.0195312   4.6752432e-20
  22779.9003906   4.5900979e-20
  22857.7812500   4.4866564e-20
  22935.6601562   4.3662700e-20
  23013.5410156   4.4463649e-20
  23091.4199219   4.4225467e-20
  23169.3007812   4.3799831e-20
  23247.1796875   4.3949166e-20
  23325.0605469   4.3243623e-20
  23402.9394531   4.2964585e-20
  23480.8203125   4.3146494e-20
  23558.7011719   4.3131336e-20
  23636.5800781   4.2985914e-20
  23714.4609375   4.2102902e-20
  23792.3398438   4.1907904e-20
  23870.2207031   4.0848861e-20
  23948.0996094   4.0541628e-20
  24025.9804688   3.9726273e-20
  24103.8593750   3.9929701e-20
  24181.7402344   3.9422291e-20
  24259.6210938   3.8560795e-20
  24337.5000000   3.7756245e-20
  24415.3808594   3.8471818e-20
  24493.2597656   3.8736984e-20
  24571.1406250   3.8187669e-20
  24649.0195312   3.8418801e-20
  24726.9003906   3.8033348e-20
  24804.7812500   3.7831936e-20
  24882.6601562   3.8019150e-20
  24960.5410156   3.7666477e-20
  25038.4199219   3.7590457e-20
  25116.3007812   3.7387782e-20
  25194.1796875   3.7252725e-20
  25272.0605469   3.6561755e-20
  25349.9394531   3.6806477e-20
  25427.8203125   3.6441203e-20
  25505.7011719   3.5181536e-20
  25583.5800781   3.2029561e-20
  25661.4609375   3.5542461e-20
  25739.3398438   3.5801114e-20
  25817.2207031   3.5463097e-20
  25895.0996094   3.5090029e-20
  25972.9804688   3.4349147e-20
  26050.8613281   3.4406371e-20
  26128.7402344   3.3703445e-20
  26206.6210938   3.3853278e-20
  26284.5000000   3.3374825e-20
  26362.3808594   3.3401660e-20
  26440.2597656   3.3005896e-20
  26518.1406250   3.3081502e-20
  26596.0195312   3.3112899e-20
  26673.9003906   3.2725730e-20
  26751.7812500   3.2884788e-20
  26829.6601562   3.3103015e-20
  26907.5410156   3.2976337e-20
  26985.4199219   3.2637316e-20
  27063.3007812   3.2297807e-20
  27141.1796875   3.2426860e-20
  27219.0605469   3.2190606e-20
  27296.9394531   3.1835325e-20
  27374.8203125   3.1845394e-20
  27452.7011719   3.1543896e-20
  27530.5800781   3.0529446e-20
  27608.4609375   2.9939634e-20
  27686.3398438   2.8967994e-20
  27764.2207031   2.8485809e-20
  27842.0996094   2.8578160e-20
  27919.9804688   2.8685299e-20
  27997.8613281   2.8504831e-20
  28075.7402344   2.8984157e-20
  28153.6210938   2.9136290e-20
  28231.5000000   2.9332988e-20
  28309.3808594   2.9316118e-20
  28387.2597656   2.9045578e-20
  28465.1406250   2.9481124e-20
  28543.0195312   2.9444247e-20
  28620.9003906   2.9506773e-20
  28698.7812500   2.9878158e-20
  28776.6601562   2.9477240e-20
  28854.5410156   2.9375145e-20
  28932.4199219   2.9427571e-20
  29010.3007812   2.9380047e-20
  29088.1796875   2.9287548e-20
  29166.0605469   2.9109943e-20
  29243.9394531   2.9236912e-20
  29321.8203125   2.9358895e-20
  29399.7011719   2.9351031e-20
  29477.5800781   2.9122855e-20
  29555.4609375   2.8754417e-20
  29633.3398438   2.8480556e-20
  29711.2207031   2.8236696e-20
  29789.0996094   2.7942352e-20
  29866.9804688   2.7271773e-20
  29944.8613281   2.7498243e-20
  30022.7402344   2.7132833e-20
  30100.6210938   2.7043014e-20
  30178.5000000   2.6902994e-20
  30256.3808594   2.6918478e-20
  30334.2597656   2.7029359e-20
  30412.1406250   2.6964385e-20
  30490.0195312   2.6879139e-20
  30567.9003906   2.6502044e-20
  30645.7812500   2.6466802e-20
  30723.6601562   2.5792186e-20
  30801.5410156   2.5414153e-20
  30879.4199219   2.5494194e-20
  30957.3007812   2.5266804e-20
  31035.1796875   2.5694503e-20
  31113.0605469   2.5598088e-20
  31190.9394531   2.5758792e-20
  31268.8203125   2.5687394e-20
  31346.7011719   2.5525004e-20
  31424.5800781   2.5312121e-20
  31502.4609375   2.4911893e-20
  31580.3398438   2.4759083e-20
  31658.2207031   2.5010559e-20
  31736.0996094   2.4958766e-20
  31813.9804688   2.4982782e-20
  31891.8613281   2.4682759e-20
  31969.7402344   2.4519289e-20
  32047.6210938   2.4629049e-20
  32125.5000000   2.4612289e-20
  32203.3808594   2.4661304e-20
  32281.2597656   2.4446709e-20
  32359.1406250   2.3836250e-20
  32437.0195312   2.3824109e-20
  32514.9003906   2.3735650e-20
  32592.7812500   2.3779263e-20
  32670.6601562   2.3462141e-20
  32748.5410156   2.3815425e-20
  32826.4218750   2.3432070e-20
  32904.3007812   2.3246644e-20
  32982.1796875   2.3096642e-20
  33060.0585938   2.3455238e-20
  33137.9414062   2.2394342e-20
  33215.8203125   2.3343224e-20
  33293.6992188   2.1711202e-20
  33371.5820312   2.3770911e-20
  33449.4609375   2.2993813e-20
  33527.3398438   2.2990986e-20
  33605.2187500   2.3849756e-20
  33683.1015625   2.3474817e-20
  33760.9804688   2.1380397e-20
  33838.8593750   2.3183433e-20
  33916.7421875   2.3701067e-20
  33994.6210938   2.3468426e-20
  34072.5000000   2.2173261e-20
  34150.3789062   2.3263293e-20
  34228.2617188   2.3566857e-20
  34306.1406250   2.3231540e-20
  34384.0195312   2.3243685e-20
  34461.9023438   2.2862002e-20
  34539.7812500   2.1737917e-20
  34617.6601562   2.3019073e-20
  34695.5390625   2.3287110e-20
  34773.4218750   2.2904817e-20
  34851.3007812   2.2896267e-20
  34929.1796875   2.2841530e-20
  35007.0585938   2.2597072e-20
  35084.9414062   2.1280627e-20
  35162.8203125   2.2056324e-20
  35240.6992188   2.2888726e-20
  35318.5820312   2.2587448e-20
  35396.4609375   2.2013840e-20
  35474.3398438   2.2061266e-20
  35552.2187500   2.2293660e-20
  35630.1015625   2.2104715e-20
  35707.9804688   2.1802646e-20
  35785.8593750   2.1654540e-20
  35863.7421875   2.0817320e-20
  35941.6210938   1.9778906e-20
  36019.5000000   2.0571655e-20
  36097.3789062   2.0942767e-20
  36175.2617188   2.1000146e-20
  36253.1406250   2.1083133e-20
  36331.0195312   2.0955004e-20
  36408.9023438   2.0914365e-20
  36486.7812500   2.0662382e-20
  36564.6601562   2.0750503e-20
  36642.5390625   2.0312648e-20
  36720.4218750   2.0648233e-20
  36798.3007812   2.0328712e-20
  36876.1796875   2.0489063e-20
  36954.0585938   2.0463524e-20
  37031.9414062   2.0179805e-20
  37109.8203125   2.0014664e-20
  37187.6992188   1.8914341e-20
  37265.5820312   1.9808203e-20
  37343.4609375   2.0206234e-20
  37421.3398438   1.9989102e-20
  37499.2187500   1.9973657e-20
  37577.1015625   1.9808116e-20
  37654.9804688   1.9694135e-20
  37732.8593750   1.9844163e-20
  37810.7421875   1.9735348e-20
  37888.6210938   1.9662676e-20
  37966.5000000   1.9522677e-20
  38044.3789062   1.9527565e-20
  38122.2617188   1.9288904e-20
  38200.1406250   1.9568516e-20
  38278.0195312   1.9417842e-20
  38355.9023438   1.9484902e-20
  38433.7812500   1.9360109e-20
  38511.6601562   1.9276623e-20
  38589.5390625   1.9177657e-20
  38667.4218750   1.9203109e-20
  38745.3007812   1.9161072e-20
  38823.1796875   1.9129372e-20
  38901.0585938   1.9009358e-20
  39037.3515625   1.8623778e-20
  39232.0507812   1.8235924e-20
  39426.7500000   1.8544934e-20
  39621.4492188   1.8359598e-20
  39816.1523438   1.8283480e-20
  40010.8515625   1.8206796e-20
  40205.5507812   1.7905543e-20
  40400.2500000   1.7729245e-20
  40594.9492188   1.7667219e-20
  40789.6523438   1.7459188e-20
  40984.3515625   1.7365510e-20
  41179.0507812   1.7151238e-20
  41373.7500000   1.7020149e-20
  41568.4492188   1.6700201e-20
  41763.1523438   1.6626797e-20
  41957.8515625   1.6452681e-20
  42152.5507812   1.6100282e-20
  42347.2500000   1.5815743e-20
  42541.9492188   1.5209809e-20
  42736.6523438   1.5076532e-20
  42931.3515625   1.4943174e-20
  43126.0507812   1.4783249e-20
  43320.7500000   1.4701862e-20
  43515.4492188   1.4609819e-20
  43710.1523438   1.4528174e-20
  43904.8515625   1.4388416e-20
  44099.5507812   1.4317186e-20
  44294.2500000   1.4240554e-20
  44488.9492188   1.4141956e-20
  44683.6523438   1.4197403e-20
  44878.3515625   1.4135746e-20
  45073.0507812   1.3989989e-20
  45267.7500000   1.3832790e-20
  45462.4492188   1.3770841e-20
  45657.1523438   1.3809541e-20
  45851.8515625   1.3641423e-20
  46046.5507812   1.3536802e-20
  46241.2500000   1.3336462e-20
  46435.9492188   1.3449454e-20
  46630.6523438   1.3094326e-20
  46825.3515625   1.3207007e-20
  47020.0507812   1.3059294e-20
  47214.7500000   1.2996014e-20
  47409.4492188   1.2964603e-20
  47604.1523438   1.2853879e-20
  47798.8515625   1.2753056e-20
  47993.5507812   1.2636144e-20
  48188.2500000   1.2567130e-20
  48382.9492188   1.2450008e-20
  48577.6523438   1.2380869e-20
  48772.3515625   1.2236859e-20
  48967.0507812   1.2178259e-20
  49161.7500000   1.2097870e-20
  49356.4492188   1.1969290e-20
  49551.1523438   1.1931554e-20
  49745.8515625   1.1856333e-20
  49940.5507812   1.1379230e-20
  50135.2500000   1.1636010e-20
  50329.9492188   1.1501270e-20
  50524.6523438   1.1543729e-20
  50719.3515625   1.1398137e-20
  50914.0507812   1.1408353e-20
  51108.7500000   1.1241093e-20
  51303.4492188   1.1191881e-20
  51498.1523438   1.1153362e-20
  51692.8515625   1.1001624e-20
  51887.5507812   1.1022178e-20
  52082.2500000   1.0902587e-20
  52276.9492188   1.0912360e-20
  52471.6523438   1.0830287e-20
  52666.3515625   1.0769716e-20
  52861.0507812   1.0617460e-20
  53055.7500000   1.0567590e-20
  53250.4492188   1.0549968e-20
  53445.1523438   1.0521604e-20
  53639.8515625   1.0455365e-20
  53834.5507812   1.0415858e-20
  54029.2500000   1.0300674e-20
  54223.9492188   1.0153266e-20
  54418.6523438   1.0124411e-20
  54613.3515625   9.9495473e-21
  54808.0507812   9.8826992e-21
  55002.7500000   9.6805811e-21
  55197.4492188   9.6298242e-21
  55392.1523438   9.5030273e-21
  55586.8515625   9.3980206e-21
  55781.5507812   9.4826410e-21
  55976.2500000   9.4857236e-21
  56170.9492188   9.2773718e-21
  56365.6523438   9.3836677e-21
  56560.3515625   9.2782281e-21
  56735.5820312   9.2973178e-21
  56930.2812500   9.1969664e-21
  57144.4492188   9.1624163e-21
  57339.1523438   9.0402246e-21
  57533.8515625   9.0649148e-21
  57728.5507812   9.0515474e-21
  57923.2500000   9.0107733e-21
  58117.9492188   9.1225048e-21
  58312.6523438   9.0382003e-21
  58507.3515625   9.0139398e-21
  58702.0507812   8.9458703e-21
  58896.7500000   9.0139398e-21
  59091.4492188   9.0220993e-21
  59286.1523438   9.0084783e-21
  59480.8515625   9.0002929e-21
  59675.5507812   8.9375847e-21
  59870.2500000   8.9947999e-21
  60064.9492188   8.9591205e-21
  60259.6523438   8.9670329e-21
  60454.3515625   8.8714935e-21
  60649.0507812   8.4864272e-21
  60843.7500000   8.5650207e-21
  61038.4492188   8.5676161e-21
  61233.1523438   8.6958986e-21
  61427.8515625   8.1732375e-21
  61622.5507812   8.0882165e-21
  61817.2500000   8.0902408e-21
  62011.9492188   8.3607943e-21
  62206.6523438   8.0728143e-21
  62498.6992188   8.1583911e-21
  62888.1015625   8.2665926e-21
  63277.5000000   8.0299931e-21
  63666.9023438   8.2259582e-21
  64056.3007812   7.8628655e-21
  64445.6992188   8.0095648e-21
  64835.1015625   7.8268621e-21
  65224.5000000   7.7758120e-21
  65613.8984375   7.5983082e-21
  66003.3046875   7.6127379e-21
  66392.7031250   7.4789874e-21
  66782.1015625   7.3887819e-21
  67171.5000000   7.2547593e-21
  67560.8984375   7.0651548e-21
  67950.3046875   7.0297775e-21
  68339.7031250   6.9336517e-21
  68729.1015625   6.8319359e-21
  69118.5000000   6.7080438e-21
  69507.8984375   6.6447976e-21
  69897.3046875   6.5259033e-21
  70286.7031250   6.3961733e-21
  70676.1015625   6.2770948e-21
  71065.5000000   6.1910709e-21
  71454.8984375   6.0887129e-21
  71844.3046875   5.9693259e-21
  72233.7031250   5.8997110e-21
  72623.1015625   5.7524644e-21
  73012.5000000   5.6328136e-21
  73401.8984375   5.5962460e-21
  73791.3046875   5.4228879e-21
  74180.7031250   5.4439349e-21
  74570.1015625   5.3373074e-21
  74959.5000000   5.2619673e-21
  75348.8984375   5.1346049e-21
  75738.3046875   5.0057723e-21
  76127.7031250   4.9897493e-21
  76517.1015625   4.8924906e-21
  76906.5000000   4.7920528e-21
  77295.8984375   4.7263812e-21
  77685.3046875   4.6562069e-21
  78074.7031250   4.6110501e-21
  78464.1015625   4.5433275e-21
  78853.5000000   4.4306536e-21
  79242.8984375   4.3614023e-21
  79632.3046875   4.3305769e-21
  80021.7031250   4.2476213e-21
  80411.1015625   4.1726456e-21
  80800.5000000   4.1169446e-21
  81189.8984375   4.0489138e-21
  81579.3046875   3.9782666e-21
  81968.7031250   3.9453813e-21
  82358.1015625   3.8716403e-21
  82747.5000000   3.8112940e-21
  83136.8984375   3.7768352e-21
  83526.3046875   3.7152894e-21
  83915.7031250   3.6554048e-21
  84305.1015625   3.5734509e-21
  84694.5000000   3.5347564e-21
  85083.8984375   3.4921227e-21
  85473.3046875   3.4488973e-21
  85862.7031250   3.3748177e-21
  86252.1015625   3.3560466e-21
  86641.5000000   3.2818999e-21
  87030.8984375   3.2402373e-21
  87420.3046875   3.1961548e-21
  87809.7031250   3.1550129e-21
  88199.1015625   3.0964387e-21
  88588.5000000   3.0765935e-21
  88977.8984375   3.0161221e-21
  89367.3046875   2.5460405e-21
  89756.7031250   2.7199764e-21
  90146.1015625   2.7015355e-21
  90535.5000000   2.3125264e-21
  90924.8984375   2.5034074e-21
  91314.3046875   2.3578244e-21
  91703.7031250   2.1191374e-21
  92093.1015625   2.3101309e-21
  92482.5000000   2.1767532e-21
  92871.8984375   2.0138901e-21
  93261.3046875   2.1644271e-21
  93650.7031250   2.0996734e-21
  94040.1015625   1.9508451e-21
  94429.5000000   2.0619143e-21
  94818.8984375   1.9919957e-21
  95208.3046875   1.9271121e-21
  95597.7031250   1.9422788e-21
  95987.1015625   1.9479512e-21
  96376.5000000   1.9056002e-21
  96765.8984375   1.7258988e-21
  97155.3046875   1.7212437e-21
  97544.7031250   1.7692610e-21
  97934.1015625   1.7132342e-21
  98323.5000000   1.7719358e-21
  98712.8984375   1.7877491e-21
  99102.3046875   1.7922538e-21
  99491.7031250   1.7950581e-21
  99881.1015625   1.8023018e-21
 100270.5000000   1.8136167e-21
 100659.8984375   1.7591882e-21
 101049.3046875   1.7601929e-21
 101438.7031250   1.7635590e-21
 101828.1015625   1.7243836e-21
 102217.5000000   1.6976699e-21
 102606.8984375   1.7037723e-21
 102996.3046875   1.6889614e-21
 103385.7031250   1.6610740e-21
 103775.1015625   1.6342284e-21
 104164.5000000   1.6426761e-21
 104553.8984375   1.6278244e-21
 104943.3046875   1.5868065e-21
 105332.7031250   1.5906231e-21
 105722.1015625   1.5723287e-21
 106111.5000000   1.5636999e-21
 106500.8984375   1.5231133e-21
 106890.3046875   1.5235682e-21
 107279.7031250   1.5086533e-21
 107669.1015625   1.4885992e-21
 108058.5000000   1.4593402e-21
 108447.8984375   1.4575019e-21
 108837.3046875   1.4482498e-21
 109226.7031250   1.4309329e-21
 109616.1015625   1.4051195e-21
 110005.5000000   1.3975558e-21
 110394.8984375   1.3888428e-21
 110784.3046875   1.3709170e-21
 111173.7031250   1.3538586e-21
 111563.1015625   1.3384401e-21
 111952.5000000   1.3201672e-21
 112341.8984375   1.3104624e-21
 112731.3046875   1.2961871e-21
 113120.7031250   1.2807727e-21
 113510.1015625   1.2687806e-21
 113899.5000000   1.2476501e-21
 114288.8984375   1.2413701e-21
 114678.3046875   1.2219566e-21
 115067.7031250   1.2082526e-21
 115457.1015625   1.1979755e-21
 115846.5000000   1.1836979e-21
 116235.8984375   1.1671377e-21
 116625.3046875   1.1534352e-21
 117014.7031250   1.1391581e-21
 117404.1015625   1.1288835e-21
 117793.5000000   1.1134667e-21
 118182.8984375   1.0946200e-21
 118572.3046875   1.0871986e-21
 118961.7031250   1.0752088e-21
 119351.1015625   1.0626463e-21
 119740.5000000   1.0523684e-21
 120129.8984375   1.0363794e-21
 120519.3046875   1.0255310e-21
 120908.7031250   1.0169643e-21
 121298.1015625   1.0004055e-21
 121687.5000000   9.9183964e-22
 122076.8984375   9.8041915e-22
 122466.3046875   9.6957291e-22
 122855.7031250   9.5758000e-22
 123245.1015625   9.4501710e-22
 123634.5000000   9.3702428e-22
 124023.8984375   9.2560471e-22
 124413.3046875   9.1532462e-22
 124997.3984375   8.9876526e-22
 125776.2031250   8.7878105e-22
 126555.0000000   8.5879594e-22
 127333.8046875   8.3937961e-22
 128112.6015625   8.1825399e-22
 128891.3984375   8.0226614e-22
 129670.2031250   7.8456536e-22
 130449.0000000   7.6914781e-22
 131227.7968750   7.5144477e-22
 132006.6093750   7.3488782e-22
 132785.4062500   7.1832654e-22
 133564.2031250   7.0462212e-22
 134343.0000000   6.9091821e-22
 135121.7968750   6.7607187e-22
 135900.6093750   6.6236735e-22
 136679.4062500   6.4980757e-22
 137458.2031250   6.3553199e-22
 138237.0000000   6.2296924e-22
 139015.7968750   6.1040815e-22
 139794.6093750   5.9784560e-22
 140573.4062500   5.8699632e-22
 141352.2031250   5.7557498e-22
 142131.0000000   5.6272748e-22
 142909.7968750   5.5199402e-22
 143688.6093750   5.3863105e-22
 144467.4062500   5.2772412e-22
 145246.2031250   5.1893083e-22
 146025.0000000   5.0562818e-22
 146803.7968750   4.9980399e-22
 147582.6093750   4.8998233e-22
 148361.4062500   4.8124473e-22
 149140.2031250   4.7319472e-22
 149919.0000000   4.6479937e-22
 150697.7968750   4.5486376e-22
 151476.6093750   4.4675639e-22
 152255.4062500   4.3853341e-22
 153034.2031250   4.3139675e-22
 153813.0000000   4.2186009e-22
 154591.7968750   4.1443738e-22
 155370.6093750   4.0524363e-22
 156149.4062500   3.9884830e-22
 156928.2031250   3.9222480e-22
 157707.0000000   3.8411715e-22
 158485.7968750   3.7823462e-22
 159264.6093750   3.7166930e-22
 160043.4062500   3.6538800e-22
 160822.2031250   3.5933435e-22
 161601.0000000   3.5254078e-22
 162379.7968750   3.4568738e-22
 163158.6093750   3.4014980e-22
 163937.4062500   3.3386848e-22
 164716.2031250   3.2941451e-22
 165495.0000000   3.2296246e-22
 166273.7968750   3.1805140e-22
 167052.6093750   3.0343374e-22
 167831.4062500   2.9075699e-22
 168610.2031250   2.9081444e-22
 169389.0000000   2.7836645e-22
 170167.7968750   2.7157154e-22
 170946.6093750   2.6568939e-22
 171725.4062500   2.5421299e-22
 172504.2031250   2.5215700e-22
 173283.0000000   2.4644739e-22
 174061.7968750   2.3805283e-22
 174840.6093750   2.3851014e-22
 175619.4062500   2.3228581e-22
 176398.2031250   2.2594789e-22
 177177.0000000   2.2526225e-22
 177955.7968750   2.2149417e-22
 178734.6093750   2.1447076e-22
 179513.4062500   2.1504139e-22
 180292.2031250   2.1013063e-22
 181071.0000000   2.0698986e-22
 181849.7968750   2.0510582e-22
 182628.6093750   2.0162265e-22
 183407.4062500   1.9791158e-22
 184186.2031250   1.9756856e-22
 184965.0000000   1.9351437e-22
 185743.7968750   1.9094455e-22
 186522.6093750   1.8808972e-22
 187301.4062500   1.8420739e-22
 188080.2031250   1.8426402e-22
 188859.0000000   1.8072399e-22
 189637.7968750   1.7735475e-22
 190416.6093750   1.7541348e-22
 191195.4062500   1.7250122e-22
 191974.2031250   1.7021717e-22
 192753.0000000   1.6730519e-22
 193531.7968750   1.6633444e-22
 194310.6093750   1.6330803e-22
 195089.4062500   1.6176615e-22
 195868.2031250   1.5953944e-22
 196647.0000000   1.5622789e-22
 197425.7968750   1.5474336e-22
 198204.6093750   1.5263008e-22
 198983.4062500   1.5017517e-22
 199762.2031250   1.4800529e-22
 200541.0000000   1.4606355e-22
 201319.7968750   1.4537877e-22
 202098.6093750   1.4286597e-22
 202877.4062500   1.4086786e-22
 203656.2031250   1.3892637e-22
 204435.0000000   1.3761288e-22
 205213.7968750   1.3698457e-22
 205992.6093750   1.3378700e-22
 206771.4062500   1.3173119e-22
 207550.2031250   1.3076052e-22
 208329.0000000   1.2904785e-22
 209107.7968750   1.2739175e-22
 209886.6093750   1.2596417e-22
 210665.4062500   1.2442246e-22
 211444.2031250   1.2236697e-22
 212223.0000000   1.2162438e-22
 213001.7968750   1.1939783e-22
 213780.6093750   1.1842698e-22
 214559.4062500   1.1637135e-22
 215338.2031250   1.1654269e-22
 216117.0000000   1.1374483e-22
 216895.7968750   1.1317378e-22
 217674.6093750   1.1128947e-22
 218453.4062500   1.1066123e-22
 219232.2031250   1.0849138e-22
 220011.0000000   1.0786331e-22
 220789.7968750   1.0643557e-22
 221568.6093750   1.0449443e-22
 222347.4062500   1.0398033e-22
 223126.2031250   1.0278125e-22
 223905.0000000   1.0141098e-22
 224683.7968750   1.0015485e-22
 225462.6093750   9.9298163e-23
 226241.4062500   9.7927880e-23
 227020.2031250   9.6842811e-23
 227799.0000000   9.5700818e-23
 228577.7968750   9.4216182e-23
 229356.6093750   9.3188612e-23
 230135.4062500   9.1932108e-23
 230914.2031250   9.1247093e-23
 231693.0000000   8.9876526e-23
 232471.7968750   8.9191542e-23
 233250.6093750   8.8163385e-23
 234029.4062500   8.7135607e-23
 234808.2031250   8.6050999e-23
 235587.0000000   8.4851596e-23
 236365.7968750   8.3880842e-23
 237144.6093750   8.2853121e-23
 237923.4062500   8.1825399e-23
 238702.2031250   8.1083112e-23
 239481.0000000   8.0226611e-23
 240259.7968750   7.9484161e-23
 241038.6093750   7.8456534e-23
 241817.4062500   7.7714077e-23
 242596.2031250   7.6629197e-23
 243375.0000000   7.5601286e-23
 244153.7968750   7.4744893e-23
 244932.6093750   7.3945594e-23
 245711.4062500   7.3089023e-23
 246490.2031250   7.2460976e-23
 247269.0000000   7.1547400e-23
 248047.7968750   7.0976233e-23
 248826.6093750   6.9948536e-23
 249994.7968750   6.8863398e-23
 251552.4062500   6.7207535e-23
 253110.0000000   6.5780151e-23
 254667.6093750   6.4295477e-23
 256225.2031250   6.2924967e-23
 257782.7968750   6.1497450e-23
 259340.4062500   6.0184193e-23
 260898.0000000   5.8927973e-23
 262455.5937500   5.7557494e-23
 264013.2187500   5.6341247e-23
 265570.8125000   5.5113654e-23
 267128.4062500   5.3983178e-23
 268686.0000000   5.2784005e-23
 270243.5937500   5.1676113e-23
 271801.2187500   5.0574150e-23
 273358.8125000   4.9489160e-23
 274916.4062500   4.8484268e-23
 276474.0000000   4.7444951e-23
 278031.5937500   4.6479937e-23
 279589.2187500   4.5497969e-23
 281146.8125000   4.4567069e-23
 282704.4062500   4.3636437e-23
 284262.0000000   4.2756962e-23
 285819.5937500   4.1866328e-23
 287377.2187500   4.1026854e-23
 288934.8125000   4.0159034e-23
 290492.4062500   3.9296794e-23
 292050.0000000   3.8508838e-23
 293607.5937500   3.7789255e-23
 295165.2187500   3.7069773e-23
 296722.8125000   3.6333173e-23
 298280.4062500   3.5619503e-23
 299838.0000000   3.4911412e-23
 301395.5937500   3.4237545e-23
 302953.2187500   3.3575208e-23
 304510.8125000   3.2918604e-23
 306068.4062500   3.2290431e-23
 307626.0000000   3.1668127e-23
 309183.5937500   3.1062862e-23
 310741.2187500   3.0474656e-23
 312298.8125000   2.9880783e-23
 313856.4062500   2.9315472e-23
 315414.0000000   2.8778801e-23
 316971.5937500   2.8230621e-23
 318529.2187500   2.7716729e-23
 320086.8125000   2.7208488e-23
 321644.4062500   2.6700301e-23
 323202.0000000   2.6214957e-23
 324759.5937500   2.5723860e-23
 326317.2187500   2.5261369e-23
 327874.8125000   2.4810242e-23
 329432.4062500   2.4359148e-23
 330990.0000000   2.3925186e-23
 332547.5937500   2.3496995e-23
 334105.2187500   2.3080114e-23
 335662.8125000   2.2674713e-23
 337220.4062500   2.2274964e-23
 338778.0000000   2.1886685e-23
 340335.5937500   2.1504137e-23
 341893.2187500   2.1127252e-23
 343450.8125000   2.0756155e-23
 345008.4062500   2.0396410e-23
 346566.0000000   2.0048095e-23
 348123.5937500   1.9711182e-23
 349681.2187500   1.9362829e-23
 351238.8125000   1.9048806e-23
 352796.4062500   1.8729014e-23
 354354.0000000   1.8397860e-23
 355911.5937500   1.8095193e-23
 357469.2187500   1.7798288e-23
 359026.8125000   1.7507100e-23
 360584.4062500   1.7215913e-23
 362142.0000000   1.6936113e-23
 363699.5937500   1.6656325e-23
 365257.2187500   1.6382237e-23
 366814.8125000   1.6119525e-23
 368372.4062500   1.5856849e-23
 369930.0000000   1.5599959e-23
 371487.5937500   1.5348714e-23
 373045.2187500   1.5108878e-23
 374602.8125000   1.4863323e-23
 376160.4062500   1.4629209e-23
 377718.0000000   1.4395115e-23
 379275.5937500   1.4160973e-23
 380833.2187500   1.3943984e-23
 382390.8125000   1.3727003e-23
 383948.4062500   1.3515773e-23
 385506.0000000   1.3310190e-23
 387063.5937500   1.3098929e-23
 388621.2187500   1.2899063e-23
 390178.8125000   1.2699234e-23
 778800.0000000   8.5479972e-25
1557600.0000000   5.4942307e-26
2336400.0000000   1.0917681e-26
3115200.0000000   3.4597290e-27
3894000.0000000   1.4166697e-27
4672800.0000000   6.8235399e-28
5451600.0000000   3.6801466e-28
6230400.0000000   2.1549801e-28
