    344.5260010   8.4913556e-24
    355.8840027   9.7176919e-24
    363.4559937   1.0391606e-23
    371.0280151   5.8222132e-23
    378.6000061   1.6112180e-22
    386.1719971   1.7484294e-22
    393.7439880   1.6602659e-22
    401.3160095   1.6876655e-22
    408.8880005   1.7221373e-22
    416.4599915   1.9674008e-22
    431.6040039   2.0412020e-22
    446.7480164   1.9822058e-22
    458.1059875   2.5122759e-22
    473.2500000   2.6072948e-22
    480.8219910   2.6625265e-22
    484.6080017   2.7045057e-22
    495.9660034   2.6094943e-22
    499.7520142   2.7000909e-22
    507.3240051   2.5785639e-22
    518.6820068   2.8680158e-22
    530.0399780   2.8746488e-22
    541.3980103   3.6325227e-22
    556.5419922   4.5185569e-22
    571.6859741   4.0457180e-22
    586.8300171   4.5649722e-22
    601.9739990   4.5848434e-22
    613.3320312   4.5914729e-22
    628.4760132   4.6201965e-22
    643.6199951   4.6157956e-22
    654.9780273   3.7938287e-22
    670.1220093   4.6511426e-22
    681.4799805   4.6577655e-22
    689.0520020   4.6577655e-22
    704.1959839   4.6643980e-22
    723.1259766   4.6710193e-22
    734.4840088   4.6975372e-22
    749.6279907   4.6864921e-22
    764.7719727   4.7019543e-22
    776.1300049   4.6975372e-22
    795.0599976   4.5539186e-22
    817.7760010   4.6931241e-22
    832.9199829   4.7108012e-22
    844.2780151   4.6533489e-22
    859.4219971   4.7218412e-22
    870.7800293   5.9127899e-22
    885.9240112   8.8426769e-22
    908.6400146   9.6359251e-22
    931.3560181   8.5937018e-22
    954.0720215   8.4577839e-22
    973.0020142   7.4903017e-22
    984.3599854   7.6883101e-22
    999.5040283   9.3635866e-22
   1018.4340210   9.2567054e-22
   1037.3640137   9.0433702e-22
   1056.2939453   7.5318334e-22
   1075.2239990   8.6070354e-22
   1097.9400635   8.5489813e-22
   1120.6560059   7.5469316e-22
   1139.5860596   6.6653208e-22
   1166.0880127   6.8361141e-22
   1203.9479980   6.2886891e-22
   1241.8079834   6.0576182e-22
   1279.6679688   5.3653028e-22
   1317.5279541   4.7623904e-22
   1351.6020508   6.0358951e-22
   1385.6760254   8.6827398e-22
   1419.7500000   8.0930202e-22
   1457.6099854   6.0589485e-22
   1495.4699707   8.5053140e-22
   1533.3299561   9.9667438e-22
   1567.4040527   9.4357468e-22
   1597.6920166   8.2068408e-22
   1627.9799805   7.5242285e-22
   1669.6259766   8.3297214e-22
   1707.4859619   8.1045090e-22
   1741.5600586   6.8419115e-22
   1779.4200439   6.6836708e-22
   1817.2800293   7.2190729e-22
   1855.1400146   5.8802893e-22
   1893.0000000   7.0132547e-22
   1915.7160645   5.9168163e-22
   1938.4320068   9.1536562e-22
   1968.7199707   8.4926983e-22
   2006.5799561   7.6146837e-22
   2044.4400635   6.0982457e-22
   2082.3000488   5.7807333e-22
   2120.1599121   7.4530902e-22
   2158.0200195   8.2074169e-22
   2195.8801270   7.9019225e-22
   2233.7399902   7.9465031e-22
   2271.6000977   6.6046818e-22
   2309.4599609   6.3736336e-22
   2347.3200684   8.0827547e-22
   2385.1799316   7.6114076e-22
   2423.0400391   8.4366379e-22
   2460.8999023   8.1790265e-22
   2491.1879883   7.5673435e-22
   2517.6899414   8.6434376e-22
   2555.5500488   9.2624791e-22
   2593.4099121   8.0993851e-22
   2631.2700195   9.6671221e-22
   2669.1301270   8.0367387e-22
   2710.7761230   1.0719564e-21
   2748.6359863   1.1285474e-21
   2782.7099609   1.1793816e-21
   2820.5700684   1.1970667e-21
   2858.4299316   1.2548941e-21
   2896.2900391   1.1946612e-21
   2934.1499023   1.4228376e-21
   2972.0100098   1.3971214e-21
   3009.8701172   1.6224158e-21
   3047.7299805   1.8445445e-21
   3085.5900879   2.1215511e-21
   3123.4499512   2.4810590e-21
   3161.3100586   2.2792548e-21
   3199.1699219   3.2743010e-21
   3237.0300293   3.7679915e-21
   3274.8898926   4.6037294e-21
   3312.7500000   5.4834598e-21
   3350.6101074   6.5567630e-21
   3388.4699707   7.8965796e-21
   3426.3300781   9.3653139e-21
   3464.1899414   1.1027465e-20
   3502.0500488   3.5610927e-20
   3539.9099121   6.4454708e-20
   3577.7700195   9.4090140e-20
   3615.6301270   1.2165334e-19
   3653.4899902   1.3391939e-19
   3691.3500977   6.2003281e-20
   3729.2099609   1.2425656e-19
   3767.0700684   1.2379249e-19
   3804.9299316   1.5850387e-19
   3842.7900391   1.6801590e-19
   3880.6499023   1.2312935e-19
   3918.5100098   1.8654656e-19
   3956.3701172   2.5698700e-19
   3994.2299805   2.5147818e-19
   4032.0900879   2.1691111e-19
   4069.9499512   2.4193487e-19
   4107.8100586   2.1669307e-19
   4145.6699219   2.5637827e-19
   4183.5297852   2.4641623e-19
   4221.3901367   2.4386680e-19
   4259.2500000   2.1627472e-19
   4297.1098633   2.6101591e-19
   4334.9702148   2.5155550e-19
   4372.8300781   2.5511020e-19
   4410.6899414   2.5348854e-19
   4448.5498047   1.7265298e-19
   4486.4101562   2.4822581e-19
   4524.2700195   2.2137279e-19
   4562.1298828   1.8973678e-19
   4599.9902344   1.5855121e-19
   4637.8500977   3.1706288e-19
   4675.7099609   3.7497496e-19
   4713.5698242   3.8540682e-19
   4751.4301758   3.7984136e-19
   4789.2900391   3.7771869e-19
   4827.1499023   4.3075340e-19
   4865.0102539   4.4182798e-19
   4902.8701172   3.8636097e-19
   4940.7299805   3.9772395e-19
   4978.5898438   4.5315141e-19
   5016.4501953   4.3747964e-19
   5054.3100586   4.1946060e-19
   5092.1699219   4.5419547e-19
   5130.0297852   4.4954573e-19
   5167.8901367   4.2501817e-19
   5205.7500000   4.2501442e-19
   5243.6098633   4.2420510e-19
   5281.4702148   3.1957226e-19
   5319.3300781   3.1623404e-19
   5357.1899414   4.1029771e-19
   5395.0498047   4.0173885e-19
   5432.9101562   4.2356099e-19
   5459.4121094   4.3097100e-19
   5478.3417969   4.3123986e-19
   5508.6298828   4.2108304e-19
   5546.4902344   4.0371271e-19
   5584.3500977   4.1483837e-19
   5622.2099609   4.2169559e-19
   5660.0698242   4.2099794e-19
   5697.9301758   4.0059364e-19
   5724.4321289   3.7102214e-19
   5743.3618164   3.8357130e-19
   5773.6499023   3.8491625e-19
   5811.5102539   3.3425022e-19
   5849.3701172   3.0086366e-19
   5887.2299805   3.0181256e-19
   5925.0898438   3.3767185e-19
   5962.9501953   3.5850706e-19
   6000.8100586   3.6516852e-19
   6038.6699219   3.6683542e-19
   6076.5297852   3.6235518e-19
   6114.3901367   3.5811523e-19
   6152.2500000   3.5541400e-19
   6190.1098633   3.7427405e-19
   6227.9702148   3.7628813e-19
   6265.8300781   3.7313177e-19
   6303.6899414   3.8571670e-19
   6330.1918945   3.6240613e-19
   6349.1220703   4.0282540e-19
   6379.4101562   3.9827454e-19
   6417.2700195   3.8194910e-19
   6455.1298828   3.7455527e-19
   6492.9902344   3.5586538e-19
   6530.8500977   3.5085129e-19
   6568.7099609   3.6865724e-19
   6606.5698242   3.6218972e-19
   6644.4301758   3.6908654e-19
   6682.2900391   3.5984792e-19
   6720.1499023   3.5082663e-19
   6758.0102539   3.6100659e-19
   6795.8701172   3.6963967e-19
   6833.7299805   3.7345638e-19
   6871.5898438   3.4578941e-19
   6909.4501953   3.5508638e-19
   6947.3100586   3.4844505e-19
   6985.1699219   3.2616996e-19
   7023.0297852   3.2629028e-19
   7060.8901367   3.3109147e-19
   7098.7500000   3.4433306e-19
   7136.6098633   3.1615068e-19
   7174.4702148   3.0169593e-19
   7212.3300781   3.2225713e-19
   7250.1899414   3.0561803e-19
   7288.0498047   2.9302240e-19
   7325.9101562   3.1057845e-19
   7363.7700195   3.1601606e-19
   7401.6298828   2.8986347e-19
   7447.0620117   3.1248707e-19
   7481.1362305   3.2186676e-19
   7511.4238281   3.0561131e-19
   7553.0698242   2.9972021e-19
   7590.9301758   3.0993801e-19
   7628.7900391   3.0503740e-19
   7666.6499023   3.1464363e-19
   7704.5102539   2.9383557e-19
   7742.3701172   2.9880545e-19
   7780.2299805   2.6781596e-19
   7818.0898438   2.8012166e-19
   7852.1640625   3.0778799e-19
   7867.3081055   2.8545070e-19
   7893.8100586   2.9647345e-19
   7931.6699219   2.8261660e-19
   7969.5297852   2.8909939e-19
   8007.3901367   2.9205111e-19
   8045.2500000   2.9296450e-19
   8083.1098633   2.8669454e-19
   8120.9702148   2.7932315e-19
   8158.8300781   2.8877328e-19
   8196.6904297   2.8413240e-19
   8234.5498047   2.8388544e-19
   8272.4101562   2.7624759e-19
   8310.2705078   2.8335855e-19
   8348.1298828   2.8108166e-19
   8385.9902344   2.7478227e-19
   8423.8496094   2.7048977e-19
   8461.7099609   2.7332232e-19
   8499.5703125   2.7199671e-19
   8537.4296875   2.6547617e-19
   8575.2900391   2.7062165e-19
   8613.1503906   2.7149544e-19
   8651.0097656   2.7198955e-19
   8688.8701172   2.5756326e-19
   8726.7304688   2.6351420e-19
   8764.5898438   2.5761529e-19
   8802.4501953   2.2697350e-19
   8840.3095703   2.4971507e-19
   8878.1699219   2.4983571e-19
   8916.0302734   2.5092875e-19
   8953.8896484   2.4587354e-19
   8991.7500000   2.4358422e-19
   9029.6103516   2.3687038e-19
   9067.4697266   2.4082707e-19
   9105.3300781   2.3557256e-19
   9143.1904297   2.3574539e-19
   9181.0498047   2.3724623e-19
   9218.9101562   2.3042357e-19
   9256.7705078   2.3352472e-19
   9294.6298828   2.3152622e-19
   9332.4902344   2.2882313e-19
   9370.3496094   2.2504392e-19
   9408.2099609   2.2406462e-19
   9446.0703125   1.9254809e-19
   9483.9296875   2.1977827e-19
   9514.2177734   2.0967174e-19
   9533.1484375   2.1802664e-19
   9559.6503906   2.1517193e-19
   9597.5097656   2.1479332e-19
   9635.3701172   2.1010590e-19
   9673.2304688   2.1319749e-19
   9711.0898438   2.1134696e-19
   9748.9501953   2.1364177e-19
   9786.8095703   2.1193068e-19
   9824.6699219   2.1001918e-19
   9862.5302734   2.0758543e-19
   9900.3896484   2.0522582e-19
   9938.2500000   2.0563184e-19
   9976.1103516   2.0542061e-19
  10013.9697266   2.0704822e-19
  10051.8300781   2.0648703e-19
  10089.6904297   1.9952457e-19
  10127.5498047   2.0087332e-19
  10165.4101562   2.0054187e-19
  10203.2705078   1.9565353e-19
  10241.1298828   1.9467555e-19
  10278.9902344   1.9287987e-19
  10316.8496094   1.9270968e-19
  10354.7099609   1.9254472e-19
  10392.5703125   1.8694597e-19
  10430.4296875   1.8635085e-19
  10468.2900391   1.8612511e-19
  10506.1503906   1.8813946e-19
  10544.0097656   1.8557171e-19
  10581.8701172   1.7547837e-19
  10619.7304688   1.7889602e-19
  10657.5898438   1.8238342e-19
  10695.4501953   1.8059483e-19
  10733.3095703   1.7435067e-19
  10771.1699219   1.7444871e-19
  10809.0302734   1.7286768e-19
  10846.8896484   1.7397587e-19
  10884.7500000   1.7185862e-19
  10922.6103516   1.7088096e-19
  10960.4697266   1.6895638e-19
  11017.2597656   1.6853619e-19
  11092.9804688   1.6648733e-19
  11168.7001953   1.6332468e-19
  11244.4199219   1.6238202e-19
  11320.1396484   1.6025165e-19
  11395.8603516   1.5772820e-19
  11471.5800781   1.5716741e-19
  11547.2998047   1.5556529e-19
  11623.0205078   1.5381928e-19
  11698.7402344   1.5101330e-19
  11774.4599609   1.4972092e-19
  11850.1796875   1.4709625e-19
  11925.9003906   1.4562619e-19
  12001.6201172   1.4280274e-19
  12077.3398438   1.3967533e-19
  12153.0595703   1.3829886e-19
  12228.7802734   1.3601353e-19
  12304.5000000   1.3448167e-19
  12380.2197266   1.3200699e-19
  12455.9404297   1.3002704e-19
  12531.6601562   1.2806331e-19
  12607.3798828   1.2554233e-19
  12683.0996094   1.2310503e-19
  12758.8203125   1.2104046e-19
  12834.5400391   1.1931249e-19
  12910.2597656   1.1753276e-19
  12985.9804688   1.1473382e-19
  13061.7001953   1.1286466e-19
  13137.4199219   1.1150189e-19
  13213.1396484   1.0975187e-19
  13288.8603516   1.0831247e-19
  13364.5800781   1.0672964e-19
  13440.2998047   1.0522307e-19
  13516.0205078   1.0333942e-19
  13591.7402344   1.0102478e-19
  13667.4599609   9.9626738e-20
  13743.1796875   9.8474831e-20
  13781.0400391   9.7956357e-20
  13818.9003906   9.7686980e-20
  13894.6201172   9.5929402e-20
  13970.3398438   9.2188930e-20
  14046.0595703   9.3748612e-20
  14121.7802734   9.2806001e-20
  14197.5000000   1.0115619e-19
  14273.2197266   1.0118285e-19
  14348.9404297   1.0697460e-19
  14424.6601562   1.1268535e-19
  14500.3798828   9.9296066e-20
  14576.0996094   1.1383439e-19
  14651.8203125   1.1497442e-19
  14727.5400391   9.4187302e-20
  14803.2597656   1.1443540e-19
  14878.9804688   1.0928580e-19
  14954.7001953   1.1028096e-19
  15030.4199219   8.7261674e-20
  15106.1396484   1.0881739e-19
  15181.8603516   1.1024366e-19
  15257.5800781   1.0720742e-19
  15333.2998047   1.0809008e-19
  15409.0205078   1.0464194e-19
  15484.7402344   9.8420347e-20
  15560.4599609   8.7277009e-20
  15636.1796875   1.0051097e-19
  15711.9003906   1.0102567e-19
  15787.6201172   1.0038613e-19
  15863.3398438   9.9774739e-20
  15939.0595703   9.9114817e-20
  16014.7802734   9.7747927e-20
  16090.5000000   9.6586345e-20
  16166.2197266   9.4058740e-20
  16241.9404297   9.3780322e-20
  16317.6601562   9.0866863e-20
  16393.3808594   8.4590837e-20
  16469.0996094   7.7834038e-20
  16544.8203125   8.9451318e-20
  16620.5410156   8.8064789e-20
  16696.2597656   8.8082198e-20
  16771.9804688   8.7787528e-20
  16847.6992188   8.7304228e-20
  16923.4199219   8.5025507e-20
  16999.1406250   8.5646513e-20
  17074.8593750   8.6222444e-20
  17150.5800781   8.4045376e-20
  17226.3007812   8.3119244e-20
  17302.0195312   8.3500497e-20
  17377.7402344   8.1833741e-20
  17453.4609375   8.1296416e-20
  17529.1796875   7.9791664e-20
  17604.9003906   7.8737578e-20
  17680.6191406   7.8910672e-20
  17756.3398438   7.7889091e-20
  17832.0605469   7.5937778e-20
  17907.7792969   7.6606715e-20
  17983.5000000   7.6258278e-20
  18059.2207031   7.5951782e-20
  18134.9394531   7.4853028e-20
  18210.6601562   7.3606744e-20
  18286.3808594   7.2820580e-20
  18362.0996094   6.7543439e-20
  18437.8203125   6.0373535e-20
  18513.5410156   7.0334586e-20
  18589.2597656   7.0185235e-20
  18664.9804688   6.8573738e-20
  18740.6992188   6.9218222e-20
  18816.4199219   6.8351233e-20
  18892.1406250   6.6769819e-20
  18967.8593750   6.4375499e-20
  19043.5800781   6.5485039e-20
  19119.3007812   6.4504546e-20
  19195.0195312   6.5185755e-20
  19270.7402344   6.3912369e-20
  19346.4609375   6.3540415e-20
  19422.1796875   6.2257044e-20
  19497.9003906   6.1255174e-20
  19573.6191406   5.9961314e-20
  19649.3398438   5.9768336e-20
  19725.0605469   5.9477672e-20
  19800.7792969   5.9619424e-20
  19876.5000000   5.9712184e-20
  19952.2207031   5.7915839e-20
  20027.9394531   5.9070790e-20
  20103.6601562   5.8966074e-20
  20179.3808594   5.7302801e-20
  20255.0996094   5.7826885e-20
  20330.8203125   5.7472425e-20
  20406.5410156   5.6481521e-20
  20482.2597656   5.5828959e-20
  20557.9804688   5.5467985e-20
  20633.6992188   5.5350448e-20
  20709.4199219   5.4298035e-20
  20785.1406250   5.3881847e-20
  20860.8593750   5.3463442e-20
  20936.5800781   5.3487631e-20
  21012.3007812   5.3411811e-20
  21088.0195312   5.2840876e-20
  21163.7402344   5.1969758e-20
  21239.4609375   5.1989164e-20
  21315.1796875   5.1212994e-20
  21390.9003906   5.0881860e-20
  21466.6191406   5.0250282e-20
  21542.3398438   5.0414523e-20
  21618.0605469   4.9779778e-20
  21693.7792969   5.0592185e-20
  21769.5000000   4.9434459e-20
  21845.2207031   4.9445319e-20
  21920.9394531   4.8502840e-20
  21996.6601562   4.8818061e-20
  22072.3808594   4.8907545e-20
  22148.0996094   4.8044689e-20
  22223.8203125   4.6982799e-20
  22299.5410156   4.5746057e-20
  22375.2597656   4.6608348e-20
  22450.9804688   4.6379445e-20
  22526.6992188   4.5956891e-20
  22602.4199219   4.6136674e-20
  22678.1406250   4.5417350e-20
  22753.8593750   4.5143518e-20
  22829.5800781   4.5356953e-20
  22905.3007812   4.5361735e-20
  22981.0195312   4.5228252e-20
  23056.7402344   4.4323119e-20
  23132.4609375   4.4141482e-20
  23208.1796875   4.3038088e-20
  23283.9003906   4.2735970e-20
  23359.6191406   4.1894507e-20
  23435.3398438   4.2129019e-20
  23511.0605469   4.1613030e-20
  23586.7792969   4.0720463e-20
  23662.5000000   3.9887147e-20
  23738.2207031   4.0660418e-20
  23813.9394531   4.0959916e-20
  23889.6601562   4.0397343e-20
  23965.3808594   4.0660418e-20
  24041.0996094   4.0266448e-20
  24116.8203125   4.0073443e-20
  24192.5410156   4.0284135e-20
  24268.2597656   3.9929385e-20
  24343.9804688   3.9864380e-20
  24419.6992188   3.9663892e-20
  24495.4199219   3.9540584e-20
  24571.1406250   3.8822859e-20
  24646.8593750   3.9099713e-20
  24722.5800781   3.8724263e-20
  24798.3007812   3.7396519e-20
  24874.0195312   3.4062845e-20
  24949.7402344   3.7811705e-20
  25025.4609375   3.8103264e-20
  25101.1796875   3.7755286e-20
  25176.9003906   3.7374844e-20
  25252.6191406   3.6599540e-20
  25328.3398438   3.6674358e-20
  25404.0605469   3.5938516e-20
  25479.7792969   3.6112554e-20
  25555.5000000   3.5617185e-20
  25631.2207031   3.5658819e-20
  25706.9394531   3.5246214e-20
  25782.6601562   3.5340145e-20
  25858.3808594   3.5386428e-20
  25934.0996094   3.4987730e-20
  26009.8203125   3.5165813e-20
  26085.5410156   3.5413169e-20
  26161.2597656   3.5288811e-20
  26236.9804688   3.4941046e-20
  26312.6992188   3.4592309e-20
  26388.4199219   3.4743347e-20
  26464.1406250   3.4500214e-20
  26539.8593750   3.4128432e-20
  26615.5800781   3.4150772e-20
  26691.3007812   3.3841862e-20
  26767.0195312   3.2762718e-20
  26842.7402344   3.2136251e-20
  26918.4609375   3.1107258e-20
  26994.1796875   3.0595915e-20
  27069.9003906   3.0711155e-20
  27145.6191406   3.0831564e-20
  27221.3398438   3.0651459e-20
  27297.0605469   3.1174822e-20
  27372.7792969   3.1354698e-20
  27448.5000000   3.1572334e-20
  27524.2207031   3.1564017e-20
  27599.9394531   3.1280562e-20
  27675.6601562   3.1762592e-20
  27751.3808594   3.1732338e-20
  27827.0996094   3.1809777e-20
  27902.8203125   3.2217224e-20
  27978.5410156   3.1797065e-20
  28054.2597656   3.1695845e-20
  28129.9804688   3.1762175e-20
  28205.6992188   3.1720076e-20
  28281.4199219   3.1628957e-20
  28357.1406250   3.1445161e-20
  28432.8593750   3.1592445e-20
  28508.5800781   3.1739864e-20
  28584.3007812   3.1735123e-20
  28660.0195312   3.1501280e-20
  28735.7402344   3.1109171e-20
  28811.4609375   3.0819787e-20
  28887.1796875   3.0568246e-20
  28962.9003906   3.0256105e-20
  29038.6191406   2.9544662e-20
  29114.3398438   2.9794322e-20
  29190.0605469   2.9404083e-20
  29265.7792969   2.9319750e-20
  29341.5000000   2.9174987e-20
  29417.2207031   2.9199983e-20
  29492.9394531   2.9323482e-20
  29568.6601562   2.9265973e-20
  29644.3808594   2.9180751e-20
  29720.0996094   2.8781989e-20
  29795.8203125   2.8751160e-20
  29871.5410156   2.8021270e-20
  29947.2597656   2.7620633e-20
  30022.9804688   2.7715413e-20
  30098.6992188   2.7473883e-20
  30174.4199219   2.7943725e-20
  30250.1406250   2.7850977e-20
  30325.8593750   2.8028656e-20
  30401.5800781   2.7963248e-20
  30477.3007812   2.7792571e-20
  30553.0195312   2.7566220e-20
  30628.7402344   2.7140006e-20
  30704.4609375   2.6979334e-20
  30780.1796875   2.7261980e-20
  30855.9003906   2.7211977e-20
  30931.6191406   2.7244984e-20
  31007.3398438   2.6928078e-20
  31083.0605469   2.6749620e-20
  31158.7792969   2.6876799e-20
  31234.5000000   2.6870545e-20
  31310.2207031   2.6925357e-20
  31385.9394531   2.6701615e-20
  31461.6601562   2.6037019e-20
  31537.3808594   2.6029816e-20
  31613.0996094   2.5944446e-20
  31688.8203125   2.5992916e-20
  31764.5410156   2.5655847e-20
  31840.2597656   2.6050743e-20
  31915.9804688   2.5634786e-20
  31991.6992188   2.5436620e-20
  32067.4199219   2.5277260e-20
  32143.1406250   2.5678168e-20
  32218.8593750   2.4520604e-20
  32294.5800781   2.5566539e-20
  32370.3007812   2.3784507e-20
  32446.0195312   2.6049829e-20
  32521.7402344   2.5198784e-20
  32597.4609375   2.5206864e-20
  32673.1796875   2.6154490e-20
  32748.9003906   2.5746599e-20
  32824.6210938   2.3451344e-20
  32900.3398438   2.5436287e-20
  32976.0585938   2.6013701e-20
  33051.7812500   2.5768091e-20
  33127.5000000   2.4348153e-20
  33203.2187500   2.5546896e-20
  33278.9414062   2.5887991e-20
  33354.6601562   2.5522899e-20
  33430.3789062   2.5541849e-20
  33506.1015625   2.5130705e-20
  33581.8203125   2.3903783e-20
  33657.5390625   2.5315367e-20
  33733.2617188   2.5617341e-20
  33808.9804688   2.5199560e-20
  33884.6992188   2.5195354e-20
  33960.4218750   2.5139979e-20
  34036.1406250   2.4880098e-20
  34111.8593750   2.3432401e-20
  34187.5820312   2.4296773e-20
  34263.3007812   2.5213286e-20
  34339.0195312   2.4884360e-20
  34414.7382812   2.4264676e-20
  34490.4609375   2.4316522e-20
  34566.1796875   2.4579255e-20
  34641.8984375   2.4374581e-20
  34717.6210938   2.4044237e-20
  34793.3398438   2.3890348e-20
  34869.0585938   2.2971124e-20
  34944.7812500   2.1833998e-20
  35020.5000000   2.2707520e-20
  35096.2187500   2.3118583e-20
  35171.9414062   2.3192517e-20
  35247.6601562   2.3289280e-20
  35323.3789062   2.3151402e-20
  35399.1015625   2.3110767e-20
  35474.8203125   2.2835030e-20
  35550.5390625   2.2937352e-20
  35626.2617188   2.2460354e-20
  35701.9804688   2.2832422e-20
  35777.6992188   2.2481178e-20
  35853.4218750   2.2669557e-20
  35929.1406250   2.2639707e-20
  36004.8593750   2.2333759e-20
  36080.5820312   2.2154008e-20
  36156.3007812   2.0938095e-20
  36232.0195312   2.1932219e-20
  36307.7382812   2.2379809e-20
  36383.4609375   2.2142043e-20
  36459.1796875   2.2128823e-20
  36534.8984375   2.1954096e-20
  36610.6210938   2.1825274e-20
  36686.3398438   2.1996464e-20
  36762.0585938   2.1884879e-20
  36837.7812500   2.1801995e-20
  36913.5000000   2.1649614e-20
  36989.2187500   2.1658934e-20
  37064.9414062   2.1402211e-20
  37140.6601562   2.1718183e-20
  37216.3789062   2.1547927e-20
  37292.1015625   2.1632508e-20
  37367.8203125   2.1496789e-20
  37443.5390625   2.1407383e-20
  37519.2617188   2.1300376e-20
  37594.9804688   2.1332581e-20
  37670.6992188   2.1289246e-20
  37746.4218750   2.1257480e-20
  37822.1406250   2.1132747e-20
  37954.6484375   2.0703004e-20
  38143.9492188   2.0290464e-20
  38333.2500000   2.0640452e-20
  38522.5507812   2.0442701e-20
  38711.8515625   2.0367158e-20
  38901.1484375   2.0290553e-20
  39090.4492188   1.9967799e-20
  39279.7500000   1.9779186e-20
  39469.0507812   1.9718298e-20
  39658.3515625   1.9499471e-20
  39847.6484375   1.9402941e-20
  40036.9492188   1.9170599e-20
  40226.2500000   1.9031345e-20
  40415.5507812   1.8685239e-20
  40604.8515625   1.8604911e-20
  40794.1484375   1.8422374e-20
  40983.4492188   1.8033011e-20
  41172.7500000   1.7719920e-20
  41362.0507812   1.7049564e-20
  41551.3515625   1.6912120e-20
  41740.6484375   1.6768492e-20
  41929.9492188   1.6594713e-20
  42119.2500000   1.6509299e-20
  42308.5507812   1.6411704e-20
  42497.8515625   1.6331822e-20
  42687.1484375   1.6174144e-20
  42876.4492188   1.6099872e-20
  43065.7500000   1.6025377e-20
  43255.0507812   1.5919453e-20
  43444.3515625   1.5988469e-20
  43633.6484375   1.5924279e-20
  43822.9492188   1.5765272e-20
  44012.2500000   1.5592574e-20
  44201.5507812   1.5527859e-20
  44390.8515625   1.5577380e-20
  44580.1484375   1.5391996e-20
  44769.4492188   1.5278648e-20
  44958.7500000   1.5062448e-20
  45148.0507812   1.5190196e-20
  45337.3515625   1.4797617e-20
  45526.6484375   1.4930723e-20
  45715.9492188   1.4768011e-20
  45905.2500000   1.4700712e-20
  46094.5507812   1.4675683e-20
  46283.8515625   1.4548747e-20
  46473.1484375   1.4438564e-20
  46662.4492188   1.4309969e-20
  46851.7500000   1.4241943e-20
  47041.0507812   1.4112931e-20
  47230.3515625   1.4038625e-20
  47419.6484375   1.3878745e-20
  47608.9492188   1.3816288e-20
  47798.2500000   1.3728704e-20
  47987.5507812   1.3592098e-20
  48176.8515625   1.3546984e-20
  48366.1484375   1.3471220e-20
  48555.4492188   1.2929872e-20
  48744.7500000   1.3221295e-20
  48934.0507812   1.3077040e-20
  49123.3515625   1.3129580e-20
  49312.6484375   1.2966664e-20
  49501.9492188   1.2982277e-20
  49691.2500000   1.2800540e-20
  49880.5507812   1.2741703e-20
  50069.8515625   1.2701197e-20
  50259.1484375   1.2530657e-20
  50448.4492188   1.2557817e-20
  50637.7500000   1.2430132e-20
  50827.0507812   1.2444881e-20
  51016.3515625   1.2347865e-20
  51205.6484375   1.2287816e-20
  51394.9492188   1.2116279e-20
  51584.2500000   1.2062176e-20
  51773.5507812   1.2045236e-20
  51962.8515625   1.2015807e-20
  52152.1484375   1.1942887e-20
  52341.4492188   1.1906646e-20
  52530.7500000   1.1770995e-20
  52720.0507812   1.1610752e-20
  52909.3515625   1.1574248e-20
  53098.6484375   1.1382089e-20
  53287.9492188   1.1307998e-20
  53477.2500000   1.1078046e-20
  53666.5507812   1.1022382e-20
  53855.8515625   1.0885086e-20
  54045.1484375   1.0760600e-20
  54234.4492188   1.0866983e-20
  54423.7500000   1.0873094e-20
  54613.0507812   1.0635344e-20
  54802.3515625   1.0754365e-20
  54991.6484375   1.0635204e-20
  55162.0195312   1.0665748e-20
  55351.3203125   1.0545948e-20
  55559.5507812   1.0508868e-20
  55748.8515625   1.0376282e-20
  55938.1484375   1.0407179e-20
  56127.4492188   1.0394161e-20
  56316.7500000   1.0349294e-20
  56506.0507812   1.0480844e-20
  56695.3515625   1.0385583e-20
  56884.6484375   1.0359935e-20
  57073.9492188   1.0289741e-20
  57263.2500000   1.0364349e-20
  57452.5507812   1.0376008e-20
  57641.8515625   1.0362438e-20
  57831.1484375   1.0355203e-20
  58020.4492188   1.0284771e-20
  58209.7500000   1.0353294e-20
  58399.0507812   1.0313947e-20
  58588.3515625   1.0325141e-20
  58777.6484375   1.0222941e-20
  58966.9492188   9.7725177e-21
  59156.2500000   9.8653615e-21
  59345.5507812   9.8704740e-21
  59534.8515625   1.0021345e-20
  59724.1484375   9.4232399e-21
  59913.4492188   9.3266076e-21
  60102.7500000   9.3369773e-21
  60292.0507812   9.6466377e-21
  60481.3515625   9.3204248e-21
  60765.3007812   9.4162493e-21
  61143.8984375   9.5452822e-21
  61522.5000000   9.2740800e-21
  61901.1015625   9.5051639e-21
  62279.6992188   9.0866857e-21
  62658.3007812   9.2669141e-21
  63036.8984375   9.0576002e-21
  63415.5000000   8.9950059e-21
  63794.1015625   8.7978583e-21
  64172.6992188   8.8175086e-21
  64551.3007812   8.6647605e-21
  64929.8984375   8.5623953e-21
  65308.5000000   8.4091528e-21
  65687.1015625   8.1906374e-21
  66065.7031250   8.1583976e-21
  66444.2968750   8.0423879e-21
  66822.8984375   7.9261828e-21
  67201.5000000   7.7840192e-21
  67580.1015625   7.7190645e-21
  67958.7031250   7.5822808e-21
  68337.2968750   7.4330523e-21
  68715.8984375   7.2958550e-21
  69094.5000000   7.1973559e-21
  69473.1015625   7.0798534e-21
  69851.7031250   6.9486257e-21
  70230.2968750   6.8625860e-21
  70608.8984375   6.6985700e-21
  70987.5000000   6.5537980e-21
  71366.1015625   6.5192915e-21
  71744.7031250   6.3190326e-21
  72123.2968750   6.3455077e-21
  72501.8984375   6.2228890e-21
  72880.5000000   6.1360452e-21
  73259.1015625   5.9896568e-21
  73637.7031250   5.8405757e-21
  74016.2968750   5.8232106e-21
  74394.8984375   5.7110856e-21
  74773.5000000   5.5960291e-21
  75152.1015625   5.5202605e-21
  75530.7031250   5.4404735e-21
  75909.2968750   5.3880897e-21
  76287.8984375   5.3102604e-21
  76666.5000000   5.1803640e-21
  77045.1015625   5.1001784e-21
  77423.7031250   5.0658443e-21
  77802.2968750   4.9699390e-21
  78180.8984375   4.8828997e-21
  78559.5000000   4.8190084e-21
  78938.1015625   4.7399380e-21
  79316.7031250   4.6585427e-21
  79695.2968750   4.6214347e-21
  80073.8984375   4.5361737e-21
  80452.5000000   4.4666654e-21
  80831.1015625   4.4271369e-21
  81209.7031250   4.3554912e-21
  81588.2968750   4.2864358e-21
  81966.8984375   4.1911622e-21
  82345.5000000   4.1463983e-21
  82724.1015625   4.0976108e-21
  83102.7031250   4.0474594e-21
  83481.2968750   3.9615150e-21
  83859.8984375   3.9400345e-21
  84238.5000000   3.8546100e-21
  84617.1015625   3.8062122e-21
  84995.7031250   3.7547925e-21
  85374.2968750   3.7069639e-21
  85752.8984375   3.6391654e-21
  86131.5000000   3.6164611e-21
  86510.1015625   3.5462505e-21
  86888.7031250   2.9941894e-21
  87267.2968750   3.1993177e-21
  87645.8984375   3.1787293e-21
  88024.5000000   2.7208989e-21
  88403.1015625   2.9461607e-21
  88781.7031250   2.7757073e-21
  89160.2968750   2.4954732e-21
  89538.8984375   2.7209468e-21
  89917.5000000   2.5641430e-21
  90296.1015625   2.3729104e-21
  90674.7031250   2.5505417e-21
  91053.2968750   2.4743018e-21
  91431.8984375   2.2996661e-21
  91810.5000000   2.4311503e-21
  92189.1015625   2.3493818e-21
  92567.7031250   2.2728873e-21
  92946.2968750   2.2912986e-21
  93324.8984375   2.2991812e-21
  93703.5000000   2.2487202e-21
  94082.1015625   2.0377804e-21
  94460.7031250   2.0326142e-21
  94839.2968750   2.0894277e-21
  95217.8984375   2.0239557e-21
  95596.5000000   2.0934233e-21
  95975.1015625   2.1126714e-21
  96353.7031250   2.1184784e-21
  96732.2968750   2.1222686e-21
  97110.8984375   2.1312634e-21
  97489.5000000   2.1451804e-21
  97868.1015625   2.0815326e-21
  98246.7031250   2.0831055e-21
  98625.2968750   2.0868874e-21
  99003.8984375   2.0413543e-21
  99382.5000000   2.0099687e-21
  99761.1015625   2.0175923e-21
 100139.7031250   2.0003697e-21
 100518.2968750   1.9682391e-21
 100896.8984375   1.9365908e-21
 101275.5000000   1.9470719e-21
 101654.1015625   1.9297815e-21
 102032.7031250   1.8812706e-21
 102411.2968750   1.8868309e-21
 102789.8984375   1.8647284e-21
 103168.5000000   1.8548209e-21
 103547.1015625   1.8073765e-21
 103925.7031250   1.8083134e-21
 104304.2968750   1.7908862e-21
 104682.8984375   1.7673132e-21
 105061.5000000   1.7333523e-21
 105440.1015625   1.7315186e-21
 105818.7031250   1.7208293e-21
 106197.2968750   1.7004398e-21
 106575.8984375   1.6699335e-21
 106954.5000000   1.6612433e-21
 107333.1015625   1.6518582e-21
 107711.7031250   1.6307094e-21
 108090.2968750   1.6096689e-21
 108468.8984375   1.5919104e-21
 108847.5000000   1.5700460e-21
 109226.1015625   1.5591136e-21
 109604.7031250   1.5413508e-21
 109983.2968750   1.5235830e-21
 110361.8984375   1.5092379e-21
 110740.5000000   1.4832753e-21
 111119.1015625   1.4764445e-21
 111497.7031250   1.4538975e-21
 111876.2968750   1.4368159e-21
 112254.8984375   1.4245195e-21
 112633.5000000   1.4074368e-21
 113012.1015625   1.3883073e-21
 113390.7031250   1.3719120e-21
 113769.2968750   1.3548294e-21
 114147.8984375   1.3425329e-21
 114526.5000000   1.3247684e-21
 114905.1015625   1.3015389e-21
 115283.7031250   1.2933393e-21
 115662.2968750   1.2783068e-21
 116040.8984375   1.2639597e-21
 116419.5000000   1.2516631e-21
 116798.1015625   1.2332147e-21
 117176.7031250   1.2195505e-21
 117555.2968750   1.2093047e-21
 117933.8984375   1.1901732e-21
 118312.5000000   1.1799255e-21
 118691.1015625   1.1662625e-21
 119069.7031250   1.1532792e-21
 119448.2968750   1.1389290e-21
 119826.8984375   1.1239030e-21
 120205.5000000   1.1143336e-21
 120584.1015625   1.1013526e-21
 120962.7031250   1.0890585e-21
 121530.6015625   1.0692434e-21
 122287.7968750   1.0453308e-21
 123045.0000000   1.0214189e-21
 123802.2031250   9.9818566e-22
 124559.3984375   9.7290940e-22
 125316.6015625   9.5377822e-22
 126073.7968750   9.3327945e-22
 126831.0000000   9.1483510e-22
 127588.2031250   8.9365324e-22
 128345.3984375   8.7452358e-22
 129102.6015625   8.5471032e-22
 129859.7968750   8.3831196e-22
 130617.0000000   8.2191764e-22
 131374.2031250   8.0415400e-22
 132131.4062500   7.8843818e-22
 132888.5937500   7.7272392e-22
 133645.7968750   7.5564504e-22
 134403.0000000   7.4129701e-22
 135160.2031250   7.2558164e-22
 135917.4062500   7.1123578e-22
 136674.5937500   6.9825216e-22
 137431.7968750   6.8458783e-22
 138189.0000000   6.6928358e-22
 138946.2031250   6.5650908e-22
 139703.4062500   6.4065810e-22
 140460.5937500   6.2767696e-22
 141217.7968750   6.1722350e-22
 141975.0000000   6.0137222e-22
 142732.2031250   5.9447119e-22
 143489.4062500   5.8272017e-22
 144246.5937500   5.7240424e-22
 145003.7968750   5.6283920e-22
 145761.0000000   5.5279515e-22
 146518.2031250   5.4097617e-22
 147275.4062500   5.3134096e-22
 148032.5937500   5.2164128e-22
 148789.7968750   5.1310028e-22
 149547.0000000   5.0175744e-22
 150304.2031250   4.9294411e-22
 151061.4062500   4.8201300e-22
 151818.5937500   4.7436031e-22
 152575.7968750   4.6650331e-22
 153333.0000000   4.5687027e-22
 154090.2031250   4.4983409e-22
 154847.4062500   4.4204534e-22
 155604.5937500   4.3459758e-22
 156361.7968750   4.2735597e-22
 157119.0000000   4.1936113e-22
 157876.2031250   4.1116359e-22
 158633.4062500   4.0460378e-22
 159390.5937500   3.9708862e-22
 160147.7968750   3.9182744e-22
 160905.0000000   3.8410736e-22
 161662.2031250   3.7829972e-22
 162419.4062500   3.6087822e-22
 163176.5937500   3.4584712e-22
 163933.7968750   3.4584712e-22
 164691.0000000   3.3109005e-22
 165448.2031250   3.2302799e-22
 166205.4062500   3.1598968e-22
 166962.5937500   3.0232596e-22
 167719.7968750   2.9986638e-22
 168477.0000000   2.9317045e-22
 169234.2031250   2.8312718e-22
 169991.4062500   2.8367357e-22
 170748.5937500   2.7629491e-22
 171505.7968750   2.6871134e-22
 172263.0000000   2.6795946e-22
 173020.2031250   2.6338230e-22
 173777.4062500   2.5504633e-22
 174534.5937500   2.5573053e-22
 175291.7968750   2.4992242e-22
 176049.0000000   2.4616527e-22
 176806.2031250   2.4391072e-22
 177563.4062500   2.3981069e-22
 178320.5937500   2.3536987e-22
 179077.7968750   2.3495984e-22
 179835.0000000   2.3017780e-22
 180592.2031250   2.2710313e-22
 181349.4062500   2.2368705e-22
 182106.5937500   2.1910944e-22
 182863.7968750   2.1917777e-22
 183621.0000000   2.1494147e-22
 184378.2031250   2.1091115e-22
 185135.4062500   2.0858796e-22
 185892.5937500   2.0517177e-22
 186649.7968750   2.0243913e-22
 187407.0000000   1.9902222e-22
 188164.2031250   1.9786136e-22
 188921.4062500   1.9424000e-22
 189678.5937500   1.9239510e-22
 190435.7968750   1.8973094e-22
 191193.0000000   1.8583678e-22
 191950.2031250   1.8406037e-22
 192707.4062500   1.8153236e-22
 193464.5937500   1.7859457e-22
 194221.7968750   1.7599780e-22
 194979.0000000   1.7367509e-22
 195736.2031250   1.7292386e-22
 196493.4062500   1.6991707e-22
 197250.5937500   1.6759436e-22
 198007.7968750   1.6520323e-22
 198765.0000000   1.6370025e-22
 199522.2031250   1.6294852e-22
 200279.4062500   1.5912253e-22
 201036.5937500   1.5666295e-22
 201793.7968750   1.5550107e-22
 202551.0000000   1.5345156e-22
 203308.2031250   1.5147028e-22
 204065.4062500   1.4983078e-22
 204822.5937500   1.4798591e-22
 205579.7968750   1.4552645e-22
 206337.0000000   1.4463823e-22
 207094.2031250   1.4197353e-22
 207851.4062500   1.4088036e-22
 208608.5937500   1.3842099e-22
 209365.7968750   1.3862602e-22
 210123.0000000   1.3527781e-22
 210880.2031250   1.3466310e-22
 211637.4062500   1.3240820e-22
 212394.5937500   1.3158849e-22
 213151.7968750   1.2906043e-22
 213909.0000000   1.2830934e-22
 214666.2031250   1.2660097e-22
 215423.4062500   1.2427785e-22
 216180.5937500   1.2366316e-22
 216937.7968750   1.2222852e-22
 217695.0000000   1.2065726e-22
 218452.2031250   1.1915383e-22
 219209.4062500   1.1812892e-22
 219966.5937500   1.1648958e-22
 220723.7968750   1.1519125e-22
 221481.0000000   1.1382489e-22
 222238.2031250   1.1204826e-22
 222995.4062500   1.1088706e-22
 223752.5937500   1.0931556e-22
 224509.7968750   1.0849576e-22
 225267.0000000   1.0692434e-22
 226024.2031250   1.0610430e-22
 226781.4062500   1.0487474e-22
 227538.5937500   1.0357660e-22
 228295.7968750   1.0234666e-22
 229053.0000000   1.0091171e-22
 229810.2031250   9.9818565e-23
 230567.4062500   9.8520681e-23
 231324.5937500   9.7359326e-23
 232081.7968750   9.6402842e-23
 232839.0000000   9.5377821e-23
 233596.2031250   9.4557835e-23
 234353.4062500   9.3328354e-23
 235110.5937500   9.2439888e-23
 235867.7968750   9.1141834e-23
 236625.0000000   8.9912145e-23
 237382.2031250   8.8887383e-23
 238139.4062500   8.7930684e-23
 238896.5937500   8.6905998e-23
 239653.7968750   8.6222819e-23
 240411.0000000   8.5060991e-23
 241168.2031250   8.4377869e-23
 241925.4062500   8.3216400e-23
 243061.2031250   8.1918238e-23
 244575.5937500   7.9936878e-23
 246090.0000000   7.8228831e-23
 247604.4062500   7.6452442e-23
 249118.7968750   7.4881315e-23
 250633.2031250   7.3173236e-23
 252147.5937500   7.1601528e-23
 253662.0000000   7.0030363e-23
 255176.4062500   6.8458788e-23
 256690.7968750   6.7010421e-23
 258205.2031250   6.5548340e-23
 259719.5937500   6.4202423e-23
 261234.0000000   6.2774307e-23
 262748.4062500   6.1462671e-23
 264262.8125000   6.0157826e-23
 265777.1875000   5.8866461e-23
 267291.5937500   5.7664066e-23
 268806.0000000   5.6434163e-23
 270320.4062500   5.5279516e-23
 271834.8125000   5.4118054e-23
 273349.1875000   5.3004271e-23
 274863.5937500   5.1904296e-23
 276378.0000000   5.0852151e-23
 277892.4062500   4.9800114e-23
 279406.8125000   4.8802627e-23
 280921.1875000   4.7764035e-23
 282435.5937500   4.6739128e-23
 283950.0000000   4.5803151e-23
 285464.4062500   4.4949241e-23
 286978.8125000   4.4088398e-23
 288493.1875000   4.3213854e-23
 290007.5937500   4.2366516e-23
 291522.0000000   4.1526310e-23
 293036.4062500   4.0720110e-23
 294550.8125000   3.9934294e-23
 296065.1875000   3.9155392e-23
 297579.5937500   3.8403989e-23
 299094.0000000   3.7666013e-23
 300608.4062500   3.6941899e-23
 302122.8125000   3.6244912e-23
 303637.1875000   3.5541245e-23
 305151.5937500   3.4871603e-23
 306666.0000000   3.4229457e-23
 308180.4062500   3.3580401e-23
 309694.8125000   3.2965506e-23
 311209.1875000   3.2357465e-23
 312723.5937500   3.1756176e-23
 314238.0000000   3.1182217e-23
 315752.4062500   3.0594705e-23
 317266.8125000   3.0041341e-23
 318781.1875000   2.9508352e-23
 320295.5937500   2.8975401e-23
 321810.0000000   2.8456201e-23
 323324.4062500   2.7950601e-23
 324838.8125000   2.7451810e-23
 326353.1875000   2.6966778e-23
 327867.5937500   2.6495317e-23
 329382.0000000   2.6030730e-23
 330896.4062500   2.5573051e-23
 332410.8125000   2.5128940e-23
 333925.1875000   2.4684840e-23
 335439.5937500   2.4261266e-23
 336954.0000000   2.3844435e-23
 338468.4062500   2.3441355e-23
 339982.8125000   2.3031430e-23
 341497.1875000   2.2655621e-23
 343011.5937500   2.2273030e-23
 344526.0000000   2.1883631e-23
 346040.4062500   2.1521541e-23
 347554.8125000   2.1173065e-23
 349069.1875000   2.0824653e-23
 350583.5937500   2.0476126e-23
 352098.0000000   2.0141395e-23
 353612.4062500   1.9806568e-23
 355126.8125000   1.9485519e-23
 356641.1875000   1.9171188e-23
 358155.5937500   1.8856961e-23
 359670.0000000   1.8556276e-23
 361184.4062500   1.8255732e-23
 362698.8125000   1.7968737e-23
 364213.1875000   1.7674995e-23
 365727.5937500   1.7401637e-23
 367242.0000000   1.7121525e-23
 368756.4062500   1.6841410e-23
 370270.8125000   1.6581818e-23
 371785.1875000   1.6329025e-23
 373299.5937500   1.6076201e-23
 374814.0000000   1.5830282e-23
 376328.4062500   1.5584291e-23
 377842.8125000   1.5345154e-23
 379357.1875000   1.5106038e-23
 757200.0000000   1.0166347e-24
1514400.0000000   6.5350291e-26
2271600.0000000   1.2988037e-26
3028800.0000000   4.1150498e-27
3786000.0000000   1.6848289e-27
4543200.0000000   8.1166912e-28
5300400.0000000   4.3774101e-28
6057600.0000000   2.5627695e-28
