    384.2929993   1.6330782e-23
    396.9620056   1.8683066e-23
    405.4080200   1.9979597e-23
    413.8540039   1.1195505e-22
    422.3000183   3.0980804e-22
    430.7460022   3.3620318e-22
    439.1920166   3.1922507e-22
    447.6380005   3.2454742e-22
    456.0840149   3.3117656e-22
    464.5299988   3.7830722e-22
    481.4219971   3.9249654e-22
    498.3139954   3.8117910e-22
    510.9830017   4.8312462e-22
    527.8750000   5.0128498e-22
    536.3209839   5.1226375e-22
    540.5440063   5.2028797e-22
    553.2130127   5.0170569e-22
    557.4360352   5.1902130e-22
    565.8820190   4.9579375e-22
    578.5510254   5.5154019e-22
    591.2200317   5.5280606e-22
    603.8889771   6.9808197e-22
    620.7810059   8.6911903e-22
    637.6730347   7.7789783e-22
    654.5650024   8.7798517e-22
    671.4570312   8.8136559e-22
    684.1260376   8.8263231e-22
    701.0180054   8.8812278e-22
    717.9100342   8.8727672e-22
    730.5789795   7.2975379e-22
    747.4710083   8.9403603e-22
    760.1400146   8.9530124e-22
    768.5859985   8.9530124e-22
    785.4780273   8.9698953e-22
    806.5930176   8.9783690e-22
    819.2620239   9.0332677e-22
    836.1539917   9.0079131e-22
    853.0460205   9.0416819e-22
    865.7150269   9.0332677e-22
    886.8300171   8.7545153e-22
    912.1680298   9.0210569e-22
    929.0599976   8.6395481e-22
    941.7290039   8.2644764e-22
    958.6210327   8.0344627e-22
    971.2900391   9.7590712e-22
    988.1820068   1.3990463e-21
   1013.5200195   1.4346877e-21
   1038.8580322   1.2586224e-21
   1064.1960449   1.2245337e-21
   1085.3110352   1.0741313e-21
   1097.9799805   1.0952676e-21
   1114.8720703   1.3230269e-21
   1135.9870605   1.2940297e-21
   1157.1020508   1.2528538e-21
   1178.2170410   1.0320948e-21
   1199.3320312   1.1673565e-21
   1224.6700439   1.1408288e-21
   1250.0080566   9.9374381e-22
   1271.1230469   8.6822258e-22
   1300.6839600   8.7717193e-22
   1342.9140625   7.8969091e-22
   1385.1440430   7.4757599e-22
   1427.3740234   6.4836430e-22
   1469.6040039   5.6385980e-22
   1507.6109619   7.0176455e-22
   1545.6180420   9.9166414e-22
   1583.6250000   9.0772127e-22
   1625.8549805   6.6618528e-22
   1668.0849609   9.1757726e-22
   1710.3150635   1.0546990e-21
   1748.3220215   9.8175353e-22
   1782.1060791   8.4132346e-22
   1815.8900146   7.5977645e-22
   1862.3430176   8.2439585e-22
   1904.5729980   7.8875155e-22
   1942.5800781   6.5597447e-22
   1984.8100586   6.2962753e-22
   2027.0400391   6.6975553e-22
   2069.2700195   5.3650554e-22
   2111.5000000   6.3100335e-22
   2136.8381348   5.2755892e-22
   2162.1760254   8.0877796e-22
   2195.9599609   7.4215539e-22
   2238.1899414   6.5689985e-22
   2280.4199219   5.1973070e-22
   2322.6501465   4.8680291e-22
   2364.8801270   6.2127989e-22
   2407.1101074   6.7704264e-22
   2449.3400879   6.4628893e-22
   2491.5700684   6.4482879e-22
   2533.8000488   5.3182074e-22
   2576.0300293   5.1039538e-22
   2618.2600098   6.4378466e-22
   2660.4899902   6.0437873e-22
   2702.7199707   6.6842732e-22
   2744.9499512   6.4663814e-22
   2778.7341309   5.9819673e-22
   2808.2949219   6.8385915e-22
   2850.5251465   7.3435130e-22
   2892.7551270   6.4414383e-22
   2934.9851074   7.7290547e-22
   2977.2150879   6.4659271e-22
   3023.6679688   8.7031467e-22
   3065.8979492   9.2568468e-22
   3103.9050293   9.7781200e-22
   3146.1350098   1.0047633e-21
   3188.3649902   1.0697578e-21
   3230.5949707   1.0348725e-21
   3272.8249512   1.2564079e-21
   3315.0549316   1.2595073e-21
   3357.2851562   1.4973375e-21
   3399.5151367   1.7360760e-21
   3441.7451172   2.0266731e-21
   3483.9750977   2.4127859e-21
   3526.2050781   2.2619383e-21
   3568.4350586   3.3220646e-21
   3610.6650391   3.9211406e-21
   3652.8950195   4.9227885e-21
   3695.1250000   6.0399391e-21
   3737.3549805   7.4610003e-21
   3779.5849609   9.3089501e-21
   3821.8149414   1.1480010e-20
   3864.0451660   1.4097103e-20
   3906.2751465   4.9659791e-20
   3948.5051270   9.0389825e-20
   3990.7351074   1.2735801e-19
   4032.9650879   1.6242802e-19
   4075.1950684   1.7435257e-19
   4117.4248047   9.5398553e-20
   4159.6552734   1.6477390e-19
   4201.8852539   1.5715465e-19
   4244.1152344   1.8760850e-19
   4286.3452148   1.9840564e-19
   4328.5751953   1.5863515e-19
   4370.8051758   2.4501602e-19
   4413.0351562   3.0249398e-19
   4455.2651367   2.9193763e-19
   4497.4951172   2.5578164e-19
   4539.7250977   2.7354865e-19
   4581.9550781   2.5127780e-19
   4624.1850586   2.8018626e-19
   4666.4150391   2.6899060e-19
   4708.6450195   2.6584311e-19
   4750.8750000   2.3396359e-19
   4793.1049805   2.6872374e-19
   4835.3349609   2.6031131e-19
   4877.5649414   2.5573333e-19
   4919.7949219   2.4747528e-19
   4962.0249023   1.7066234e-19
   5004.2548828   2.3365859e-19
   5046.4848633   2.1856306e-19
   5088.7148438   1.9809568e-19
   5130.9448242   1.6825331e-19
   5173.1752930   3.5668452e-19
   5215.4052734   3.9268794e-19
   5257.6352539   3.9605322e-19
   5299.8652344   3.9276557e-19
   5342.0952148   3.9994937e-19
   5384.3251953   4.3456228e-19
   5426.5551758   4.4130339e-19
   5468.7851562   4.0409497e-19
   5511.0151367   4.0945616e-19
   5553.2451172   4.4749608e-19
   5595.4750977   4.3417687e-19
   5637.7050781   4.2267552e-19
   5679.9350586   4.4018266e-19
   5722.1650391   4.3403769e-19
   5764.3950195   4.1565084e-19
   5806.6250000   4.0906974e-19
   5848.8549805   4.0392465e-19
   5891.0849609   2.9365044e-19
   5933.3149414   2.7699293e-19
   5975.5449219   3.9021059e-19
   6017.7749023   3.7313916e-19
   6060.0048828   3.9570201e-19
   6089.5659180   3.9630551e-19
   6110.6811523   3.9605842e-19
   6144.4648438   3.8465013e-19
   6186.6953125   3.7228633e-19
   6228.9252930   3.8048333e-19
   6271.1552734   3.8585817e-19
   6313.3852539   3.8112217e-19
   6355.6152344   3.6622292e-19
   6385.1762695   3.4558520e-19
   6406.2910156   3.5272928e-19
   6440.0751953   3.5064566e-19
   6482.3051758   3.0537316e-19
   6524.5351562   2.5804954e-19
   6566.7651367   2.6293213e-19
   6608.9951172   3.0169262e-19
   6651.2250977   3.1942001e-19
   6693.4550781   3.2306418e-19
   6735.6850586   3.2318337e-19
   6777.9150391   3.1498030e-19
   6820.1450195   3.0802939e-19
   6862.3750000   3.0892218e-19
   6904.6049805   3.2046967e-19
   6946.8349609   3.2059494e-19
   6989.0649414   3.2165833e-19
   7031.2949219   3.2514379e-19
   7060.8559570   3.0359465e-19
   7081.9711914   3.4322862e-19
   7115.7548828   3.3450944e-19
   7157.9848633   3.2261613e-19
   7200.2148438   3.1729899e-19
   7242.4453125   3.0259895e-19
   7284.6752930   2.9650669e-19
   7326.9052734   3.0907963e-19
   7369.1352539   3.0497911e-19
   7411.3652344   3.0645604e-19
   7453.5952148   3.0117894e-19
   7495.8251953   2.9166851e-19
   7538.0551758   2.9846380e-19
   7580.2851562   3.0034018e-19
   7622.5151367   3.0226555e-19
   7664.7451172   2.8450391e-19
   7706.9750977   2.8802282e-19
   7749.2050781   2.8481646e-19
   7791.4350586   2.6884414e-19
   7833.6650391   2.7054265e-19
   7875.8950195   2.7258688e-19
   7918.1250000   2.7650311e-19
   7960.3549805   2.5763282e-19
   8002.5849609   2.4842048e-19
   8044.8149414   2.6063388e-19
   8087.0449219   2.4970243e-19
   8129.2749023   2.3793545e-19
   8171.5048828   2.5125683e-19
   8213.7353516   2.5460818e-19
   8255.9648438   2.3392352e-19
   8306.6406250   2.4846523e-19
   8344.6484375   2.5440141e-19
   8378.4316406   2.4357191e-19
   8424.8847656   2.3875925e-19
   8467.1152344   2.4489445e-19
   8509.3447266   2.4221288e-19
   8551.5751953   2.4624260e-19
   8593.8046875   2.3229165e-19
   8636.0351562   2.3383928e-19
   8678.2646484   2.0125259e-19
   8720.4951172   2.1414858e-19
   8758.5019531   2.3850039e-19
   8775.3945312   2.2434082e-19
   8804.9550781   2.3000245e-19
   8847.1855469   2.2025222e-19
   8889.4150391   2.2384578e-19
   8931.6455078   2.2616405e-19
   8973.8750000   2.2522637e-19
   9016.1054688   2.2148609e-19
   9058.3349609   2.1569752e-19
   9100.5654297   2.2074997e-19
   9142.7949219   2.1605685e-19
   9185.0253906   2.1638351e-19
   9227.2548828   2.1095053e-19
   9269.4853516   2.1497120e-19
   9311.7148438   2.1301266e-19
   9353.9453125   2.0804496e-19
   9396.1748047   2.0583016e-19
   9438.4052734   2.0559706e-19
   9480.6347656   2.0441581e-19
   9522.8652344   1.9972929e-19
   9565.0947266   2.0224052e-19
   9607.3251953   2.0184476e-19
   9649.5546875   2.0054321e-19
   9691.7851562   1.8945077e-19
   9734.0146484   1.9407756e-19
   9776.2451172   1.9078586e-19
   9818.4755859   1.7442381e-19
   9860.7050781   1.8583637e-19
   9902.9355469   1.8559658e-19
   9945.1650391   1.8471915e-19
   9987.3955078   1.8158857e-19
  10029.6250000   1.7886263e-19
  10071.8554688   1.7364496e-19
  10114.0849609   1.7542406e-19
  10156.3154297   1.7284986e-19
  10198.5449219   1.7209314e-19
  10240.7753906   1.7245251e-19
  10283.0048828   1.6835974e-19
  10325.2353516   1.6898422e-19
  10367.4648438   1.6735936e-19
  10409.6953125   1.6540543e-19
  10451.9248047   1.6300400e-19
  10494.1552734   1.6031396e-19
  10536.3847656   1.3225390e-19
  10578.6152344   1.5583368e-19
  10612.3994141   1.4929707e-19
  10633.5136719   1.5488118e-19
  10663.0751953   1.5445730e-19
  10705.3046875   1.5412731e-19
  10747.5351562   1.5089562e-19
  10789.7646484   1.5158241e-19
  10831.9951172   1.5020335e-19
  10874.2255859   1.5054148e-19
  10916.4550781   1.4900689e-19
  10958.6855469   1.4707655e-19
  11000.9150391   1.4592101e-19
  11043.1455078   1.4379489e-19
  11085.3750000   1.4379995e-19
  11127.6054688   1.4323080e-19
  11169.8349609   1.4305979e-19
  11212.0654297   1.4230844e-19
  11254.2949219   1.3803945e-19
  11296.5253906   1.3773788e-19
  11338.7548828   1.3771064e-19
  11380.9853516   1.3434973e-19
  11423.2148438   1.3342363e-19
  11465.4453125   1.3227016e-19
  11507.6748047   1.3208034e-19
  11549.9052734   1.3056811e-19
  11592.1347656   1.2849345e-19
  11634.3652344   1.2770695e-19
  11676.5947266   1.2687957e-19
  11718.8251953   1.2768507e-19
  11761.0546875   1.2575507e-19
  11803.2851562   1.2023645e-19
  11845.5156250   1.2176800e-19
  11887.7451172   1.2301882e-19
  11929.9755859   1.2170223e-19
  11972.2050781   1.1813437e-19
  12014.4355469   1.1812400e-19
  12056.6650391   1.1669516e-19
  12098.8955078   1.1656967e-19
  12141.1250000   1.1520062e-19
  12183.3554688   1.1439294e-19
  12225.5849609   1.1297797e-19
  12288.9296875   1.1205539e-19
  12373.3906250   1.1069025e-19
  12457.8505859   1.0832127e-19
  12542.3105469   1.0714175e-19
  12626.7705078   1.0532039e-19
  12711.2304688   1.0311161e-19
  12795.6904297   1.0220494e-19
  12880.1503906   1.0106006e-19
  12964.6103516   9.9700932e-20
  13049.0703125   9.7526875e-20
  13133.5302734   9.6637475e-20
  13217.9902344   9.4627420e-20
  13302.4501953   9.3534553e-20
  13386.9101562   9.1546411e-20
  13471.3701172   8.9666269e-20
  13555.8300781   8.8166370e-20
  13640.2900391   8.6819972e-20
  13724.7500000   8.5627902e-20
  13809.2099609   8.3697469e-20
  13893.6699219   8.2416056e-20
  13978.1298828   8.0982649e-20
  14062.5898438   7.9296823e-20
  14147.0498047   7.7636200e-20
  14231.5097656   7.6336860e-20
  14315.9697266   7.5195215e-20
  14400.4296875   7.3924072e-20
  14484.8906250   7.2198179e-20
  14569.3505859   7.0839431e-20
  14653.8105469   6.9891023e-20
  14738.2705078   6.8697175e-20
  14822.7304688   6.7667109e-20
  14907.1904297   6.6642821e-20
  14991.6503906   6.5493809e-20
  15076.1103516   6.4393167e-20
  15160.5703125   6.2921290e-20
  15245.0302734   6.1867959e-20
  15329.4902344   6.1026258e-20
  15371.7197266   6.0480357e-20
  15413.9501953   6.0354051e-20
  15498.4101562   5.9067552e-20
  15582.8701172   5.7322563e-20
  15667.3300781   5.8169867e-20
  15751.7900391   5.7517241e-20
  15836.2500000   6.1310750e-20
  15920.7099609   6.0761502e-20
  16005.1699219   6.3075953e-20
  16089.6298828   6.5613866e-20
  16174.0898438   5.8888565e-20
  16258.5498047   6.5582466e-20
  16343.0097656   6.5274993e-20
  16427.4707031   5.5834969e-20
  16511.9296875   6.4708136e-20
  16596.3906250   6.2355692e-20
  16680.8496094   6.2302862e-20
  16765.3105469   5.1862938e-20
  16849.7695312   6.1039396e-20
  16934.2304688   6.0985532e-20
  17018.6894531   5.9286639e-20
  17103.1503906   5.9530857e-20
  17187.6093750   5.7643936e-20
  17272.0703125   5.4829667e-20
  17356.5292969   4.9506485e-20
  17440.9902344   5.5248078e-20
  17525.4511719   5.5170006e-20
  17609.9101562   5.4782492e-20
  17694.3710938   5.4256444e-20
  17778.8300781   5.3683078e-20
  17863.2910156   5.2969250e-20
  17947.7500000   5.2028565e-20
  18032.2109375   5.0812080e-20
  18116.6699219   5.0481989e-20
  18201.1308594   4.9117313e-20
  18285.5898438   4.6261766e-20
  18370.0507812   4.2829448e-20
  18454.5097656   4.7724509e-20
  18538.9707031   4.7057038e-20
  18623.4296875   4.6790780e-20
  18707.8906250   4.6477631e-20
  18792.3496094   4.5978191e-20
  18876.8105469   4.4792674e-20
  18961.2695312   4.4891932e-20
  19045.7304688   4.4697955e-20
  19130.1894531   4.3869081e-20
  19214.6503906   4.3159325e-20
  19299.1093750   4.3154394e-20
  19383.5703125   4.2308967e-20
  19468.0292969   4.1898465e-20
  19552.4902344   4.1105254e-20
  19636.9511719   4.0244259e-20
  19721.4101562   4.0371005e-20
  19805.8710938   3.9707904e-20
  19890.3300781   3.8892229e-20
  19974.7910156   3.9089328e-20
  20059.2500000   3.8721116e-20
  20143.7109375   3.8537718e-20
  20228.1699219   3.7959874e-20
  20312.6308594   3.7327191e-20
  20397.0898438   3.6838127e-20
  20481.5507812   3.4765555e-20
  20566.0097656   3.1349121e-20
  20650.4707031   3.5478630e-20
  20734.9296875   3.5217050e-20
  20819.3906250   3.4352872e-20
  20903.8496094   3.4461824e-20
  20988.3105469   3.4133757e-20
  21072.7695312   3.3457553e-20
  21157.2304688   3.2327139e-20
  21241.6894531   3.2621796e-20
  21326.1503906   3.2092036e-20
  21410.6093750   3.2156792e-20
  21495.0703125   3.1600148e-20
  21579.5292969   3.1270881e-20
  21663.9902344   3.0696388e-20
  21748.4511719   3.0263614e-20
  21832.9101562   2.9791246e-20
  21917.3710938   2.9581601e-20
  22001.8300781   2.9294197e-20
  22086.2910156   2.9121414e-20
  22170.7500000   2.8957399e-20
  22255.2109375   2.8261223e-20
  22339.6699219   2.8457889e-20
  22424.1308594   2.8204558e-20
  22508.5898438   2.7649336e-20
  22593.0507812   2.7631736e-20
  22677.5097656   2.7375300e-20
  22761.9707031   2.6943161e-20
  22846.4296875   2.6533922e-20
  22930.8906250   2.6362592e-20
  23015.3496094   2.6224711e-20
  23099.8105469   2.5793059e-20
  23184.2695312   2.5541231e-20
  23268.7304688   2.5278759e-20
  23353.1894531   2.5123587e-20
  23437.6503906   2.4972439e-20
  23522.1093750   2.4683378e-20
  23606.5703125   2.4319672e-20
  23691.0312500   2.4225757e-20
  23775.4902344   2.3890086e-20
  23859.9511719   2.3642194e-20
  23944.4101562   2.3324643e-20
  24028.8710938   2.3164167e-20
  24113.3300781   2.2904484e-20
  24197.7910156   2.3005298e-20
  24282.2500000   2.2556291e-20
  24366.7109375   2.2473132e-20
  24451.1699219   2.2106820e-20
  24535.6308594   2.2067342e-20
  24620.0898438   2.1988013e-20
  24704.5507812   2.1684301e-20
  24789.0097656   2.1150806e-20
  24873.4707031   2.0835494e-20
  24957.9296875   2.0983616e-20
  25042.3906250   2.0812173e-20
  25126.8496094   2.0580304e-20
  25211.3105469   2.0557991e-20
  25295.7695312   2.0234980e-20
  25380.2304688   2.0066831e-20
  25464.6894531   2.0003390e-20
  25549.1503906   1.9904714e-20
  25633.6093750   1.9775494e-20
  25718.0703125   1.9439830e-20
  25802.5312500   1.9284642e-20
  25886.9902344   1.8922542e-20
  25971.4511719   1.8736147e-20
  26055.9101562   1.8478730e-20
  26140.3710938   1.8488391e-20
  26224.8300781   1.8275588e-20
  26309.2910156   1.7951186e-20
  26393.7500000   1.7626043e-20
  26478.2109375   1.7756181e-20
  26562.6699219   1.7739345e-20
  26647.1308594   1.7473969e-20
  26731.5898438   1.7466835e-20
  26816.0507812   1.7241239e-20
  26900.5097656   1.7116902e-20
  26984.9707031   1.7099019e-20
  27069.4296875   1.6923303e-20
  27153.8906250   1.6838858e-20
  27238.3496094   1.6703260e-20
  27322.8105469   1.6592855e-20
  27407.2695312   1.6313721e-20
  27491.7304688   1.6320243e-20
  27576.1894531   1.6137567e-20
  27660.6503906   1.5626956e-20
  27745.1093750   1.4122261e-20
  27829.5703125   1.5689742e-20
  27914.0312500   1.5736460e-20
  27998.4902344   1.5598500e-20
  28082.9511719   1.5449937e-20
  28167.4101562   1.5157309e-20
  28251.8710938   1.5131502e-20
  28336.3300781   1.4925578e-20
  28420.7910156   1.4914831e-20
  28505.2500000   1.4739276e-20
  28589.7109375   1.4692225e-20
  28674.1699219   1.4500618e-20
  28758.6308594   1.4473958e-20
  28843.0898438   1.4416100e-20
  28927.5507812   1.4249669e-20
  29012.0097656   1.4232844e-20
  29096.4707031   1.4216041e-20
  29180.9296875   1.4116185e-20
  29265.3906250   1.3964436e-20
  29349.8496094   1.3802006e-20
  29434.3105469   1.3784619e-20
  29518.7695312   1.3658130e-20
  29603.2304688   1.3500270e-20
  29687.6894531   1.3461668e-20
  29772.1503906   1.3376215e-20
  29856.6093750   1.3040821e-20
  29941.0703125   1.2913216e-20
  30025.5312500   1.2608300e-20
  30109.9902344   1.2448954e-20
  30194.4511719   1.2445837e-20
  30278.9101562   1.2416575e-20
  30363.3710938   1.2303665e-20
  30447.8300781   1.2378733e-20
  30532.2910156   1.2328330e-20
  30616.7500000   1.2351037e-20
  30701.2109375   1.2279588e-20
  30785.6699219   1.2113698e-20
  30870.1308594   1.2188624e-20
  30954.5898438   1.2137770e-20
  31039.0507812   1.2097323e-20
  31123.5097656   1.2151264e-20
  31207.9707031   1.1995112e-20
  31292.4296875   1.1922895e-20
  31376.8906250   1.1882017e-20
  31461.3496094   1.1830622e-20
  31545.8105469   1.1752787e-20
  31630.2695312   1.1664290e-20
  31714.7304688   1.1670490e-20
  31799.1894531   1.1671413e-20
  31883.6503906   1.1635382e-20
  31968.1113281   1.1535959e-20
  32052.5703125   1.1404681e-20
  32137.0312500   1.1326116e-20
  32221.4902344   1.1252686e-20
  32305.9511719   1.1158002e-20
  32390.4101562   1.0952051e-20
  32474.8710938   1.0984085e-20
  32559.3300781   1.0851983e-20
  32643.7910156   1.0799162e-20
  32728.2500000   1.0730327e-20
  32812.7109375   1.0687951e-20
  32897.1718750   1.0703875e-20
  32981.6289062   1.0650792e-20
  33066.0898438   1.0581602e-20
  33150.5507812   1.0438008e-20
  33235.0117188   1.0389893e-20
  33319.4687500   1.0144917e-20
  33403.9296875   1.0022072e-20
  33488.3906250   1.0010898e-20
  33572.8515625   9.9038012e-21
  33657.3085938   1.0004437e-20
  33741.7695312   9.9398384e-21
  33826.2304688   9.9445099e-21
  33910.6914062   9.8958016e-21
  33995.1523438   9.8202963e-21
  34079.6093750   9.7287313e-21
  34164.0703125   9.5781844e-21
  34248.5312500   9.4916697e-21
  34332.9921875   9.5441715e-21
  34417.4492188   9.4950051e-21
  34501.9101562   9.4832533e-21
  34586.3710938   9.3696541e-21
  34670.8320312   9.2613209e-21
  34755.2890625   9.2654294e-21
  34839.7500000   9.2588394e-21
  34924.2109375   9.2360960e-21
  35008.6718750   9.1489334e-21
  35093.1289062   8.9434227e-21
  35177.5898438   8.9151087e-21
  35262.0507812   8.8652113e-21
  35346.5117188   8.8529167e-21
  35430.9687500   8.7652501e-21
  35515.4296875   8.8443662e-21
  35599.8906250   8.7619785e-21
  35684.3515625   8.7010450e-21
  35768.8085938   8.5969293e-21
  35853.2695312   8.7839012e-21
  35937.7304688   8.3452289e-21
  36022.1914062   8.7318995e-21
  36106.6523438   8.0714564e-21
  36191.1093750   8.8309754e-21
  36275.5703125   8.4833600e-21
  36360.0312500   8.4382132e-21
  36444.4921875   8.7985732e-21
  36528.9492188   8.6182122e-21
  36613.4101562   7.8152767e-21
  36697.8710938   8.5223086e-21
  36782.3320312   8.6719741e-21
  36866.7890625   8.5562496e-21
  36951.2500000   7.9524910e-21
  37035.7109375   8.4383239e-21
  37120.1718750   8.5447200e-21
  37204.6289062   8.4340999e-21
  37289.0898438   8.4102789e-21
  37373.5507812   8.2288743e-21
  37458.0117188   7.7376130e-21
  37542.4687500   8.3004876e-21
  37626.9296875   8.3689393e-21
  37711.3906250   8.2415696e-21
  37795.8515625   8.2229855e-21
  37880.3085938   8.1879935e-21
  37964.7695312   8.0767046e-21
  38049.2304688   7.5077077e-21
  38133.6914062   7.8211817e-21
  38218.1523438   8.1294446e-21
  38302.6093750   8.0179303e-21
  38387.0703125   7.8462976e-21
  38471.5312500   7.8546413e-21
  38555.9921875   7.9121490e-21
  38640.4492188   7.8440584e-21
  38724.9101562   7.7485635e-21
  38809.3710938   7.7021493e-21
  38893.8320312   7.4260535e-21
  38978.2890625   6.9199838e-21
  39062.7500000   7.3274373e-21
  39147.2109375   7.4340806e-21
  39231.6718750   7.4531720e-21
  39316.1289062   7.4612943e-21
  39400.5898438   7.4036494e-21
  39485.0507812   7.3733733e-21
  39569.5117188   7.2936925e-21
  39653.9687500   7.3072239e-21
  39738.4296875   7.1560825e-21
  39822.8906250   7.2464067e-21
  39907.3515625   7.1445884e-21
  39991.8085938   7.1744913e-21
  40076.2695312   7.1549822e-21
  40160.7304688   7.0529918e-21
  40245.1914062   6.9508997e-21
  40329.6523438   6.4526510e-21
  40414.1093750   6.8785634e-21
  40498.5703125   7.0019748e-21
  40583.0312500   6.9272515e-21
  40667.4921875   6.8909897e-21
  40751.9492188   6.8492017e-21
  40836.4101562   6.8018690e-21
  40920.8710938   6.8316871e-21
  41005.3320312   6.7787564e-21
  41089.7890625   6.7534099e-21
  41174.2500000   6.7004089e-21
  41258.7109375   6.6915575e-21
  41343.1718750   6.6108775e-21
  41427.6289062   6.6792843e-21
  41512.0898438   6.6206692e-21
  41596.5507812   6.6283206e-21
  41681.0117188   6.5806644e-21
  41765.4687500   6.5440334e-21
  41849.9296875   6.5018355e-21
  41934.3906250   6.5038917e-21
  42018.8515625   6.4782350e-21
  42103.3085938   6.4581226e-21
  42187.7695312   6.4158305e-21
  42335.5742188   6.2480696e-21
  42546.7265625   6.0870472e-21
  42757.8750000   6.1978915e-21
  42969.0273438   6.1310211e-21
  43180.1757812   6.0862988e-21
  43391.3242188   6.0413189e-21
  43602.4765625   5.9293676e-21
  43813.6250000   5.8618405e-21
  44024.7773438   5.8219189e-21
  44235.9257812   5.7430160e-21
  44447.0742188   5.6973442e-21
  44658.2265625   5.6180076e-21
  44869.3750000   5.5613243e-21
  45080.5273438   5.4473955e-21
  45291.6757812   5.4102725e-21
  45502.8242188   5.3452528e-21
  45713.9765625   5.2280755e-21
  45925.1250000   5.1489150e-21
  46136.2773438   4.9091437e-21
  46347.4257812   4.9246262e-21
  46558.5742188   4.8961600e-21
  46769.7265625   4.8411650e-21
  46980.8750000   4.7972057e-21
  47192.0273438   4.7503686e-21
  47403.1757812   4.7124875e-21
  47614.3242188   4.6479872e-21
  47825.4765625   4.6105585e-21
  48036.6250000   4.5764648e-21
  48247.7773438   4.5295542e-21
  48458.9257812   4.5333355e-21
  48670.0742188   4.4988249e-21
  48881.2265625   4.4401343e-21
  49092.3750000   4.3788042e-21
  49303.5273438   4.3492308e-21
  49514.6757812   4.3503391e-21
  49725.8242188   4.2859745e-21
  49936.9765625   4.2460118e-21
  50148.1250000   4.1780864e-21
  50359.2773438   4.1990386e-21
  50570.4257812   4.0834817e-21
  50781.5742188   4.1088286e-21
  50992.7265625   4.0560454e-21
  51203.8750000   4.0269717e-21
  51415.0273438   4.0104164e-21
  51626.1757812   3.9672168e-21
  51837.3242188   3.9305720e-21
  52048.4765625   3.8870029e-21
  52259.6250000   3.8600226e-21
  52470.7773438   3.8186607e-21
  52681.9257812   3.7898738e-21
  52893.0742188   3.7386581e-21
  53104.2265625   3.7138160e-21
  53315.3750000   3.6836509e-21
  53526.5273438   3.6396371e-21
  53737.6757812   3.6209032e-21
  53948.8242188   3.5877562e-21
  54159.9765625   3.4127760e-21
  54371.1250000   3.5126988e-21
  54582.2773438   3.4695085e-21
  54793.4257812   3.4719933e-21
  55004.5742188   3.4246824e-21
  55215.7265625   3.4207893e-21
  55426.8750000   3.3676177e-21
  55638.0273438   3.3456378e-21
  55849.1757812   3.3277012e-21
  56060.3242188   3.2771856e-21
  56271.4765625   3.2771424e-21
  56482.6250000   3.2369902e-21
  56693.7773438   3.2334522e-21
  56904.9257812   3.2036834e-21
  57116.0742188   3.1814320e-21
  57327.2265625   3.1318571e-21
  57538.3750000   3.1112929e-21
  57749.5273438   3.0994278e-21
  57960.6757812   3.0846395e-21
  58171.8242188   3.0611168e-21
  58382.9765625   3.0462037e-21
  58594.1250000   3.0085506e-21
  58805.2773438   2.9773720e-21
  59016.4257812   2.9641424e-21
  59227.5742188   2.9112333e-21
  59438.7265625   2.8932995e-21
  59649.8750000   2.8350606e-21
  59861.0273438   2.8205673e-21
  60072.1757812   2.7796785e-21
  60283.3242188   2.7435236e-21
  60494.4765625   2.7605535e-21
  60705.6250000   2.7552847e-21
  60916.7773438   2.6879456e-21
  61127.9257812   2.7131726e-21
  61339.0742188   2.6774011e-21
  61529.1093750   2.6790359e-21
  61740.2617188   2.6531008e-21
  61972.5273438   2.6397232e-21
  62183.6757812   2.5990804e-21
  62394.8242188   2.5978253e-21
  62605.9765625   2.5871681e-21
  62817.1250000   2.5681947e-21
  63028.2773438   2.5921952e-21
  63239.4257812   2.5614472e-21
  63450.5742188   2.5478156e-21
  63661.7265625   2.5223199e-21
  63872.8750000   2.5344903e-21
  64084.0273438   2.5319314e-21
  64295.1757812   2.5252572e-21
  64506.3242188   2.5138598e-21
  64717.4765625   2.4930141e-21
  64928.6250000   2.5087312e-21
  65139.7773438   2.4860164e-21
  65350.9257812   2.4886710e-21
  65562.0781250   2.4583412e-21
  65773.2265625   2.3417330e-21
  65984.3750000   2.3767643e-21
  66195.5234375   2.3640842e-21
  66406.6718750   2.3886625e-21
  66617.8281250   2.2575120e-21
  66828.9765625   2.2418125e-21
  67040.1250000   2.2176738e-21
  67251.2734375   2.2913741e-21
  67462.4296875   2.2204319e-21
  67779.1484375   2.2483300e-21
  68201.4531250   2.2509681e-21
  68623.7500000   2.2038961e-21
  69046.0546875   2.2320473e-21
  69468.3515625   2.1343780e-21
  69890.6484375   2.1684681e-21
  70312.9531250   2.1186880e-21
  70735.2500000   2.0962340e-21
  71157.5546875   2.0385905e-21
  71579.8515625   2.0487238e-21
  72002.1484375   2.0041025e-21
  72424.4531250   1.9831853e-21
  72846.7500000   1.9408610e-21
  73269.0546875   1.8816135e-21
  73691.3515625   1.8791195e-21
  74113.6484375   1.8502932e-21
  74535.9531250   1.8226291e-21
  74958.2500000   1.7871423e-21
  75380.5546875   1.7696004e-21
  75802.8515625   1.7375252e-21
  76225.1484375   1.7001300e-21
  76647.4531250   1.6631815e-21
  77069.7500000   1.6436194e-21
  77492.0546875   1.6175245e-21
  77914.3515625   1.5858848e-21
  78336.6484375   1.5656494e-21
  78758.9531250   1.5255214e-21
  79181.2500000   1.4871530e-21
  79603.5546875   1.4837085e-21
  80025.8515625   1.4361439e-21
  80448.1484375   1.4435234e-21
  80870.4531250   1.4152997e-21
  81292.7500000   1.3954073e-21
  81715.0546875   1.3604848e-21
  82137.3515625   1.3212153e-21
  82559.6484375   1.3230211e-21
  82981.9531250   1.2976035e-21
  83404.2500000   1.2716462e-21
  83826.5546875   1.2546599e-21
  84248.8515625   1.2352339e-21
  84671.1484375   1.2236735e-21
  85093.4531250   1.2053518e-21
  85515.7500000   1.1749587e-21
  85938.0546875   1.1560709e-21
  86360.3515625   1.1493125e-21
  86782.6484375   1.1266780e-21
  87204.9531250   1.1065234e-21
  87627.2500000   1.0917570e-21
  88049.5546875   1.0733297e-21
  88471.8515625   1.0543470e-21
  88894.1484375   1.0456270e-21
  89316.4531250   1.0253315e-21
  89738.7500000   1.0092789e-21
  90161.0546875   1.0005975e-21
  90583.3515625   9.8391609e-22
  91005.6484375   9.6783161e-22
  91427.9531250   9.4191234e-22
  91850.2500000   9.3495532e-22
  92272.5546875   9.2371517e-22
  92694.8515625   9.1246968e-22
  93117.1484375   8.9266278e-22
  93539.4531250   8.8744817e-22
  93961.7500000   8.6761644e-22
  94384.0546875   8.5633156e-22
  94806.3515625   8.4498201e-22
  95228.6484375   8.3368032e-22
  95650.9531250   8.1808410e-22
  96073.2500000   8.1288736e-22
  96495.5546875   7.9660537e-22
  96917.8515625   6.8718297e-22
  97340.1484375   7.2731249e-22
  97762.4531250   7.2018618e-22
  98184.7500000   6.2841200e-22
  98607.0546875   6.7162885e-22
  99029.3515625   6.3749634e-22
  99451.6484375   5.7602184e-22
  99873.9531250   6.2135628e-22
 100296.2500000   5.9023987e-22
 100718.5546875   5.4719487e-22
 101140.8515625   5.8303117e-22
 101563.1484375   5.6700858e-22
 101985.4531250   5.2824984e-22
 102407.7500000   5.5540023e-22
 102830.0546875   5.3879361e-22
 103252.3515625   5.1983111e-22
 103674.6484375   5.2277542e-22
 104096.9531250   5.2544548e-22
 104519.2500000   5.1268916e-22
 104941.5546875   4.7590971e-22
 105363.8515625   4.7680303e-22
 105786.1484375   4.8922048e-22
 106208.4531250   4.6914035e-22
 106630.7500000   4.8202678e-22
 107053.0546875   4.8437811e-22
 107475.3515625   4.8277040e-22
 107897.6484375   4.7986381e-22
 108319.9531250   4.7853378e-22
 108742.2500000   4.8181509e-22
 109164.5546875   4.6583077e-22
 109586.8515625   4.6591872e-22
 110009.1484375   4.6690610e-22
 110431.4531250   4.5492909e-22
 110853.7500000   4.4691280e-22
 111276.0546875   4.5053495e-22
 111698.3515625   4.4673423e-22
 112120.6484375   4.3895679e-22
 112542.9531250   4.3139236e-22
 112965.2500000   4.3317698e-22
 113387.5546875   4.3017209e-22
 113809.8515625   4.1845688e-22
 114232.1484375   4.2021010e-22
 114654.4531250   4.1514185e-22
 115076.7500000   4.1324818e-22
 115499.0546875   4.0141875e-22
 115921.3515625   4.0213514e-22
 116343.6484375   3.9742797e-22
 116765.9531250   3.9259310e-22
 117188.2500000   3.8460788e-22
 117610.5546875   3.8469404e-22
 118032.8515625   3.8253418e-22
 118455.1484375   3.7784728e-22
 118877.4531250   3.7037012e-22
 119299.7500000   3.6870013e-22
 119722.0546875   3.6659303e-22
 120144.3515625   3.6170570e-22
 120566.6484375   3.5685061e-22
 120988.9531250   3.5278349e-22
 121411.2500000   3.4696458e-22
 121833.5546875   3.4546382e-22
 122255.8515625   3.4146050e-22
 122678.1484375   3.3733018e-22
 123100.4531250   3.3432730e-22
 123522.7500000   3.2844765e-22
 123945.0546875   3.2719651e-22
 124367.3515625   3.2175299e-22
 124789.6484375   3.1806215e-22
 125211.9531250   3.1549673e-22
 125634.2500000   3.1174342e-22
 126056.5546875   3.0736318e-22
 126478.8515625   3.0379738e-22
 126901.1484375   2.9998164e-22
 127323.4531250   2.9729164e-22
 127745.7500000   2.9322518e-22
 128168.0546875   2.8728126e-22
 128590.3515625   2.8584275e-22
 129012.6484375   2.8290284e-22
 129434.9531250   2.7971167e-22
 129857.2500000   2.7689684e-22
 130279.5546875   2.7270543e-22
 130701.8515625   2.6970152e-22
 131124.1562500   2.6757435e-22
 131546.4531250   2.6319555e-22
 131968.7500000   2.6088127e-22
 132391.0468750   2.5794078e-22
 132813.3437500   2.5499986e-22
 133235.6562500   2.5180917e-22
 133657.9531250   2.4849358e-22
 134080.2500000   2.4636699e-22
 134502.5468750   2.4336339e-22
 134924.8593750   2.4079905e-22
 135558.2968750   2.3629423e-22
 136402.9062500   2.3091440e-22
 137247.5000000   2.2565903e-22
 138092.1093750   2.2034125e-22
 138936.7031250   2.1427275e-22
 139781.2968750   2.1045639e-22
 140625.9062500   2.0582655e-22
 141470.5000000   2.0169766e-22
 142315.1093750   1.9700597e-22
 143159.7031250   1.9262634e-22
 144004.2968750   1.8818450e-22
 144848.9062500   1.8455617e-22
 145693.5000000   1.8086509e-22
 146538.1093750   1.7698570e-22
 147382.7031250   1.7335769e-22
 148227.2968750   1.6991670e-22
 149071.9062500   1.6603789e-22
 149916.5000000   1.6284731e-22
 150761.1093750   1.5940617e-22
 151605.7031250   1.5615292e-22
 152450.2968750   1.5321283e-22
 153294.9062500   1.5033467e-22
 154139.5000000   1.4670625e-22
 154984.1093750   1.4395348e-22
 155828.7031250   1.4026269e-22
 156673.2968750   1.3744721e-22
 157517.9062500   1.3500745e-22
 158362.5000000   1.3125344e-22
 159207.1093750   1.3012730e-22
 160051.7031250   1.2750015e-22
 160896.2968750   1.2512263e-22
 161740.9062500   1.2305826e-22
 162585.5000000   1.2093127e-22
 163430.1093750   1.1824077e-22
 164274.7031250   1.1611390e-22
 165119.2968750   1.1386165e-22
 165963.9062500   1.1211003e-22
 166808.5000000   1.0954505e-22
 167653.1093750   1.0760530e-22
 168497.7031250   1.0510322e-22
 169342.2968750   1.0341410e-22
 170186.9062500   1.0166236e-22
 171031.5000000   9.9410169e-23
 171876.1093750   9.8096059e-23
 172720.7031250   9.6344649e-23
 173565.2968750   9.4780483e-23
 174409.9062500   9.3153707e-23
 175254.5000000   9.1339585e-23
 176099.1093750   8.9400067e-23
 176943.7031250   8.8086253e-23
 177788.2968750   8.6397378e-23
 178632.9062500   8.5271011e-23
 179477.5000000   8.3582129e-23
 180322.1093750   8.2268152e-23
 181166.7031250   7.8139039e-23
 182011.2968750   7.4823286e-23
 182855.9062500   7.5011162e-23
 183700.5000000   7.1507723e-23
 184545.1093750   6.9630909e-23
 185389.7031250   6.8129309e-23
 186234.2968750   6.4813651e-23
 187078.9062500   6.4438154e-23
 187923.5000000   6.2874051e-23
 188768.1093750   6.0496821e-23
 189612.7031250   6.0859786e-23
 190457.2968750   5.9114264e-23
 191301.9062500   5.7337415e-23
 192146.5000000   5.7325083e-23
 192991.1093750   5.6286513e-23
 193835.7031250   5.4315806e-23
 194680.2968750   5.4653678e-23
 195524.9062500   5.3289851e-23
 196369.5000000   5.2376360e-23
 197214.1093750   5.1913298e-23
 198058.7031250   5.1106379e-23
 198903.2968750   5.0117933e-23
 199747.9062500   5.0136645e-23
 200592.5000000   4.9060613e-23
 201437.1093750   4.8403783e-23
 202281.7031250   4.7627982e-23
 203126.2968750   4.6614387e-23
 203970.9062500   4.6733278e-23
 204815.5000000   4.5801239e-23
 205660.1093750   4.4894099e-23
 206504.7031250   4.4456171e-23
 207349.2968750   4.3661492e-23
 208193.9062500   4.3092275e-23
 209038.5000000   4.2341497e-23
 209883.1093750   4.2147617e-23
 210727.7031250   4.1321733e-23
 211572.2968750   4.0996360e-23
 212416.9062500   4.0420857e-23
 213261.5000000   3.9532508e-23
 214106.1093750   3.9163388e-23
 214950.7031250   3.8637877e-23
 215795.2968750   3.7999739e-23
 216639.9062500   3.7336537e-23
 217484.5000000   3.6923648e-23
 218329.1093750   3.6829877e-23
 219173.7031250   3.6166758e-23
 220018.2968750   3.5628682e-23
 220862.9062500   3.5140727e-23
 221707.5000000   3.4840449e-23
 222552.1093750   3.4721609e-23
 223396.7031250   3.3845651e-23
 224241.2968750   3.3295140e-23
 225085.9062500   3.3076231e-23
 225930.5000000   3.2644440e-23
 226775.1093750   3.2212769e-23
 227619.7031250   3.1875014e-23
 228464.2968750   3.1480883e-23
 229308.9062500   3.0936616e-23
 230153.5000000   3.0773868e-23
 230998.1093750   3.0179597e-23
 231842.7031250   2.9979460e-23
 232687.2968750   2.9410088e-23
 233531.9062500   2.9528903e-23
 234376.5000000   2.8771938e-23
 235221.1093750   2.8646862e-23
 236065.7031250   2.8152581e-23
 236910.2968750   2.8021210e-23
 237754.9062500   2.7439454e-23
 238599.5000000   2.7308052e-23
 239444.1093750   2.6932633e-23
 240288.7031250   2.6407089e-23
 241133.2968750   2.6307077e-23
 241977.9062500   2.6012960e-23
 242822.5000000   2.5656355e-23
 243667.1093750   2.5343567e-23
 244511.7031250   2.5137162e-23
 245356.2968750   2.4786794e-23
 246200.9062500   2.4505262e-23
 247045.5000000   2.4211291e-23
 247890.1093750   2.3823344e-23
 248734.7031250   2.3573141e-23
 249579.2968750   2.3197763e-23
 250423.9062500   2.3085153e-23
 251268.5000000   2.2728522e-23
 252113.1093750   2.2572147e-23
 252957.7031250   2.2309398e-23
 253802.2968750   2.2040318e-23
 254646.9062500   2.1771329e-23
 255491.5000000   2.1452321e-23
 256336.1093750   2.1220776e-23
 257180.7031250   2.0945499e-23
 258025.2968750   2.0695323e-23
 258869.9062500   2.0501368e-23
 259714.5000000   2.0294876e-23
 260559.1093750   2.0119691e-23
 261403.7031250   1.9850675e-23
 262248.3125000   1.9669300e-23
 263092.9062500   1.9381520e-23
 263937.5000000   1.9112467e-23
 264782.0937500   1.8899784e-23
 265626.6875000   1.8699566e-23
 266471.3125000   1.8480597e-23
 267315.9062500   1.8336690e-23
 268160.5000000   1.8092706e-23
 269005.0937500   1.7955131e-23
 269849.7187500   1.7692353e-23
 271116.5937500   1.7417042e-23
 272805.8125000   1.6997939e-23
 274495.0000000   1.6628820e-23
 276184.2187500   1.6253435e-23
 277873.4062500   1.5915575e-23
 279562.5937500   1.5552735e-23
 281251.8125000   1.5214934e-23
 282941.0000000   1.4889567e-23
 284630.2187500   1.4545521e-23
 286319.4062500   1.4238972e-23
 288008.5937500   1.3926156e-23
 289697.8125000   1.3638350e-23
 291387.0000000   1.3331819e-23
 293076.2187500   1.3050275e-23
 294765.4062500   1.2775015e-23
 296454.5937500   1.2499738e-23
 298143.8125000   1.2243240e-23
 299833.0000000   1.1974216e-23
 301522.2187500   1.1736487e-23
 303211.4062500   1.1486263e-23
 304900.5937500   1.1248536e-23
 306589.8125000   1.1010794e-23
 308279.0000000   1.0785559e-23
 309968.2187500   1.0560339e-23
 311657.4062500   1.0347635e-23
 313346.5937500   1.0122441e-23
 315035.8125000   9.8971925e-24
 316725.0000000   9.6907358e-24
 318414.2187500   9.5218572e-24
 320103.4062500   9.3404018e-24
 321792.5937500   9.1589843e-24
 323481.8125000   8.9775416e-24
 325171.0000000   8.7961391e-24
 326860.2187500   8.6209378e-24
 328549.4062500   8.4520474e-24
 330238.5937500   8.2893772e-24
 331927.8125000   8.1267322e-24
 333617.0000000   7.9703232e-24
 335306.2187500   7.8139039e-24
 336995.4062500   7.6700141e-24
 338684.5937500   7.5198844e-24
 340373.8125000   7.3759970e-24
 342063.0000000   7.2383589e-24
 343752.2187500   7.1007011e-24
 345441.4062500   6.9693321e-24
 347130.5937500   6.8379607e-24
 348819.8125000   6.7128387e-24
 350509.0000000   6.5877202e-24
 352198.2187500   6.4625769e-24
 353887.4062500   6.3437110e-24
 355576.5937500   6.2323660e-24
 357265.8125000   6.1184860e-24
 358955.0000000   6.0077690e-24
 360644.2187500   5.9001696e-24
 362333.4062500   5.7938102e-24
 364022.5937500   5.6918421e-24
 365711.8125000   5.5911037e-24
 367401.0000000   5.4922693e-24
 369090.2187500   5.3953002e-24
 370779.4062500   5.3008112e-24
 372468.5937500   5.2063538e-24
 374157.8125000   5.1156458e-24
 375847.0000000   5.0274232e-24
 377536.2187500   4.9423500e-24
 379225.4062500   4.8547703e-24
 380914.5937500   4.7746729e-24
 382603.8125000   4.6939796e-24
 384293.0000000   4.6107812e-24
 385982.2187500   4.5344506e-24
 387671.4062500   4.4606175e-24
 389360.5937500   4.3867924e-24
 391049.8125000   4.3129763e-24
 392739.0000000   4.2422841e-24
 394428.2187500   4.1709731e-24
 396117.4062500   4.1034004e-24
 397806.5937500   4.0358246e-24
 399495.8125000   3.9688902e-24
 401185.0000000   3.9050717e-24
 402874.2187500   3.8418922e-24
 404563.4062500   3.7805808e-24
 406252.5937500   3.7192678e-24
 407941.8125000   3.6604605e-24
 409631.0000000   3.6022820e-24
 411320.2187500   3.5416044e-24
 413009.4062500   3.4877958e-24
 414698.5937500   3.4333719e-24
 416387.8125000   3.3801830e-24
 418077.0000000   3.3276425e-24
 419766.2187500   3.2750848e-24
 421455.4062500   3.2250421e-24
 423144.5937500   3.1749831e-24
 844600.0000000   2.1064408e-25
1689200.0000000   1.3419404e-26
2533800.0000000   2.6551057e-27
3378400.0000000   8.3894731e-28
4223000.0000000   3.4283544e-28
5067600.0000000   1.6491146e-28
5912200.0000000   8.8774447e-29
6756800.0000000   5.1938382e-29
