    354.6270142   6.8190320e-24
    366.3179932   7.8024434e-24
    374.1119995   8.3440855e-24
    381.9060059   4.6751507e-23
    389.7000122   1.2936876e-22
    397.4940186   1.4039445e-22
    405.2879944   1.3331280e-22
    413.0820007   1.3552120e-22
    420.8760071   1.3829115e-22
    428.6700134   1.5797660e-22
    444.2579956   1.6390191e-22
    459.8460083   1.5916888e-22
    471.5370178   2.0159034e-22
    487.1250000   2.0930400e-22
    494.9190063   2.1386173e-22
    498.8160095   2.1719166e-22
    510.5070190   2.0947873e-22
    514.4039917   2.1684092e-22
    522.1979980   2.0702487e-22
    533.8890381   2.3033888e-22
    545.5800171   2.3086553e-22
    557.2709961   2.9169259e-22
    572.8590088   3.6286370e-22
    588.4470215   3.2482379e-22
    604.0350342   3.6654443e-22
    619.6229858   3.6812221e-22
    631.3140259   3.6864803e-22
    646.9020386   3.7092654e-22
    662.4899902   3.7057646e-22
    674.1810303   3.0466427e-22
    689.7690430   3.7338142e-22
    701.4600220   3.7390656e-22
    709.2540283   3.7390656e-22
    724.8420410   3.7460841e-22
    744.3270264   3.7495902e-22
    756.0180054   3.7723677e-22
    771.6060181   3.7618618e-22
    787.1940308   3.7758818e-22
    798.8850098   3.7723677e-22
    818.3699951   3.6566813e-22
    841.7520142   3.7688735e-22
    857.3400269   3.7811423e-22
    869.0310059   3.7373089e-22
    884.6190186   3.7916520e-22
    896.3099976   4.7487791e-22
    911.8980103   7.0995098e-22
    935.2800293   7.3166584e-22
    958.6620483   6.4836657e-22
    982.0440063   6.3648590e-22
   1001.5289917   5.6285975e-22
   1013.2200317   5.7680353e-22
   1028.8079834   7.0006167e-22
   1048.2929688   6.9027975e-22
   1067.7780762   6.7364894e-22
   1087.2630615   5.5961601e-22
   1106.7480469   6.3796911e-22
   1130.1300049   6.3181811e-22
   1153.5119629   5.5604405e-22
   1172.9970703   4.8991670e-22
   1200.2760010   5.0068827e-22
   1239.2459717   4.5658805e-22
   1278.2160645   4.3910295e-22
   1317.1860352   3.8700511e-22
   1356.1560059   3.4189840e-22
   1391.2290039   4.3148864e-22
   1426.3020020   6.1818740e-22
   1461.3750000   5.7376411e-22
   1500.3449707   4.2757806e-22
   1539.3150635   5.9752929e-22
   1578.2850342   6.9712549e-22
   1613.3580322   6.5752569e-22
   1644.5340576   5.6974145e-22
   1675.7100830   5.2047493e-22
   1718.5770264   5.7359528e-22
   1757.5469971   5.5624675e-22
   1792.6199951   4.6798551e-22
   1831.5900879   4.5540049e-22
   1870.5600586   4.9027188e-22
   1909.5300293   3.9781008e-22
   1948.5000000   4.7291320e-22
   1971.8820801   3.9795511e-22
   1995.2640381   6.1473823e-22
   2026.4400635   5.6869652e-22
   2065.4101562   5.0868972e-22
   2104.3801270   4.0643156e-22
   2143.3500977   3.8418382e-22
   2182.3200684   4.9412606e-22
   2221.2900391   5.4269268e-22
   2260.2600098   5.2174967e-22
   2299.2299805   5.2380455e-22
   2338.1999512   4.3450080e-22
   2377.1701660   4.1903582e-22
   2416.1401367   5.3064671e-22
   2455.1101074   4.9949789e-22
   2494.0800781   5.5364626e-22
   2533.0500488   5.3671249e-22
   2564.2260742   4.9653859e-22
   2591.5051270   5.6735937e-22
   2630.4750977   6.0816445e-22
   2669.4450684   5.3228992e-22
   2708.4150391   6.3657253e-22
   2747.3850098   5.3000856e-22
   2790.2519531   7.0877958e-22
   2829.2221680   7.4763117e-22
   2864.2951660   7.8401596e-22
   2903.2651367   7.9776006e-22
   2942.2351074   8.3967279e-22
   2981.2050781   8.0263439e-22
   3020.1750488   9.6084702e-22
   3059.1450195   9.4797887e-22
   3098.1149902   1.1071738e-21
   3137.0849609   1.2673576e-21
   3176.0551758   1.4663977e-21
   3215.0251465   1.7272299e-21
   3253.9951172   1.5996428e-21
   3292.9650879   2.3176969e-21
   3331.9350586   2.6897030e-21
   3370.9050293   3.3167265e-21
   3409.8750000   3.9911032e-21
   3448.8449707   4.8244570e-21
   3487.8151855   5.8776381e-21
   3526.7851562   7.0518407e-21
   3565.7551270   8.4296126e-21
   3604.7250977   2.8164430e-20
   3643.6950684   5.1585077e-20
   3682.6650391   7.5881872e-20
   3721.6350098   9.9150217e-20
   3760.6049805   1.0914541e-19
   3799.5749512   5.0935814e-20
   3838.5451660   1.0269033e-19
   3877.5151367   1.0220261e-19
   3916.4851074   1.3095334e-19
   3955.4550781   1.3838411e-19
   3994.4250488   1.0047977e-19
   4033.3950195   1.5545143e-19
   4072.3649902   2.1549660e-19
   4111.3349609   2.1111718e-19
   4150.3051758   1.8176317e-19
   4189.2749023   2.0294414e-19
   4228.2451172   1.8111374e-19
   4267.2148438   2.1470779e-19
   4306.1850586   2.0643201e-19
   4345.1552734   2.0398337e-19
   4384.1250000   1.8117021e-19
   4423.0952148   2.1862813e-19
   4462.0649414   2.1027880e-19
   4501.0351562   2.1348355e-19
   4540.0048828   2.1240151e-19
   4578.9750977   1.4515133e-19
   4617.9453125   2.0766139e-19
   4656.9150391   1.8293319e-19
   4695.8852539   1.5647820e-19
   4734.8549805   1.2964063e-19
   4773.8251953   2.7155187e-19
   4812.7949219   3.2510351e-19
   4851.7651367   3.3547574e-19
   4890.7348633   3.3027430e-19
   4929.7050781   3.2613459e-19
   4968.6752930   3.7498041e-19
   5007.6450195   3.8525335e-19
   5046.6152344   3.3566291e-19
   5085.5849609   3.4503895e-19
   5124.5551758   3.9471927e-19
   5163.5249023   3.8113691e-19
   5202.4951172   3.6403691e-19
   5241.4653320   3.9655067e-19
   5280.4350586   3.9227906e-19
   5319.4052734   3.7012915e-19
   5358.3750000   3.7127043e-19
   5397.3452148   3.7108946e-19
   5436.3149414   2.8196982e-19
   5475.2851562   2.7966354e-19
   5514.2548828   3.5875009e-19
   5553.2250977   3.5210215e-19
   5592.1953125   3.7039261e-19
   5619.4741211   3.7766614e-19
   5638.9589844   3.7816405e-19
   5670.1352539   3.6927674e-19
   5709.1049805   3.5375441e-19
   5748.0751953   3.6309804e-19
   5787.0449219   3.6940811e-19
   5826.0151367   3.6913568e-19
   5864.9853516   3.5141003e-19
   5892.2641602   3.2510209e-19
   5911.7490234   3.3667424e-19
   5942.9252930   3.3722471e-19
   5981.8950195   2.9311936e-19
   6020.8652344   2.6629394e-19
   6059.8349609   2.6627407e-19
   6098.8051758   2.9648428e-19
   6137.7749023   3.1471593e-19
   6176.7451172   3.2096518e-19
   6215.7153320   3.2266405e-19
   6254.6850586   3.1846725e-19
   6293.6552734   3.1522359e-19
   6332.6250000   3.1219257e-19
   6371.5952148   3.2877785e-19
   6410.5649414   3.3081576e-19
   6449.5351562   3.2709423e-19
   6488.5048828   3.3910494e-19
   6515.7841797   3.1809680e-19
   6535.2690430   3.5328711e-19
   6566.4453125   3.5024215e-19
   6605.4150391   3.3571893e-19
   6644.3852539   3.2882117e-19
   6683.3549805   3.1228857e-19
   6722.3251953   3.0784659e-19
   6761.2949219   3.2369307e-19
   6800.2651367   3.1803533e-19
   6839.2353516   3.2459562e-19
   6878.2050781   3.1579171e-19
   6917.1752930   3.0875509e-19
   6956.1450195   3.1743808e-19
   6995.1152344   3.2572951e-19
   7034.0849609   3.2890063e-19
   7073.0551758   3.0440611e-19
   7112.0249023   3.1267145e-19
   7150.9951172   3.0648673e-19
   7189.9653320   2.8683473e-19
   7228.9350586   2.8661183e-19
   7267.9052734   2.9086746e-19
   7306.8750000   3.0332915e-19
   7345.8452148   2.7865696e-19
   7384.8149414   2.6584639e-19
   7423.7851562   2.8386466e-19
   7462.7553711   2.6941244e-19
   7501.7250977   2.5853372e-19
   7540.6953125   2.7385497e-19
   7579.6650391   2.7886143e-19
   7618.6352539   2.5567473e-19
   7665.3989258   2.7586243e-19
   7700.4721680   2.8436624e-19
   7731.6479492   2.6983161e-19
   7774.5151367   2.6438515e-19
   7813.4853516   2.7360852e-19
   7852.4550781   2.6897618e-19
   7891.4252930   2.7769549e-19
   7930.3950195   2.5933885e-19
   7969.3652344   2.6397905e-19
   8008.3349609   2.3729553e-19
   8047.3051758   2.4766100e-19
   8082.3779297   2.7170456e-19
   8097.9663086   2.5241685e-19
   8125.2451172   2.6189699e-19
   8164.2153320   2.4952904e-19
   8203.1855469   2.5544351e-19
   8242.1552734   2.5798024e-19
   8281.1250000   2.5902471e-19
   8320.0947266   2.5298619e-19
   8359.0654297   2.4688234e-19
   8398.0351562   2.5507355e-19
   8437.0048828   2.5082885e-19
   8475.9755859   2.5069668e-19
   8514.9453125   2.4393784e-19
   8553.9150391   2.5062513e-19
   8592.8847656   2.4814330e-19
   8631.8554688   2.4251710e-19
   8670.8251953   2.3838187e-19
   8709.7949219   2.4147873e-19
   8748.7656250   2.4012296e-19
   8787.7353516   2.3421423e-19
   8826.7050781   2.3894578e-19
   8865.6748047   2.3996796e-19
   8904.6455078   2.4048495e-19
   8943.6152344   2.2795482e-19
   8982.5849609   2.3273156e-19
   9021.5546875   2.2734793e-19
   9060.5253906   1.9934790e-19
   9099.4951172   2.2019209e-19
   9138.4648438   2.2014373e-19
   9177.4355469   2.2147714e-19
   9216.4052734   2.1664959e-19
   9255.3750000   2.1489929e-19
   9294.3447266   2.0870920e-19
   9333.3154297   2.1267315e-19
   9372.2851562   2.0777725e-19
   9411.2548828   2.0807403e-19
   9450.2255859   2.0963519e-19
   9489.1953125   2.0344746e-19
   9528.1650391   2.0655261e-19
   9567.1347656   2.0462850e-19
   9606.1054688   2.0237272e-19
   9645.0751953   1.9881108e-19
   9684.0449219   1.9848915e-19
   9723.0156250   1.7150900e-19
   9761.9853516   1.9505409e-19
   9793.1611328   1.8582642e-19
   9812.6464844   1.9322606e-19
   9839.9248047   1.9034465e-19
   9878.8955078   1.9009319e-19
   9917.8652344   1.8589499e-19
   9956.8349609   1.8888981e-19
   9995.8056641   1.8722394e-19
  10034.7753906   1.8963707e-19
  10073.7451172   1.8811492e-19
  10112.7148438   1.8653207e-19
  10151.6855469   1.8413582e-19
  10190.6552734   1.8212195e-19
  10229.6250000   1.8258564e-19
  10268.5947266   1.8247823e-19
  10307.5654297   1.8429359e-19
  10346.5351562   1.8376015e-19
  10385.5048828   1.7742760e-19
  10424.4755859   1.7884834e-19
  10463.4453125   1.7847484e-19
  10502.4150391   1.7414734e-19
  10541.3847656   1.7345351e-19
  10580.3554688   1.7165519e-19
  10619.3251953   1.7146531e-19
  10658.2949219   1.7164086e-19
  10697.2656250   1.6619315e-19
  10736.2353516   1.6566700e-19
  10775.2050781   1.6567938e-19
  10814.1748047   1.6758280e-19
  10853.1455078   1.6536533e-19
  10892.1152344   1.5578769e-19
  10931.0849609   1.5909410e-19
  10970.0556641   1.6268704e-19
  11009.0253906   1.6114466e-19
  11047.9951172   1.5549856e-19
  11086.9648438   1.5541798e-19
  11125.9355469   1.5410754e-19
  11164.9052734   1.5528562e-19
  11203.8750000   1.5335945e-19
  11242.8447266   1.5256005e-19
  11281.8154297   1.5085242e-19
  11340.2705078   1.5075109e-19
  11418.2099609   1.4883802e-19
  11496.1503906   1.4605489e-19
  11574.0898438   1.4528399e-19
  11652.0302734   1.4345793e-19
  11729.9707031   1.4139255e-19
  11807.9101562   1.4087621e-19
  11885.8505859   1.3941749e-19
  11963.7900391   1.3786787e-19
  12041.7304688   1.3548192e-19
  12119.6699219   1.3426467e-19
  12197.6103516   1.3195499e-19
  12275.5498047   1.3070167e-19
  12353.4902344   1.2818222e-19
  12431.4306641   1.2530564e-19
  12509.3701172   1.2418036e-19
  12587.3105469   1.2215891e-19
  12665.2500000   1.2083242e-19
  12743.1904297   1.1867926e-19
  12821.1298828   1.1693978e-19
  12899.0703125   1.1520963e-19
  12977.0097656   1.1298036e-19
  13054.9501953   1.1078694e-19
  13132.8906250   1.0890360e-19
  13210.8300781   1.0739936e-19
  13288.7705078   1.0585032e-19
  13366.7099609   1.0338360e-19
  13444.6503906   1.0172659e-19
  13522.5898438   1.0049389e-19
  13600.5302734   9.8937070e-20
  13678.4707031   9.7705566e-20
  13756.4101562   9.6289575e-20
  13834.3505859   9.4970409e-20
  13912.2900391   9.3204779e-20
  13990.2304688   9.1177191e-20
  14068.1699219   8.9983370e-20
  14146.1103516   8.8963669e-20
  14185.0800781   8.8501876e-20
  14224.0498047   8.8315114e-20
  14301.9902344   8.6724246e-20
  14379.9306641   8.3208838e-20
  14457.8701172   8.4727044e-20
  14535.8105469   8.3885821e-20
  14613.7500000   9.1891947e-20
  14691.6904297   9.2067264e-20
  14769.6298828   9.7673816e-20
  14847.5703125   1.0318355e-19
  14925.5107422   9.0554240e-20
  15003.4501953   1.0440384e-19
  15081.3906250   1.0582987e-19
  15159.3300781   8.5840565e-20
  15237.2705078   1.0537489e-19
  15315.2099609   1.0061800e-19
  15393.1503906   1.0158596e-19
  15471.0898438   7.9485388e-20
  15549.0302734   1.0028800e-19
  15626.9707031   1.0189740e-19
  15704.9101562   9.9111036e-20
  15782.8505859   9.9953377e-20
  15860.7900391   9.6784778e-20
  15938.7304688   9.0692354e-20
  16016.6699219   8.0085268e-20
  16094.6103516   9.2891749e-20
  16172.5507812   9.3495456e-20
  16250.4902344   9.2883193e-20
  16328.4306641   9.2329254e-20
  16406.3710938   9.1734291e-20
  16484.3105469   9.0510510e-20
  16562.2500000   8.9457722e-20
  16640.1894531   8.7114752e-20
  16718.1308594   8.6834771e-20
  16796.0703125   8.4055464e-20
  16874.0097656   7.7982640e-20
  16951.9511719   7.1649758e-20
  17029.8906250   8.2941045e-20
  17107.8300781   8.1618493e-20
  17185.7695312   8.1729328e-20
  17263.7109375   8.1429811e-20
  17341.6503906   8.1008899e-20
  17419.5898438   7.8936088e-20
  17497.5312500   7.9512963e-20
  17575.4707031   8.0165505e-20
  17653.4101562   7.8061448e-20
  17731.3496094   7.7192107e-20
  17809.2910156   7.7643289e-20
  17887.2304688   7.6038668e-20
  17965.1699219   7.5606764e-20
  18043.1093750   7.4212215e-20
  18121.0507812   7.3270450e-20
  18198.9902344   7.3431524e-20
  18276.9296875   7.2439185e-20
  18354.8710938   7.0629366e-20
  18432.8105469   7.1281598e-20
  18510.7500000   7.1004764e-20
  18588.6894531   7.0724666e-20
  18666.6308594   6.9703059e-20
  18744.5703125   6.8518737e-20
  18822.5097656   6.7796744e-20
  18900.4511719   6.2613049e-20
  18978.3906250   5.5842278e-20
  19056.3300781   6.5481679e-20
  19134.2695312   6.5408674e-20
  19212.2109375   6.3875417e-20
  19290.1503906   6.4545162e-20
  19368.0898438   6.3752658e-20
  19446.0312500   6.2203562e-20
  19523.9707031   5.9973509e-20
  19601.9101562   6.1031570e-20
  19679.8496094   6.0102711e-20
  19757.7910156   6.0802822e-20
  19835.7304688   5.9588094e-20
  19913.6699219   5.9247031e-20
  19991.6113281   5.8063122e-20
  20069.5507812   5.7114191e-20
  20147.4902344   5.5920324e-20
  20225.4296875   5.5727869e-20
  20303.3710938   5.5493647e-20
  20381.3105469   5.5661824e-20
  20459.2500000   5.5748186e-20
  20537.1894531   5.4011042e-20
  20615.1308594   5.5148157e-20
  20693.0703125   5.5109907e-20
  20771.0097656   5.3482771e-20
  20848.9511719   5.4051620e-20
  20926.8906250   5.3722421e-20
  21004.8300781   5.2819835e-20
  21082.7695312   5.2158927e-20
  21160.7109375   5.1864716e-20
  21238.6503906   5.1815311e-20
  21316.5898438   5.0818952e-20
  21394.5312500   5.0437183e-20
  21472.4707031   5.0011912e-20
  21550.4101562   5.0080707e-20
  21628.3496094   5.0024433e-20
  21706.2910156   4.9512534e-20
  21784.2304688   4.8666567e-20
  21862.1699219   4.8689657e-20
  21940.1113281   4.8005314e-20
  22018.0507812   4.7693457e-20
  22095.9902344   4.7130008e-20
  22173.9296875   4.7315419e-20
  22251.8710938   4.6665556e-20
  22329.8105469   4.7477159e-20
  22407.7500000   4.6364036e-20
  22485.6894531   4.6379513e-20
  22563.6308594   4.5471101e-20
  22641.5703125   4.5820717e-20
  22719.5097656   4.5918421e-20
  22797.4511719   4.5088691e-20
  22875.3906250   4.4129914e-20
  22953.3300781   4.2915083e-20
  23031.2695312   4.3768970e-20
  23109.2109375   4.3566068e-20
  23187.1503906   4.3192473e-20
  23265.0898438   4.3369438e-20
  23343.0312500   4.2654089e-20
  23420.9707031   4.2409020e-20
  23498.9101562   4.2622627e-20
  23576.8496094   4.2627680e-20
  23654.7910156   4.2503926e-20
  23732.7304688   4.1627893e-20
  23810.6699219   4.1463860e-20
  23888.6113281   4.0416920e-20
  23966.5507812   4.0160359e-20
  24044.4902344   3.9379465e-20
  24122.4296875   3.9644618e-20
  24200.3710938   3.9170236e-20
  24278.3105469   3.8324683e-20
  24356.2500000   3.7519785e-20
  24434.1914062   3.8270358e-20
  24512.1308594   3.8551059e-20
  24590.0703125   3.7998202e-20
  24668.0097656   3.8244314e-20
  24745.9511719   3.7866929e-20
  24823.8906250   3.7683605e-20
  24901.8300781   3.7898705e-20
  24979.7695312   3.7549457e-20
  25057.7109375   3.7499031e-20
  25135.6503906   3.7309297e-20
  25213.5898438   3.7192648e-20
  25291.5312500   3.6508883e-20
  25369.4707031   3.6779255e-20
  25447.4101562   3.6420963e-20
  25525.3496094   3.5116935e-20
  25603.2910156   3.1941554e-20
  25681.2304688   3.5563464e-20
  25759.1699219   3.5859259e-20
  25837.1113281   3.5540981e-20
  25915.0507812   3.5199853e-20
  25992.9902344   3.4479964e-20
  26070.9296875   3.4568056e-20
  26148.8710938   3.3867779e-20
  26226.8105469   3.4056460e-20
  26304.7500000   3.3583543e-20
  26382.6914062   3.3621764e-20
  26460.6308594   3.3235503e-20
  26538.5703125   3.3317346e-20
  26616.5097656   3.3359367e-20
  26694.4511719   3.2962511e-20
  26772.3906250   3.3136833e-20
  26850.3300781   3.3369038e-20
  26928.2714844   3.3237112e-20
  27006.2109375   3.2904799e-20
  27084.1503906   3.2575953e-20
  27162.0898438   3.2714163e-20
  27240.0312500   3.2482520e-20
  27317.9707031   3.2112027e-20
  27395.9101562   3.2155919e-20
  27473.8496094   3.1886892e-20
  27551.7910156   3.0901826e-20
  27629.7304688   3.0331185e-20
  27707.6699219   2.9387727e-20
  27785.6113281   2.8913281e-20
  27863.5507812   2.9007783e-20
  27941.4902344   2.9120108e-20
  28019.4296875   2.8918105e-20
  28097.3710938   2.9412520e-20
  28175.3105469   2.9574560e-20
  28253.2500000   2.9768204e-20
  28331.1914062   2.9750168e-20
  28409.1308594   2.9461517e-20
  28487.0703125   2.9907762e-20
  28565.0097656   2.9875993e-20
  28642.9511719   2.9938778e-20
  28720.8906250   3.0318266e-20
  28798.8300781   2.9910389e-20
  28876.7714844   2.9805486e-20
  28954.7109375   2.9872319e-20
  29032.6503906   2.9834954e-20
  29110.5898438   2.9751997e-20
  29188.5312500   2.9577937e-20
  29266.4707031   2.9717129e-20
  29344.4101562   2.9851863e-20
  29422.3496094   2.9850157e-20
  29500.2910156   2.9624999e-20
  29578.2304688   2.9262671e-20
  29656.1699219   2.9000012e-20
  29734.1113281   2.8777979e-20
  29812.0507812   2.8496259e-20
  29889.9902344   2.7816178e-20
  29967.9296875   2.8063799e-20
  30045.8710938   2.7698172e-20
  30123.8105469   2.7615942e-20
  30201.7500000   2.7473919e-20
  30279.6914062   2.7501445e-20
  30357.6308594   2.7625283e-20
  30435.5703125   2.7560811e-20
  30513.5097656   2.7468490e-20
  30591.4511719   2.7095503e-20
  30669.3906250   2.7076231e-20
  30747.3300781   2.6393732e-20
  30825.2714844   2.6009738e-20
  30903.2109375   2.6090968e-20
  30981.1503906   2.5853713e-20
  31059.0898438   2.6313407e-20
  31137.0312500   2.6219047e-20
  31214.9707031   2.6374150e-20
  31292.9101562   2.6307400e-20
  31370.8515625   2.6143273e-20
  31448.7910156   2.5937075e-20
  31526.7304688   2.5526631e-20
  31604.6699219   2.5384650e-20
  31682.6113281   2.5646082e-20
  31760.5507812   2.5596682e-20
  31838.4902344   2.5626041e-20
  31916.4296875   2.5311399e-20
  31994.3710938   2.5154480e-20
  32072.3105469   2.5276518e-20
  32150.2500000   2.5268193e-20
  32228.1914062   2.5334421e-20
  32306.1308594   2.5116174e-20
  32384.0703125   2.4487060e-20
  32462.0097656   2.4478029e-20
  32539.9511719   2.4398712e-20
  32617.8906250   2.4445585e-20
  32695.8300781   2.4108879e-20
  32773.7695312   2.4482973e-20
  32851.7109375   2.4075547e-20
  32929.6523438   2.3901925e-20
  33007.5898438   2.3751344e-20
  33085.5312500   2.4116397e-20
  33163.4687500   2.3017911e-20
  33241.4101562   2.4016515e-20
  33319.3515625   2.2296645e-20
  33397.2890625   2.4470827e-20
  33475.2304688   2.3656713e-20
  33553.1718750   2.3655467e-20
  33631.1093750   2.4562781e-20
  33709.0507812   2.4171111e-20
  33786.9921875   2.1964542e-20
  33864.9296875   2.3867098e-20
  33942.8710938   2.4427125e-20
  34020.8125000   2.4185233e-20
  34098.7500000   2.2823831e-20
  34176.6914062   2.3974677e-20
  34254.6289062   2.4303957e-20
  34332.5703125   2.3957309e-20
  34410.5117188   2.3979203e-20
  34488.4492188   2.3575089e-20
  34566.3906250   2.2402949e-20
  34644.3320312   2.3760526e-20
  34722.2695312   2.4057369e-20
  34800.2109375   2.3661597e-20
  34878.1523438   2.3654635e-20
  34956.0898438   2.3600159e-20
  35034.0312500   2.3350761e-20
  35111.9687500   2.1950462e-20
  35189.9101562   2.2770066e-20
  35267.8515625   2.3666586e-20
  35345.7890625   2.3364096e-20
  35423.7304688   2.2780168e-20
  35501.6718750   2.2839072e-20
  35579.6093750   2.3093450e-20
  35657.5507812   2.2899636e-20
  35735.4921875   2.2600597e-20
  35813.4296875   2.2468277e-20
  35891.3710938   2.1595230e-20
  35969.3125000   2.0506213e-20
  36047.2500000   2.1343386e-20
  36125.1914062   2.1736344e-20
  36203.1289062   2.1808917e-20
  36281.0703125   2.1905392e-20
  36359.0117188   2.1771979e-20
  36436.9492188   2.1734337e-20
  36514.8906250   2.1471155e-20
  36592.8320312   2.1567460e-20
  36670.7695312   2.1107084e-20
  36748.7109375   2.1467479e-20
  36826.6523438   2.1136209e-20
  36904.5898438   2.1314160e-20
  36982.5312500   2.1285351e-20
  37060.4726562   2.0996781e-20
  37138.4101562   2.0804113e-20
  37216.3515625   1.9638555e-20
  37294.2890625   2.0586886e-20
  37372.2304688   2.1025018e-20
  37450.1718750   2.0803016e-20
  37528.1093750   2.0783293e-20
  37606.0507812   2.0613937e-20
  37683.9921875   2.0497481e-20
  37761.9296875   2.0661157e-20
  37839.8710938   2.0549398e-20
  37917.8125000   2.0471302e-20
  37995.7500000   2.0325453e-20
  38073.6914062   2.0334203e-20
  38151.6289062   2.0091330e-20
  38229.5703125   2.0390545e-20
  38307.5117188   2.0229720e-20
  38385.4492188   2.0306181e-20
  38463.3906250   2.0174266e-20
  38541.3320312   2.0090537e-20
  38619.2695312   1.9992308e-20
  38697.2109375   2.0020160e-20
  38775.1523438   1.9975106e-20
  38853.0898438   1.9949417e-20
  38931.0312500   1.9821561e-20
  39067.4257812   1.9410297e-20
  39262.2773438   1.9013995e-20
  39457.1250000   1.9358025e-20
  39651.9765625   1.9165658e-20
  39846.8242188   1.9099949e-20
  40041.6757812   1.9023516e-20
  40236.5273438   1.8716558e-20
  40431.3750000   1.8541312e-20
  40626.2265625   1.8487645e-20
  40821.0742188   1.8272362e-20
  41015.9257812   1.8183821e-20
  41210.7773438   1.7966948e-20
  41405.6250000   1.7832597e-20
  41600.4765625   1.7500605e-20
  41795.3242188   1.7430421e-20
  41990.1757812   1.7259710e-20
  42185.0273438   1.6901227e-20
  42379.8750000   1.6616323e-20
  42574.7265625   1.5992705e-20
  42769.5742188   1.5874443e-20
  42964.4257812   1.5760931e-20
  43159.2773438   1.5607326e-20
  43354.1250000   1.5517517e-20
  43548.9765625   1.5417524e-20
  43743.8242188   1.5342278e-20
  43938.6757812   1.5187015e-20
  44133.5273438   1.5116412e-20
  44328.3750000   1.5040588e-20
  44523.2265625   1.4933368e-20
  44718.0742188   1.5002654e-20
  44912.9257812   1.4940321e-20
  45107.7773438   1.4783671e-20
  45302.6250000   1.4615435e-20
  45497.4765625   1.4557587e-20
  45692.3242188   1.4605425e-20
  45887.1757812   1.4421408e-20
  46082.0273438   1.4317784e-20
  46276.8750000   1.4107930e-20
  46471.7265625   1.4236334e-20
  46666.5742188   1.3853492e-20
  46861.4257812   1.3986335e-20
  47056.2773438   1.3831180e-20
  47251.1250000   1.3765854e-20
  47445.9765625   1.3741027e-20
  47640.8242188   1.3625886e-20
  47835.6757812   1.3524650e-20
  48030.5273438   1.3397781e-20
  48225.3750000   1.3336902e-20
  48420.2265625   1.3214812e-20
  48615.0742188   1.3143502e-20
  48809.9257812   1.2990394e-20
  49004.7773438   1.2934093e-20
  49199.6250000   1.2851592e-20
  49394.4765625   1.2717849e-20
  49589.3242188   1.2681093e-20
  49784.1757812   1.2608456e-20
  49979.0273438   1.2089825e-20
  50173.8750000   1.2370461e-20
  50368.7265625   1.2235328e-20
  50563.5742188   1.2285350e-20
  50758.4257812   1.2134508e-20
  50953.2773438   1.2148532e-20
  51148.1250000   1.1971629e-20
  51342.9765625   1.1918068e-20
  51537.8242188   1.1879919e-20
  51732.6757812   1.1717370e-20
  51927.5273438   1.1746121e-20
  52122.3750000   1.1624595e-20
  52317.2265625   1.1637774e-20
  52512.0742188   1.1547050e-20
  52706.9257812   1.1487262e-20
  52901.7773438   1.1328991e-20
  53096.6250000   1.1274095e-20
  53291.4765625   1.1255493e-20
  53486.3242188   1.1231643e-20
  53681.1757812   1.1161032e-20
  53876.0273438   1.1126185e-20
  54070.8750000   1.1002954e-20
  54265.7265625   1.0859269e-20
  54460.5742188   1.0824177e-20
  54655.4257812   1.0643255e-20
  54850.2773438   1.0587171e-20
  55045.1250000   1.0369372e-20
  55239.9765625   1.0323478e-20
  55434.8242188   1.0188308e-20
  55629.6757812   1.0074357e-20
  55824.5273438   1.0174491e-20
  56019.3750000   1.0174938e-20
  56214.2265625   9.9504432e-21
  56409.0742188   1.0066396e-20
  56603.9257812   9.9515797e-21
  56779.2929688   9.9776626e-21
  56974.1406250   9.8727431e-21
  57188.4765625   9.8371218e-21
  57383.3242188   9.7110075e-21
  57578.1757812   9.7374425e-21
  57773.0273438   9.7218893e-21
  57967.8750000   9.6743135e-21
  58162.7265625   9.8007259e-21
  58357.5742188   9.7058053e-21
  58552.4257812   9.6796263e-21
  58747.2773438   9.6056009e-21
  58942.1250000   9.6791158e-21
  59136.9765625   9.6893659e-21
  59331.8242188   9.6732940e-21
  59526.6757812   9.6677300e-21
  59721.5273438   9.6040395e-21
  59916.3750000   9.6618718e-21
  60111.2265625   9.6188568e-21
  60306.0742188   9.6287038e-21
  60500.9257812   9.5331047e-21
  60695.7773438   9.1249298e-21
  60890.6250000   9.2189457e-21
  61085.4765625   9.2131175e-21
  61280.3242188   9.3451537e-21
  61475.1757812   8.8026622e-21
  61670.0273438   8.7169868e-21
  61864.8750000   8.7100988e-21
  62059.7265625   8.9962427e-21
  62254.5781250   8.7077271e-21
  62546.8515625   8.7992226e-21
  62936.5507812   8.9026598e-21
  63326.2500000   8.6659520e-21
  63715.9531250   8.8601052e-21
  64105.6523438   8.4787346e-21
  64495.3515625   8.6410203e-21
  64885.0507812   8.4452127e-21
  65274.7500000   8.3829101e-21
  65664.4531250   8.1919073e-21
  66054.1484375   8.2143526e-21
  66443.8515625   8.0657800e-21
  66833.5546875   7.9700007e-21
  67223.2500000   7.8209693e-21
  67612.9531250   7.6172696e-21
  68002.6484375   7.5854886e-21
  68392.3515625   7.4836040e-21
  68782.0546875   7.3707778e-21
  69171.7500000   7.2415963e-21
  69561.4531250   7.1770067e-21
  69951.1484375   7.0522745e-21
  70340.8515625   6.9063151e-21
  70730.5546875   6.7811628e-21
  71120.2500000   6.6883789e-21
  71509.9531250   6.5797339e-21
  71899.6484375   6.4541191e-21
  72289.3515625   6.3771421e-21
  72679.0546875   6.2240454e-21
  73068.7500000   6.0870424e-21
  73458.4531250   6.0585846e-21
  73848.1484375   5.8663427e-21
  74237.8515625   5.8975999e-21
  74627.5546875   5.7817821e-21
  75017.2500000   5.7034980e-21
  75406.9531250   5.5655466e-21
  75796.6484375   5.4220429e-21
  76186.3515625   5.4100306e-21
  76576.0546875   5.3061411e-21
  76965.7500000   5.1987635e-21
  77355.4531250   5.1290945e-21
  77745.1484375   5.0544286e-21
  78134.8515625   5.0070587e-21
  78524.5546875   4.9350795e-21
  78914.2500000   4.8129653e-21
  79303.9531250   4.7384666e-21
  79693.6484375   4.7078290e-21
  80083.3515625   4.6184785e-21
  80473.0546875   4.5371357e-21
  80862.7500000   4.4778671e-21
  81252.4531250   4.4042202e-21
  81642.1484375   4.3275638e-21
  82031.8515625   4.2939782e-21
  82421.5546875   4.2140365e-21
  82811.2500000   4.1494829e-21
  83200.9531250   4.1127792e-21
  83590.6484375   4.0469852e-21
  83980.3515625   3.9822260e-21
  84370.0546875   3.8916117e-21
  84759.7500000   3.8516029e-21
  85149.4531250   3.8059998e-21
  85539.1484375   3.7597976e-21
  85928.8515625   3.6792016e-21
  86318.5546875   3.6597338e-21
  86708.2500000   3.5795692e-21
  87097.9531250   3.5348267e-21
  87487.6484375   3.4875017e-21
  87877.3515625   3.4432144e-21
  88267.0546875   3.3794379e-21
  88656.7500000   3.3589591e-21
  89046.4531250   3.2931254e-21
  89436.1484375   2.7857377e-21
  89825.8515625   2.9742198e-21
  90215.5546875   2.9537826e-21
  90605.2500000   2.5329636e-21
  90994.9531250   2.7388623e-21
  91384.6484375   2.5863367e-21
  91774.3515625   2.3235162e-21
  92164.0546875   2.5312844e-21
  92553.7500000   2.3901610e-21
  92943.4531250   2.2090111e-21
  93333.1484375   2.3734140e-21
  93722.8515625   2.3052813e-21
  94112.5546875   2.1407975e-21
  94502.2500000   2.2615490e-21
  94891.9531250   2.1887698e-21
  95281.6484375   2.1153482e-21
  95671.3515625   2.1314067e-21
  96061.0546875   2.1403650e-21
  96450.7500000   2.0926357e-21
  96840.4531250   1.9005145e-21
  97230.1484375   1.8974037e-21
  97619.8515625   1.9506607e-21
  98009.5546875   1.8847381e-21
  98399.2500000   1.9491366e-21
  98788.9531250   1.9664706e-21
  99178.6484375   1.9691757e-21
  99568.3515625   1.9713216e-21
  99958.0546875   1.9789377e-21
 100347.7500000   1.9918077e-21
 100737.4531250   1.9307506e-21
 101127.1484375   1.9332792e-21
 101516.8515625   1.9371037e-21
 101906.5546875   1.8940152e-21
 102296.2500000   1.8650259e-21
 102685.9531250   1.8726178e-21
 103075.6484375   1.8566083e-21
 103465.3515625   1.8264178e-21
 103855.0546875   1.7966078e-21
 104244.7500000   1.8071725e-21
 104634.4531250   1.7910932e-21
 105024.1484375   1.7460531e-21
 105413.8515625   1.7507833e-21
 105803.5546875   1.7312395e-21
 106193.2500000   1.7219053e-21
 106582.9531250   1.6777353e-21
 106972.6484375   1.6780301e-21
 107362.3515625   1.6618293e-21
 107752.0546875   1.6399119e-21
 108141.7500000   1.6087171e-21
 108531.4531250   1.6066977e-21
 108921.1484375   1.5972629e-21
 109310.8515625   1.5779840e-21
 109700.5546875   1.5502600e-21
 110090.2500000   1.5419216e-21
 110479.9531250   1.5330087e-21
 110869.6484375   1.5130892e-21
 111259.3515625   1.4943536e-21
 111649.0546875   1.4772054e-21
 112038.7500000   1.4566220e-21
 112428.4531250   1.4463335e-21
 112818.1484375   1.4303265e-21
 113207.8515625   1.4137516e-21
 113597.5546875   1.4006004e-21
 113987.2500000   1.3765913e-21
 114376.9531250   1.3703000e-21
 114766.6484375   1.3485801e-21
 115156.3515625   1.3331455e-21
 115546.0546875   1.3222823e-21
 115935.7500000   1.3062765e-21
 116325.4531250   1.2885503e-21
 116715.1484375   1.2731148e-21
 117104.8515625   1.2576821e-21
 117494.5546875   1.2456764e-21
 117884.2500000   1.2290963e-21
 118273.9531250   1.2073747e-21
 118663.6484375   1.1999423e-21
 119053.3515625   1.1862246e-21
 119443.0546875   1.1730757e-21
 119832.7500000   1.1610718e-21
 120222.4531250   1.1439184e-21
 120612.1484375   1.1313428e-21
 121001.8515625   1.1221979e-21
 121391.5546875   1.1044735e-21
 121781.2500000   1.0947570e-21
 122170.9531250   1.0821800e-21
 122560.6484375   1.0696019e-21
 122950.3515625   1.0570260e-21
 123340.0546875   1.0427324e-21
 123729.7500000   1.0341584e-21
 124119.4531250   1.0215819e-21
 124509.1562500   1.0107196e-21
 125093.7031250   9.9185499e-22
 125873.1015625   9.6955807e-22
 126652.5000000   9.4783316e-22
 127431.9062500   9.2611089e-22
 128211.3046875   9.0267175e-22
 128990.7031250   8.8495270e-22
 129770.1015625   8.6551496e-22
 130549.5000000   8.4836510e-22
 131328.9062500   8.2949782e-22
 132108.2968750   8.1120336e-22
 132887.7031250   7.9291184e-22
 133667.1093750   7.7747707e-22
 134446.5000000   7.6204150e-22
 135225.9062500   7.4603381e-22
 136005.2968750   7.3117117e-22
 136784.7031250   7.1687842e-22
 137564.1093750   7.0087068e-22
 138343.5000000   6.8715222e-22
 139122.9062500   6.7285953e-22
 139902.2968750   6.5971238e-22
 140681.7031250   6.4713479e-22
 141461.1093750   6.3512880e-22
 142240.5000000   6.2026515e-22
 143019.9062500   6.0883250e-22
 143799.2968750   5.9396839e-22
 144578.7031250   5.8196387e-22
 145358.1093750   5.7224667e-22
 146137.5000000   5.5715385e-22
 146916.9062500   5.5092238e-22
 147696.2968750   5.4006059e-22
 148475.7031250   5.3045562e-22
 149255.1093750   5.2159619e-22
 150034.5000000   5.1233307e-22
 150813.9062500   5.0129998e-22
 151593.2968750   4.9232600e-22
 152372.7031250   4.8329395e-22
 153152.1093750   4.7546017e-22
 153931.5000000   4.6482694e-22
 154710.9062500   4.5671043e-22
 155490.2968750   4.4647690e-22
 156269.7031250   4.3944631e-22
 157049.1093750   4.3212770e-22
 157828.5000000   4.2315251e-22
 158607.9062500   4.1669231e-22
 159387.2968750   4.0949000e-22
 160166.7031250   4.0257304e-22
 160946.1093750   3.9588418e-22
 161725.5000000   3.8839452e-22
 162504.9062500   3.8079227e-22
 163284.2968750   3.7473185e-22
 164063.7031250   3.6775698e-22
 164843.1093750   3.6289876e-22
 165622.5000000   3.5575178e-22
 166401.9062500   3.5032215e-22
 167181.2968750   3.3391467e-22
 167960.7031250   3.1967936e-22
 168740.1093750   3.1985210e-22
 169519.5000000   3.0590312e-22
 170298.9062500   2.9835608e-22
 171078.2968750   2.9183996e-22
 171857.7031250   2.7903419e-22
 172637.1093750   2.7680420e-22
 173416.5000000   2.7057331e-22
 174195.9062500   2.6108393e-22
 174975.2968750   2.6171189e-22
 175754.7031250   2.5490893e-22
 176534.1093750   2.4782092e-22
 177313.5000000   2.4713402e-22
 178092.9062500   2.4301823e-22
 178872.2968750   2.3512945e-22
 179651.7031250   2.3593007e-22
 180431.1093750   2.3049877e-22
 181210.5000000   2.2701168e-22
 181989.9062500   2.2501062e-22
 182769.2968750   2.2123800e-22
 183548.7031250   2.1706483e-22
 184328.1093750   2.1683615e-22
 185107.5000000   2.1237635e-22
 185886.9062500   2.0951830e-22
 186666.2968750   2.0643109e-22
 187445.7031250   2.0208674e-22
 188225.1093750   2.0225812e-22
 189004.5000000   1.9837064e-22
 189783.9062500   1.9459803e-22
 190563.2968750   1.9248240e-22
 191342.7031250   1.8928094e-22
 192122.1093750   1.8682313e-22
 192901.5000000   1.8362140e-22
 193680.9062500   1.8259286e-22
 194460.2968750   1.7921948e-22
 195239.7031250   1.7756167e-22
 196019.1093750   1.7510369e-22
 196798.5000000   1.7144498e-22
 197577.9062500   1.6984419e-22
 198357.2968750   1.6755778e-22
 199136.7031250   1.6481357e-22
 199916.1093750   1.6241219e-22
 200695.5000000   1.6029762e-22
 201474.9062500   1.5961129e-22
 202254.2968750   1.5680978e-22
 203033.7031250   1.5463773e-22
 203813.1093750   1.5246560e-22
 204592.5000000   1.5103604e-22
 205371.9062500   1.5040720e-22
 206151.2968750   1.4686278e-22
 206930.7031250   1.4457618e-22
 207710.1093750   1.4354743e-22
 208489.5000000   1.4166107e-22
 209268.9062500   1.3983141e-22
 210048.2968750   1.3834521e-22
 210827.7031250   1.3662979e-22
 211607.1093750   1.3434313e-22
 212386.5000000   1.3354309e-22
 213165.9062500   1.3108454e-22
 213945.2968750   1.3005577e-22
 214724.7031250   1.2776911e-22
 215504.1093750   1.2805506e-22
 216283.5000000   1.2491058e-22
 217062.9062500   1.2433917e-22
 217842.2968750   1.2222384e-22
 218621.7031250   1.2153762e-22
 219401.1093750   1.1913671e-22
 220180.5000000   1.1845066e-22
 220959.9062500   1.1690743e-22
 221739.2968750   1.1473497e-22
 222518.7031250   1.1422065e-22
 223298.1093750   1.1290546e-22
 224077.5000000   1.1141931e-22
 224856.9062500   1.0998992e-22
 225636.2968750   1.0907544e-22
 226415.7031250   1.0758914e-22
 227195.1093750   1.0638862e-22
 227974.5000000   1.0513082e-22
 228753.9062500   1.0347308e-22
 229533.2968750   1.0238681e-22
 230312.7031250   1.0095750e-22
 231092.1093750   1.0021447e-22
 231871.5000000   9.8727861e-23
 232650.9062500   9.7984886e-23
 233430.2968750   9.6841328e-23
 234209.7031250   9.5698092e-23
 234989.1093750   9.4554648e-23
 235768.5000000   9.3182680e-23
 236547.9062500   9.2153835e-23
 237327.2968750   9.1010359e-23
 238106.7031250   8.9924110e-23
 238886.1093750   8.9066877e-23
 239665.5000000   8.8151975e-23
 240444.9062500   8.7351906e-23
 241224.2968750   8.6208550e-23
 242003.7031250   8.5408115e-23
 242783.1093750   8.4150387e-23
 243562.5000000   8.3006999e-23
 244341.9062500   8.2149659e-23
 245121.2968750   8.1234776e-23
 245900.7031250   8.0263088e-23
 246680.1093750   7.9634234e-23
 247459.5000000   7.8605010e-23
 248238.9062500   7.7976130e-23
 249018.3125000   7.6832906e-23
 250187.4062500   7.5632342e-23
 251746.2031250   7.3860403e-23
 253305.0000000   7.2259659e-23
 254863.8125000   7.0601764e-23
 256422.6093750   6.9172436e-23
 257981.4062500   6.7571717e-23
 259540.2031250   6.6142693e-23
 261099.0000000   6.4713479e-23
 262657.8125000   6.3227056e-23
 264216.5937500   6.1912208e-23
 265775.4062500   6.0540360e-23
 267334.2187500   5.9282689e-23
 268893.0000000   5.7967828e-23
 270451.8125000   5.6761603e-23
 272010.5937500   5.5555346e-23
 273569.4062500   5.4360386e-23
 275128.2187500   5.3251443e-23
 276687.0000000   5.2113824e-23
 278245.8125000   5.1050477e-23
 279804.5937500   4.9975679e-23
 281363.4062500   4.8946724e-23
 282922.2187500   4.7929052e-23
 284481.0000000   4.6957286e-23
 286039.8125000   4.5979771e-23
 287598.5937500   4.5059394e-23
 289157.4062500   4.4098915e-23
 290716.2187500   4.3149997e-23
 292275.0000000   4.2281067e-23
 293833.8125000   4.1497741e-23
 295392.5937500   4.0703178e-23
 296951.4062500   3.9897186e-23
 298510.2187500   3.9113850e-23
 300069.0000000   3.8336466e-23
 301627.8125000   3.7593353e-23
 303186.5937500   3.6861564e-23
 304745.4062500   3.6146878e-23
 306304.2187500   3.5455233e-23
 307863.0000000   3.4769190e-23
 309421.8125000   3.4100311e-23
 310980.5937500   3.3460024e-23
 312539.4062500   3.2808406e-23
 314098.2187500   3.2185307e-23
 315657.0000000   3.1596375e-23
 317215.8125000   3.0996156e-23
 318774.5937500   3.0430186e-23
 320333.4062500   2.9869959e-23
 321892.2187500   2.9309745e-23
 323451.0000000   2.8778107e-23
 325009.8125000   2.8235023e-23
 326568.5937500   2.7726167e-23
 328127.4062500   2.7234492e-23
 329686.2187500   2.6742845e-23
 331245.0000000   2.6262726e-23
 332803.8125000   2.5793944e-23
 334362.5937500   2.5336534e-23
 335921.4062500   2.4884939e-23
 337480.2187500   2.4450523e-23
 339039.0000000   2.4021684e-23
 340597.8125000   2.3598706e-23
 342156.5937500   2.3187049e-23
 343715.4062500   2.2781169e-23
 345274.2187500   2.2386722e-23
 346833.0000000   2.2003740e-23
 348391.8125000   2.1632156e-23
 349950.5937500   2.1249109e-23
 351509.4062500   2.0900363e-23
 353068.2187500   2.0551655e-23
 354627.0000000   2.0191553e-23
 356185.8125000   1.9859988e-23
 357744.5937500   1.9534127e-23
 359303.4062500   1.9213949e-23
 360862.2187500   1.8893793e-23
 362421.0000000   1.8585091e-23
 363979.8125000   1.8276375e-23
 365538.5937500   1.7979181e-23
 367097.4062500   1.7687598e-23
 368656.2187500   1.7396005e-23
 370215.0000000   1.7115910e-23
 371773.8125000   1.6841507e-23
 373332.5937500   1.6572813e-23
 374891.4062500   1.6309840e-23
 376450.2187500   1.6052589e-23
 378009.0000000   1.5795371e-23
 379567.8125000   1.5538113e-23
 381126.5937500   1.5298006e-23
 382685.4062500   1.5063592e-23
 384244.2187500   1.4829190e-23
 385803.0000000   1.4600550e-23
 387361.8125000   1.4371900e-23
 388920.5937500   1.4154664e-23
 390479.4062500   1.3937402e-23
 779400.0000000   9.3640107e-25
1558800.0000000   6.0140210e-26
2338200.0000000   1.1947993e-26
3117600.0000000   3.7839165e-27
3897000.0000000   1.5492390e-27
4676400.0000000   7.4660740e-28
5455800.0000000   4.0234326e-28
6235200.0000000   2.3552941e-28
