    424.2419739   1.8220879e-23
    438.2279663   2.0844864e-23
    447.5519714   2.2295918e-23
    456.8759766   1.2512282e-22
    466.1999817   3.4646718e-22
    475.5239563   3.7578751e-22
    484.8479614   3.5693894e-22
    494.1719666   3.6262404e-22
    503.4959717   3.7010244e-22
    512.8199463   4.2276159e-22
    531.4679565   4.3861833e-22
    550.1159668   4.2605330e-22
    564.1019897   5.3974656e-22
    582.7499390   5.6038962e-22
    592.0739746   5.7235865e-22
    596.7359619   5.8133435e-22
    610.7219849   5.6068997e-22
    615.3839722   5.8013815e-22
    624.7079468   5.5410736e-22
    638.6939697   6.1603973e-22
    652.6799316   6.1753773e-22
    666.6659546   7.7999956e-22
    685.3139648   9.6998640e-22
    703.9619751   8.6826207e-22
    722.6099243   9.7985986e-22
    741.2579346   9.8374928e-22
    755.2439575   9.8524521e-22
    773.8919678   9.9153076e-22
    792.5399780   9.9062976e-22
    806.5259399   8.1410698e-22
    825.1739502   9.9811054e-22
    839.1599731   9.9960647e-22
    848.4839478   9.9960647e-22
    867.1319580   1.0011046e-21
    890.4419556   1.0023012e-21
    904.4279175   1.0082837e-21
    923.0759277   9.7070231e-22
    941.7239380   9.2111176e-22
    955.7099609   8.8323088e-22
    979.0199585   8.0046789e-22
   1006.9919434   7.6241496e-22
   1025.6398926   7.2621253e-22
   1039.6259766   6.8897006e-22
   1058.2739258   6.6360504e-22
   1072.2598877   7.9966328e-22
   1090.9079590   1.1358862e-21
   1118.8798828   1.1468590e-21
   1146.8519287   9.9223637e-22
   1174.8239746   9.5160182e-22
   1198.1339111   8.2564358e-22
   1212.1198730   8.3480280e-22
   1230.7679443   9.9935181e-22
   1254.0778809   9.6579930e-22
   1277.3879395   9.2351373e-22
   1300.6978760   7.4921727e-22
   1324.0079346   8.3950517e-22
   1351.9798584   8.1193962e-22
   1379.9519043   6.9555832e-22
   1403.2619629   5.9916528e-22
   1435.8958740   5.9531478e-22
   1482.5158691   5.2233790e-22
   1529.1358643   4.8234944e-22
   1575.7558594   4.0763924e-22
   1622.3758545   3.4547652e-22
   1664.3338623   4.2168980e-22
   1706.2918701   5.8427784e-22
   1748.2498779   5.2293244e-22
   1794.8698730   3.7392883e-22
   1841.4898682   5.0347006e-22
   1888.1098633   5.6511022e-22
   1930.0678711   5.1428440e-22
   1967.3638916   4.3221611e-22
   2004.6599121   3.8324274e-22
   2055.9418945   4.0558916e-22
   2102.5617676   3.7911948e-22
   2144.5197754   3.0876942e-22
   2191.1398926   2.9021233e-22
   2237.7597656   3.0212007e-22
   2284.3798828   2.3712422e-22
   2330.9997559   2.7326573e-22
   2358.9719238   2.2572779e-22
   2386.9438477   3.4183466e-22
   2424.2397461   3.0897561e-22
   2470.8598633   2.6876193e-22
   2517.4797363   2.0894082e-22
   2564.0998535   1.9259196e-22
   2610.7197266   2.4199107e-22
   2657.3398438   2.6021000e-22
   2703.9597168   2.4508853e-22
   2750.5798340   2.4177542e-22
   2797.1997070   1.9740036e-22
   2843.8198242   1.8751572e-22
   2890.4396973   2.3473794e-22
   2937.0598145   2.1880543e-22
   2983.6796875   2.4080576e-22
   3030.2998047   2.3229609e-22
   3067.5957031   2.1454714e-22
   3100.2297363   2.4513374e-22
   3146.8498535   2.6337869e-22
   3193.4697266   2.3168782e-22
   3240.0898438   2.7911085e-22
   3286.7097168   2.3516928e-22
   3337.9916992   3.1933917e-22
   3384.6118164   3.4323371e-22
   3426.5698242   3.6682716e-22
   3473.1896973   3.8273981e-22
   3519.8098145   4.1453944e-22
   3566.4296875   4.0928964e-22
   3613.0498047   5.0810599e-22
   3659.6696777   5.2237465e-22
   3706.2897949   6.3826784e-22
   3752.9096680   7.5574420e-22
   3799.5297852   8.9371160e-22
   3846.1496582   1.0804351e-21
   3892.7697754   1.0330533e-21
   3939.3896484   1.5505090e-21
   3986.0097656   1.8770194e-21
   4032.6296387   2.4254753e-21
   4079.2497559   3.0743658e-21
   4125.8696289   3.9365901e-21
   4172.4897461   5.1139020e-21
   4219.1098633   6.5813111e-21
   4265.7294922   8.6131942e-21
   4312.3496094   3.7487596e-20
   4358.9697266   7.3364329e-20
   4405.5898438   1.0969736e-19
   4452.2094727   1.4805150e-19
   4498.8295898   1.5510266e-19
   4545.4497070   7.9572552e-20
   4592.0698242   1.4867702e-19
   4638.6899414   1.4103009e-19
   4685.3095703   1.7101675e-19
   4731.9296875   1.7373831e-19
   4778.5498047   1.2400245e-19
   4825.1699219   2.1464232e-19
   4871.7895508   2.8042185e-19
   4918.4096680   2.6498328e-19
   4965.0297852   2.2225624e-19
   5011.6499023   2.3904188e-19
   5058.2695312   2.0892799e-19
   5104.8896484   2.3801631e-19
   5151.5097656   2.2232653e-19
   5198.1298828   2.1381154e-19
   5244.7495117   1.8394713e-19
   5291.3696289   2.1390358e-19
   5337.9897461   2.0037450e-19
   5384.6098633   1.9631877e-19
   5431.2294922   1.8865400e-19
   5477.8496094   1.2513601e-19
   5524.4697266   1.7395131e-19
   5571.0898438   1.5261939e-19
   5617.7094727   1.2858229e-19
   5664.3295898   1.0526368e-19
   5710.9497070   2.9775599e-19
   5757.5698242   3.4271856e-19
   5804.1894531   3.4618581e-19
   5850.8095703   3.3688360e-19
   5897.4296875   3.3186434e-19
   5944.0498047   3.6212589e-19
   5990.6694336   3.6508172e-19
   6037.2895508   3.1750302e-19
   6083.9096680   3.2199383e-19
   6130.5297852   3.5977500e-19
   6177.1494141   3.4298809e-19
   6223.7695312   3.2516144e-19
   6270.3896484   3.4483531e-19
   6317.0097656   3.3636173e-19
   6363.6293945   3.1439207e-19
   6410.2495117   3.1011074e-19
   6456.8696289   3.0563931e-19
   6503.4897461   2.2630449e-19
   6550.1093750   2.1989981e-19
   6596.7294922   2.8610950e-19
   6643.3496094   2.7604612e-19
   6689.9697266   2.8822447e-19
   6722.6035156   2.9026458e-19
   6745.9135742   2.8867546e-19
   6783.2094727   2.7922363e-19
   6829.8295898   2.6487975e-19
   6876.4497070   2.6886821e-19
   6923.0693359   2.6999827e-19
   6969.6894531   2.6590775e-19
   7016.3095703   2.5154764e-19
   7048.9433594   2.3255332e-19
   7072.2534180   2.3907337e-19
   7109.5493164   2.3837197e-19
   7156.1694336   2.0562449e-19
   7202.7895508   1.8234889e-19
   7249.4096680   1.8289427e-19
   7296.0292969   2.0497980e-19
   7342.6494141   2.1698149e-19
   7389.2695312   2.1988340e-19
   7435.8896484   2.1932689e-19
   7482.5097656   2.1497156e-19
   7529.1293945   2.1080084e-19
   7575.7495117   2.0825647e-19
   7622.3696289   2.1712258e-19
   7668.9897461   2.1649507e-19
   7715.6093750   2.1345127e-19
   7762.2294922   2.1821523e-19
   7794.8632812   2.0380836e-19
   7818.1733398   2.2657103e-19
   7855.4697266   2.2255416e-19
   7902.0893555   2.1257748e-19
   7948.7094727   2.0758166e-19
   7995.3295898   1.9638691e-19
   8041.9497070   1.9264187e-19
   8088.5693359   2.0133248e-19
   8135.1894531   1.9720712e-19
   8181.8095703   1.9957791e-19
   8228.4296875   1.9374829e-19
   8275.0498047   1.8735354e-19
   8321.6699219   1.9127615e-19
   8368.2890625   1.9408555e-19
   8414.9091797   1.9479005e-19
   8461.5292969   1.7986019e-19
   8508.1494141   1.8345903e-19
   8554.7695312   1.7932149e-19
   8601.3896484   1.6731186e-19
   8648.0097656   1.6714001e-19
   8694.6298828   1.6896075e-19
   8741.2490234   1.7464792e-19
   8787.8691406   1.6039592e-19
   8834.4892578   1.5291863e-19
   8881.1093750   1.6255031e-19
   8927.7294922   1.5404499e-19
   8974.3496094   1.4715109e-19
   9020.9697266   1.5557612e-19
   9067.5898438   1.5776968e-19
   9114.2089844   1.4428412e-19
   9170.1533203   1.5464354e-19
   9212.1113281   1.5869881e-19
   9249.4072266   1.5044985e-19
   9300.6894531   1.4704644e-19
   9347.3095703   1.5139371e-19
   9393.9296875   1.4866200e-19
   9440.5498047   1.5239501e-19
   9487.1689453   1.4214003e-19
   9533.7890625   1.4381344e-19
   9580.4091797   1.2771220e-19
   9627.0292969   1.3342033e-19
   9668.9873047   1.4652233e-19
   9687.6357422   1.3602241e-19
   9720.2695312   1.4064968e-19
   9766.8896484   1.3377295e-19
   9813.5097656   1.3631905e-19
   9860.1289062   1.3726465e-19
   9906.7490234   1.3716582e-19
   9953.3691406   1.3392990e-19
   9999.9892578   1.3003839e-19
  10046.6093750   1.3372772e-19
  10093.2294922   1.3106586e-19
  10139.8496094   1.3058036e-19
  10186.4697266   1.2668433e-19
  10233.0888672   1.2935942e-19
  10279.7089844   1.2770604e-19
  10326.3291016   1.2433728e-19
  10372.9492188   1.2185273e-19
  10419.5693359   1.2231061e-19
  10466.1894531   1.2122553e-19
  10512.8095703   1.1767836e-19
  10559.4296875   1.1924119e-19
  10606.0498047   1.1890336e-19
  10652.6689453   1.1839166e-19
  10699.2890625   1.1149546e-19
  10745.9091797   1.1367744e-19
  10792.5292969   1.1075850e-19
  10839.1494141   9.7747875e-20
  10885.7695312   1.0657548e-19
  10932.3896484   1.0638935e-19
  10979.0097656   1.0637159e-19
  11025.6289062   1.0407265e-19
  11072.2490234   1.0276232e-19
  11118.8691406   9.9716416e-20
  11165.4892578   1.0107132e-19
  11212.1093750   9.8866953e-20
  11258.7294922   9.8695158e-20
  11305.3496094   9.9117809e-20
  11351.9697266   9.6141070e-20
  11398.5888672   9.7157669e-20
  11445.2089844   9.6132210e-20
  11491.8291016   9.4863509e-20
  11538.4492188   9.3175957e-20
  11585.0693359   9.2338398e-20
  11631.6894531   7.8697776e-20
  11678.3095703   9.0061473e-20
  11715.6054688   8.5781234e-20
  11738.9150391   8.9093304e-20
  11771.5488281   8.7970031e-20
  11818.1689453   8.7564913e-20
  11864.7890625   8.5454853e-20
  11911.4091797   8.6324317e-20
  11958.0292969   8.5393693e-20
  12004.6494141   8.5980759e-20
  12051.2695312   8.5047118e-20
  12097.8896484   8.4016541e-20
  12144.5087891   8.2897908e-20
  12191.1289062   8.1706562e-20
  12237.7490234   8.1625149e-20
  12284.3691406   8.1290651e-20
  12330.9892578   8.1593613e-20
  12377.6093750   8.1137642e-20
  12424.2294922   7.8240810e-20
  12470.8496094   7.8452763e-20
  12517.4687500   7.8162157e-20
  12564.0888672   7.6060233e-20
  12610.7089844   7.5456023e-20
  12657.3291016   7.4603568e-20
  12703.9492188   7.4359543e-20
  12750.5693359   7.4010596e-20
  12797.1894531   7.1904012e-20
  12843.8095703   7.1507522e-20
  12890.4287109   7.1225440e-20
  12937.0488281   7.1843719e-20
  12983.6689453   7.0776106e-20
  13030.2890625   6.6995665e-20
  13076.9091797   6.8149472e-20
  13123.5292969   6.9299098e-20
  13170.1494141   6.8562558e-20
  13216.7695312   6.6191968e-20
  13263.3886719   6.6190805e-20
  13310.0087891   6.5498520e-20
  13356.6289062   6.5755902e-20
  13403.2490234   6.4883252e-20
  13449.8691406   6.4419010e-20
  13496.4892578   6.3588960e-20
  13566.4189453   6.3172533e-20
  13659.6591797   6.2145550e-20
  13752.8994141   6.0650421e-20
  13846.1386719   5.9936001e-20
  13939.3789062   5.8820161e-20
  14032.6191406   5.7541591e-20
  14125.8593750   5.6998315e-20
  14219.0986328   5.6154015e-20
  14312.3388672   5.5259581e-20
  14405.5791016   5.4003110e-20
  14498.8193359   5.3350590e-20
  14592.0585938   5.2212002e-20
  14685.2988281   5.1538099e-20
  14778.5390625   5.0384392e-20
  14871.7792969   4.9199003e-20
  14965.0195312   4.8559295e-20
  15058.2587891   4.7704889e-20
  15151.4990234   4.7078820e-20
  15244.7392578   4.6119226e-20
  15337.9794922   4.5370876e-20
  15431.2187500   4.4633684e-20
  15524.4589844   4.3719319e-20
  15617.6992188   4.2819741e-20
  15710.9394531   4.2075188e-20
  15804.1787109   4.1458680e-20
  15897.4189453   4.0803508e-20
  15990.6591797   3.9814665e-20
  16083.8994141   3.9130613e-20
  16177.1386719   3.8631154e-20
  16270.3789062   3.7993459e-20
  16363.6191406   3.7466525e-20
  16456.8593750   3.6894692e-20
  16550.0996094   3.6332067e-20
  16643.3398438   3.5659737e-20
  16736.5781250   3.4830101e-20
  16829.8183594   3.4307849e-20
  16923.0585938   3.3870093e-20
  16969.6796875   3.3646518e-20
  17016.2988281   3.3544856e-20
  17109.5390625   3.2896643e-20
  17202.7792969   3.1625189e-20
  17296.0195312   3.2077150e-20
  17389.2597656   3.1700837e-20
  17482.4980469   3.4366359e-20
  17575.7382812   3.4275318e-20
  17668.9785156   3.6063559e-20
  17762.2187500   3.7846735e-20
  17855.4589844   3.3375568e-20
  17948.6992188   3.8018995e-20
  18041.9394531   3.8238023e-20
  18135.1796875   3.1474849e-20
  18228.4179688   3.7872177e-20
  18321.6582031   3.6128079e-20
  18414.8984375   3.6329834e-20
  18508.1386719   2.8913097e-20
  18601.3789062   3.5659578e-20
  18694.6191406   3.5985245e-20
  18787.8593750   3.4901610e-20
  18881.0996094   3.5094359e-20
  18974.3378906   3.3902385e-20
  19067.5781250   3.1871851e-20
  19160.8183594   2.8276788e-20
  19254.0585938   3.2345512e-20
  19347.2988281   3.2401531e-20
  19440.5390625   3.2123533e-20
  19533.7792969   3.1843865e-20
  19627.0195312   3.1554019e-20
  19720.2578125   3.1061508e-20
  19813.4980469   3.0605977e-20
  19906.7382812   2.9755338e-20
  19999.9785156   2.9593734e-20
  20093.2187500   2.8633448e-20
  20186.4589844   2.6660471e-20
  20279.6992188   2.4509824e-20
  20372.9394531   2.7993579e-20
  20466.1777344   2.7508518e-20
  20559.4179688   2.7446489e-20
  20652.6582031   2.7297426e-20
  20745.8984375   2.7079509e-20
  20839.1386719   2.6338100e-20
  20932.3789062   2.6467158e-20
  21025.6191406   2.6566964e-20
  21118.8593750   2.5880245e-20
  21212.0996094   2.5532077e-20
  21305.3378906   2.5601132e-20
  21398.5781250   2.5047060e-20
  21491.8183594   2.4832817e-20
  21585.0585938   2.4344825e-20
  21678.2988281   2.3953582e-20
  21771.5390625   2.3990640e-20
  21864.7792969   2.3627285e-20
  21958.0195312   2.3018575e-20
  22051.2578125   2.3181607e-20
  22144.4980469   2.3041131e-20
  22237.7382812   2.2909955e-20
  22330.9785156   2.2543255e-20
  22424.2187500   2.2136489e-20
  22517.4589844   2.1876410e-20
  22610.6992188   2.0319257e-20
  22703.9394531   1.8160561e-20
  22797.1777344   2.1053160e-20
  22890.4179688   2.0967991e-20
  22983.6582031   2.0449244e-20
  23076.8984375   2.0599689e-20
  23170.1386719   2.0326217e-20
  23263.3789062   1.9845128e-20
  23356.6191406   1.9106791e-20
  23449.8593750   1.9394325e-20
  23543.0976562   1.9089346e-20
  23636.3378906   1.9258351e-20
  23729.5781250   1.8863742e-20
  23822.8183594   1.8725648e-20
  23916.0585938   1.8330036e-20
  24009.2988281   1.8022944e-20
  24102.5390625   1.7636135e-20
  24195.7792969   1.7546288e-20
  24289.0175781   1.7436512e-20
  24382.2578125   1.7445627e-20
  24475.4980469   1.7434827e-20
  24568.7382812   1.6907060e-20
  24661.9785156   1.7203977e-20
  24755.2187500   1.7143035e-20
  24848.4589844   1.6653844e-20
  24941.6992188   1.6781595e-20
  25034.9375000   1.6650333e-20
  25128.1777344   1.6359308e-20
  25221.4179688   1.6137806e-20
  25314.6582031   1.6015798e-20
  25407.8984375   1.5963482e-20
  25501.1386719   1.5651294e-20
  25594.3789062   1.5518714e-20
  25687.6191406   1.5375908e-20
  25780.8574219   1.5362948e-20
  25874.0976562   1.5319828e-20
  25967.3378906   1.5146554e-20
  26060.5781250   1.4882858e-20
  26153.8183594   1.4859347e-20
  26247.0585938   1.4635318e-20
  26340.2988281   1.4521290e-20
  26433.5390625   1.4336948e-20
  26526.7773438   1.4353075e-20
  26620.0175781   1.4158366e-20
  26713.2578125   1.4365185e-20
  26806.4980469   1.4029495e-20
  26899.7382812   1.4015207e-20
  26992.9785156   1.3739371e-20
  27086.2187500   1.3805300e-20
  27179.4589844   1.3810881e-20
  27272.6992188   1.3564659e-20
  27365.9375000   1.3247676e-20
  27459.1777344   1.2900143e-20
  27552.4179688   1.3116894e-20
  27645.6582031   1.3041359e-20
  27738.8984375   1.2915165e-20
  27832.1386719   1.2950437e-20
  27925.3789062   1.2733193e-20
  28018.6191406   1.2647086e-20
  28111.8574219   1.2692212e-20
  28205.0976562   1.2676725e-20
  28298.3378906   1.2620730e-20
  28391.5781250   1.2372447e-20
  28484.8183594   1.2306117e-20
  28578.0585938   1.1996712e-20
  28671.2988281   1.1899740e-20
  28764.5390625   1.1660774e-20
  28857.7773438   1.1705465e-20
  28951.0175781   1.1557479e-20
  29044.2578125   1.1307993e-20
  29137.4980469   1.1068411e-20
  29230.7382812   1.1265017e-20
  29323.9785156   1.1329766e-20
  29417.2187500   1.1171161e-20
  29510.4589844   1.1225704e-20
  29603.6972656   1.1107465e-20
  29696.9375000   1.1050197e-20
  29790.1777344   1.1094496e-20
  29883.4179688   1.0986274e-20
  29976.6582031   1.0959287e-20
  30069.8984375   1.0891584e-20
  30163.1386719   1.0854337e-20
  30256.3789062   1.0654084e-20
  30349.6171875   1.0708406e-20
  30442.8574219   1.0599712e-20
  30536.0976562   1.0235963e-20
  30629.3378906   9.3162040e-21
  30722.5781250   1.0334118e-20
  30815.8183594   1.0398539e-20
  30909.0585938   1.0299637e-20
  31002.2988281   1.0185291e-20
  31095.5371094   9.9698019e-21
  31188.7773438   9.9789138e-21
  31282.0175781   9.7795536e-21
  31375.2578125   9.8141030e-21
  31468.4980469   9.6758669e-21
  31561.7382812   9.6776941e-21
  31654.9785156   9.5607587e-21
  31748.2187500   9.5778637e-21
  31841.4570312   9.5805981e-21
  31934.6972656   9.4686613e-21
  32027.9375000   9.5071632e-21
  32121.1777344   9.5621021e-21
  32214.4179688   9.5217463e-21
  32307.6582031   9.4229039e-21
  32400.8984375   9.3229580e-21
  32494.1386719   9.3532236e-21
  32587.3769531   9.2818987e-21
  32680.6171875   9.1786901e-21
  32773.8593750   9.1750227e-21
  32867.0976562   9.0871194e-21
  32960.3398438   8.7968106e-21
  33053.5781250   8.6285657e-21
  33146.8164062   8.3513286e-21
  33240.0585938   8.2126764e-21
  33333.2968750   8.2364086e-21
  33426.5390625   8.2611877e-21
  33519.7773438   8.2077731e-21
  33613.0195312   8.3385008e-21
  33706.2578125   8.3745777e-21
  33799.4960938   8.4271901e-21
  33892.7382812   8.4179788e-21
  33985.9765625   8.3376954e-21
  34079.2187500   8.4572222e-21
  34172.4570312   8.4428596e-21
  34265.6992188   8.4572957e-21
  34358.9375000   8.5563005e-21
  34452.1796875   8.4408208e-21
  34545.4179688   8.4098492e-21
  34638.6562500   8.4191251e-21
  34731.8984375   8.4015442e-21
  34825.1367188   8.3715614e-21
  34918.3789062   8.3187858e-21
  35011.6171875   8.3507421e-21
  35104.8593750   8.3826734e-21
  35198.0976562   8.3763798e-21
  35291.3359375   8.3100947e-21
  35384.5781250   8.2024401e-21
  35477.8164062   8.1236762e-21
  35571.0585938   8.0531283e-21
  35664.2968750   7.9670458e-21
  35757.5390625   7.7795036e-21
  35850.7773438   7.8371494e-21
  35944.0195312   7.7343302e-21
  36037.2578125   7.7060526e-21
  36130.4960938   7.6642686e-21
  36223.7382812   7.6649415e-21
  36316.9765625   7.6925269e-21
  36410.2187500   7.6724516e-21
  36503.4570312   7.6461135e-21
  36596.6992188   7.5389112e-21
  36689.9375000   7.5239597e-21
  36783.1757812   7.3305715e-21
  36876.4179688   7.2242384e-21
  36969.6562500   7.2444454e-21
  37062.8984375   7.1785375e-21
  37156.1367188   7.2942499e-21
  37249.3789062   7.2656661e-21
  37342.6171875   7.3076851e-21
  37435.8593750   7.2853173e-21
  37529.0976562   7.2369410e-21
  37622.3359375   7.1750381e-21
  37715.5781250   7.0611239e-21
  37808.8164062   7.0157768e-21
  37902.0585938   7.0827413e-21
  37995.2968750   7.0664909e-21
  38088.5390625   7.0710242e-21
  38181.7773438   6.9860758e-21
  38275.0156250   6.9354207e-21
  38368.2578125   6.9628267e-21
  38461.4960938   6.9579662e-21
  38554.7382812   6.9666193e-21
  38647.9765625   6.9055130e-21
  38741.2187500   6.7339029e-21
  38834.4570312   6.7279317e-21
  38927.6992188   6.7021267e-21
  39020.9375000   6.7107273e-21
  39114.1757812   6.6244315e-21
  39207.4179688   6.7195452e-21
  39300.6562500   6.6154771e-21
  39393.8984375   6.5603888e-21
  39487.1367188   6.5157102e-21
  39580.3789062   6.6191970e-21
  39673.6171875   6.3167260e-21
  39766.8593750   6.5851275e-21
  39860.0976562   6.1237926e-21
  39953.3359375   6.7003318e-21
  40046.5781250   6.4780464e-21
  40139.8164062   6.4760834e-21
  40233.0585938   6.7165656e-21
  40326.2968750   6.6090883e-21
  40419.5390625   6.0207480e-21
  40512.7773438   6.5267652e-21
  40606.0156250   6.6680406e-21
  40699.2578125   6.6012559e-21
  40792.4960938   6.2310898e-21
  40885.7382812   6.5387291e-21
  40978.9765625   6.6225409e-21
  41072.2187500   6.5284567e-21
  41165.4570312   6.5296034e-21
  41258.6992188   6.4197588e-21
  41351.9375000   6.1014837e-21
  41445.1757812   6.4628146e-21
  41538.4179688   6.5351404e-21
  41631.6562500   6.4283360e-21
  41724.8984375   6.4231431e-21
  41818.1367188   6.4064367e-21
  41911.3789062   6.3372888e-21
  42004.6171875   5.9640865e-21
  42097.8554688   6.1831654e-21
  42191.0976562   6.4127985e-21
  42284.3359375   6.3268044e-21
  42377.5781250   6.1684110e-21
  42470.8164062   6.1778186e-21
  42564.0585938   6.2407304e-21
  42657.2968750   6.1861268e-21
  42750.5390625   6.1010548e-21
  42843.7773438   6.0579344e-21
  42937.0156250   5.8247417e-21
  43030.2578125   5.5274139e-21
  43123.4960938   5.7541341e-21
  43216.7382812   5.8548518e-21
  43309.9765625   5.8715376e-21
  43403.2187500   5.8913754e-21
  43496.4570312   5.8544661e-21
  43589.6953125   5.8427789e-21
  43682.9375000   5.7722057e-21
  43776.1757812   5.7941251e-21
  43869.4179688   5.6730094e-21
  43962.6562500   5.7633147e-21
  44055.8984375   5.6747538e-21
  44149.1367188   5.7177325e-21
  44242.3789062   5.7080733e-21
  44335.6171875   5.6289330e-21
  44428.8554688   5.5813729e-21
  44522.0976562   5.2695076e-21
  44615.3359375   5.5230219e-21
  44708.5781250   5.6323205e-21
  44801.8164062   5.5710138e-21
  44895.0585938   5.5644852e-21
  44988.2968750   5.5199907e-21
  45081.5390625   5.4870707e-21
  45174.7773438   5.5258363e-21
  45268.0156250   5.4950048e-21
  45361.2578125   5.4736884e-21
  45454.4960938   5.4344050e-21
  45547.7382812   5.4341186e-21
  45640.9765625   5.3684817e-21
  45734.2187500   5.4430758e-21
  45827.4570312   5.4005960e-21
  45920.6953125   5.4182475e-21
  46013.9375000   5.3820793e-21
  46107.1757812   5.3585649e-21
  46200.4179688   5.3308200e-21
  46293.6562500   5.3368405e-21
  46386.8984375   5.3228188e-21
  46480.1367188   5.3140595e-21
  46573.3789062   5.2799322e-21
  46736.5468750   5.1704960e-21
  46969.6484375   5.0615271e-21
  47202.7460938   5.1448998e-21
  47435.8476562   5.0908431e-21
  47668.9453125   5.0684894e-21
  47902.0468750   5.0439079e-21
  48135.1484375   4.9600145e-21
  48368.2460938   4.9089143e-21
  48601.3476562   4.8894848e-21
  48834.4453125   4.8298115e-21
  49067.5468750   4.8018505e-21
  49300.6484375   4.7409970e-21
  49533.7460938   4.7023029e-21
  49766.8476562   4.6136855e-21
  49999.9453125   4.5898572e-21
  50233.0468750   4.5414336e-21
  50466.1484375   4.4420528e-21
  50699.2460938   4.3617290e-21
  50932.3476562   4.1908839e-21
  51165.4453125   4.1550365e-21
  51398.5468750   4.1159695e-21
  51631.6484375   4.0705069e-21
  51864.7460938   4.0462307e-21
  52097.8476562   4.0198219e-21
  52330.9453125   3.9965853e-21
  52564.0468750   3.9562797e-21
  52797.1484375   3.9351381e-21
  53030.2460938   3.9139892e-21
  53263.3476562   3.8852346e-21
  53496.4453125   3.8982070e-21
  53729.5468750   3.8801185e-21
  53962.6484375   3.8396884e-21
  54195.7460938   3.7937936e-21
  54428.8476562   3.7767370e-21
  54661.9453125   3.7863692e-21
  54895.0468750   3.7393540e-21
  55128.1445312   3.7094046e-21
  55361.2460938   3.6537848e-21
  55594.3476562   3.6826541e-21
  55827.4453125   3.5841243e-21
  56060.5468750   3.6140139e-21
  56293.6445312   3.5732950e-21
  56526.7460938   3.5538571e-21
  56759.8476562   3.5451430e-21
  56992.9453125   3.5129363e-21
  57226.0468750   3.4848921e-21
  57459.1445312   3.4514895e-21
  57692.2460938   3.4330758e-21
  57925.3476562   3.3996319e-21
  58158.4453125   3.3790457e-21
  58391.5468750   3.3391403e-21
  58624.6445312   3.3217491e-21
  58857.7460938   3.2989385e-21
  59090.8476562   3.2642916e-21
  59323.9453125   3.2521999e-21
  59557.0468750   3.2314984e-21
  59790.1445312   3.1000726e-21
  60023.2460938   3.1685666e-21
  60256.3476562   3.1327289e-21
  60489.4453125   3.1420985e-21
  60722.5468750   3.1030148e-21
  60955.6445312   3.1037646e-21
  61188.7460938   3.0581925e-21
  61421.8476562   3.0438282e-21
  61654.9453125   3.0326729e-21
  61888.0468750   2.9902452e-21
  62121.1445312   2.9952400e-21
  62354.2460938   2.9624811e-21
  62587.3476562   2.9642383e-21
  62820.4453125   2.9400707e-21
  63053.5468750   2.9234483e-21
  63286.6445312   2.8820170e-21
  63519.7460938   2.8675355e-21
  63752.8476562   2.8616855e-21
  63985.9453125   2.8525881e-21
  64219.0468750   2.8348411e-21
  64452.1445312   2.8235340e-21
  64685.2460938   2.7917091e-21
  64918.3476562   2.7512625e-21
  65151.4453125   2.7420827e-21
  65384.5468750   2.6950897e-21
  65617.6484375   2.6761827e-21
  65850.7421875   2.6204951e-21
  66083.8437500   2.6048097e-21
  66316.9453125   2.5706928e-21
  66550.0468750   2.5419965e-21
  66783.1484375   2.5641529e-21
  67016.2421875   2.5646258e-21
  67249.3437500   2.5077438e-21
  67482.4453125   2.5353070e-21
  67715.5468750   2.5065546e-21
  67925.3359375   2.5113149e-21
  68158.4375000   2.4825074e-21
  68414.8437500   2.4732900e-21
  68647.9453125   2.4412063e-21
  68881.0468750   2.4459927e-21
  69114.1484375   2.4432013e-21
  69347.2421875   2.4306151e-21
  69580.3437500   2.4603433e-21
  69813.4453125   2.4379921e-21
  70046.5468750   2.4308500e-21
  70279.6484375   2.4117410e-21
  70512.7421875   2.4284385e-21
  70745.8437500   2.4310208e-21
  70978.9453125   2.4271056e-21
  71212.0468750   2.4231755e-21
  71445.1484375   2.4073068e-21
  71678.2421875   2.4218455e-21
  71911.3437500   2.4113597e-21
  72144.4453125   2.4128321e-21
  72377.5468750   2.3882570e-21
  72610.6484375   2.2821683e-21
  72843.7421875   2.3031416e-21
  73076.8437500   2.3035362e-21
  73309.9453125   2.3365593e-21
  73543.0468750   2.1977044e-21
  73776.1484375   2.1719792e-21
  74009.2421875   2.1744607e-21
  74242.3437500   2.2455508e-21
  74475.4453125   2.1686240e-21
  74825.0937500   2.1898328e-21
  75291.2968750   2.2176775e-21
  75757.4921875   2.1541294e-21
  76223.6953125   2.2059433e-21
  76689.8984375   2.1085640e-21
  77156.0937500   2.1484130e-21
  77622.2968750   2.0988721e-21
  78088.4921875   2.0842025e-21
  78554.6953125   2.0357129e-21
  79020.8984375   2.0395162e-21
  79487.0937500   2.0029884e-21
  79953.2968750   1.9783951e-21
  80419.4921875   1.9418275e-21
  80885.6953125   1.8909860e-21
  81351.8984375   1.8816412e-21
  81818.0937500   1.8548035e-21
  82284.2968750   1.8268556e-21
  82750.4921875   1.7934273e-21
  83216.6953125   1.7774859e-21
  83682.8984375   1.7450684e-21
  84149.0937500   1.7094091e-21
  84615.2968750   1.6780563e-21
  85081.4921875   1.6543548e-21
  85547.6953125   1.6274032e-21
  86013.8906250   1.5949116e-21
  86480.0937500   1.5755573e-21
  86946.2968750   1.5364702e-21
  87412.4921875   1.5028410e-21
  87878.6953125   1.4944164e-21
  88344.8906250   1.4475571e-21
  88811.0937500   1.4522821e-21
  89277.2968750   1.4240870e-21
  89743.4921875   1.4035226e-21
  90209.6953125   1.3698221e-21
  90675.8906250   1.3349651e-21
  91142.0937500   1.3308382e-21
  91608.2968750   1.3047489e-21
  92074.4921875   1.2775877e-21
  92540.6953125   1.2591664e-21
  93006.8906250   1.2407326e-21
  93473.0937500   1.2288942e-21
  93939.2968750   1.2104145e-21
  94405.4921875   1.1798678e-21
  94871.6953125   1.1614112e-21
  95337.8906250   1.1528431e-21
  95804.0937500   1.1310376e-21
  96270.2968750   1.1103564e-21
  96736.4921875   1.0955774e-21
  97202.6953125   1.0773836e-21
  97668.8906250   1.0584408e-21
  98135.0937500   1.0494841e-21
  98601.2968750   1.0297285e-21
  99067.4921875   1.0136027e-21
  99533.6953125   1.0042179e-21
  99999.8906250   9.8775382e-22
 100466.0937500   9.7171750e-22
 100932.2968750   9.4981064e-22
 101398.4921875   9.3938970e-22
 101864.6953125   9.2797376e-22
 102330.8906250   9.1633043e-22
 102797.0937500   8.9663258e-22
 103263.2968750   8.9135577e-22
 103729.4921875   8.7175830e-22
 104195.6953125   8.6054047e-22
 104661.8906250   8.4873982e-22
 105128.0937500   8.3762695e-22
 105594.2968750   8.2209050e-22
 106060.4921875   8.1648810e-22
 106526.6953125   8.0059098e-22
 106992.8906250   6.7622353e-22
 107459.0937500   7.2197343e-22
 107925.2968750   7.1699353e-22
 108391.4921875   6.1399233e-22
 108857.6953125   6.6428737e-22
 109323.8906250   6.2548339e-22
 109790.0937500   5.6253987e-22
 110256.2890625   6.1285006e-22
 110722.4921875   5.7733466e-22
 111188.6953125   5.3438059e-22
 111654.8906250   5.7397726e-22
 112121.0937500   5.5658784e-22
 112587.2890625   5.1738809e-22
 113053.4921875   5.4657847e-22
 113519.6953125   5.2796075e-22
 113985.8906250   5.1077519e-22
 114452.0937500   5.1472505e-22
 114918.2890625   5.1614207e-22
 115384.4921875   5.0481847e-22
 115850.6953125   4.5736186e-22
 116316.8906250   4.5598801e-22
 116783.0937500   4.6859337e-22
 117249.2890625   4.5392798e-22
 117715.4921875   4.6918443e-22
 118181.6953125   4.7325929e-22
 118647.8906250   4.7444968e-22
 119114.0937500   4.7508561e-22
 119580.2890625   4.7692950e-22
 120046.4921875   4.7989622e-22
 120512.6953125   4.6554925e-22
 120978.8906250   4.6561676e-22
 121445.0937500   4.6636169e-22
 121911.2890625   4.5600406e-22
 122377.4921875   4.4886286e-22
 122843.6953125   4.5037147e-22
 123309.8906250   4.4644857e-22
 123776.0937500   4.3907892e-22
 124242.2890625   4.3191818e-22
 124708.4921875   4.3399270e-22
 125174.6953125   4.2995368e-22
 125640.8906250   4.1913074e-22
 126107.0937500   4.2007979e-22
 126573.2890625   4.1514614e-22
 127039.4921875   4.1276999e-22
 127505.6953125   4.0214816e-22
 127971.8906250   4.0210578e-22
 128438.0937500   3.9805573e-22
 128904.2890625   3.9266961e-22
 129370.4921875   3.8504286e-22
 129836.6953125   3.8444133e-22
 130302.8906250   3.8205627e-22
 130769.0937500   3.7732055e-22
 131235.2968750   3.7047811e-22
 131701.4843750   3.6842394e-22
 132167.6875000   3.6614791e-22
 132633.8906250   3.6140616e-22
 133100.0937500   3.5673522e-22
 133566.2968750   3.5283365e-22
 134032.4843750   3.4792800e-22
 134498.6875000   3.4547501e-22
 134964.8906250   3.4157354e-22
 135431.0937500   3.3756042e-22
 135897.2968750   3.3443946e-22
 136363.4843750   3.2875270e-22
 136829.6875000   3.2719275e-22
 137295.8906250   3.2206454e-22
 137762.0937500   3.1838550e-22
 138228.2968750   3.1571069e-22
 138694.4843750   3.1191924e-22
 139160.6875000   3.0757162e-22
 139626.8906250   3.0400475e-22
 140093.0937500   3.0021408e-22
 140559.2968750   2.9742795e-22
 141025.4843750   2.9341372e-22
 141491.6875000   2.8839795e-22
 141957.8906250   2.8650302e-22
 142424.0937500   2.8327006e-22
 142890.2968750   2.8003663e-22
 143356.4843750   2.7725015e-22
 143822.6875000   2.7323693e-22
 144288.8906250   2.7022603e-22
 144755.0937500   2.6799700e-22
 145221.2968750   2.6376068e-22
 145687.4843750   2.6130827e-22
 146153.6875000   2.5840948e-22
 146619.8906250   2.5551147e-22
 147086.0937500   2.5238975e-22
 147552.2968750   2.4904574e-22
 148018.4843750   2.4692742e-22
 148484.6875000   2.4391700e-22
 148950.8906250   2.4124189e-22
 149650.1875000   2.3689420e-22
 150582.5937500   2.3154337e-22
 151514.9843750   2.2641484e-22
 152447.3906250   2.2117539e-22
 153379.7968750   2.1560126e-22
 154312.1875000   2.1136540e-22
 155244.5937500   2.0668288e-22
 156176.9843750   2.0267031e-22
 157109.3906250   1.9809950e-22
 158041.7968750   1.9375170e-22
 158974.1875000   1.8940365e-22
 159906.5937500   1.8572489e-22
 160838.9843750   1.8204642e-22
 161771.3906250   1.7814404e-22
 162703.7968750   1.7457737e-22
 163636.1875000   1.7123245e-22
 164568.5937500   1.6744196e-22
 165500.9843750   1.6420925e-22
 166433.3906250   1.6086503e-22
 167365.7968750   1.5763186e-22
 168298.1875000   1.5473389e-22
 169230.5937500   1.5172385e-22
 170162.9843750   1.4826752e-22
 171095.3906250   1.4548100e-22
 172027.7812500   1.4191360e-22
 172960.1875000   1.3901491e-22
 173892.5937500   1.3678562e-22
 174824.9843750   1.3321831e-22
 175757.3906250   1.3165720e-22
 176689.7812500   1.2909324e-22
 177622.1875000   1.2675221e-22
 178554.5937500   1.2463415e-22
 179486.9843750   1.2251598e-22
 180419.3906250   1.1984073e-22
 181351.7812500   1.1772229e-22
 182284.1875000   1.1560423e-22
 183216.5937500   1.1370940e-22
 184148.9843750   1.1116738e-22
 185081.3906250   1.0921664e-22
 186013.7812500   1.0679757e-22
 186946.1875000   1.0510292e-22
 187878.5937500   1.0335252e-22
 188810.9843750   1.0120102e-22
 189743.3906250   9.9662566e-23
 190675.7812500   9.7923608e-23
 191608.1875000   9.6284740e-23
 192540.5937500   9.4679540e-23
 193472.9843750   9.2907083e-23
 194405.3906250   9.1078958e-23
 195337.7812500   8.9629404e-23
 196270.1875000   8.7979694e-23
 197202.5937500   8.6797993e-23
 198134.9843750   8.5103532e-23
 199067.3906250   8.3799123e-23
 199999.7812500   7.9964217e-23
 200932.1875000   7.6653450e-23
 201864.5937500   7.6664570e-23
 202796.9843750   7.3398168e-23
 203729.3906250   7.1614383e-23
 204661.7812500   7.0064783e-23
 205594.1875000   6.7032755e-23
 206526.5937500   6.6508724e-23
 207458.9843750   6.5003615e-23
 208391.3906250   6.2785301e-23
 209323.7812500   6.2907852e-23
 210256.1875000   6.1269129e-23
 211188.5937500   5.9596876e-23
 212120.9843750   5.9418638e-23
 213053.3906250   5.8404182e-23
 213985.7812500   5.6564653e-23
 214918.1875000   5.6709671e-23
 215850.5937500   5.5416576e-23
 216782.9843750   5.4580371e-23
 217715.3906250   5.4078820e-23
 218647.7812500   5.3175851e-23
 219580.1875000   5.2183575e-23
 220512.5781250   5.2094500e-23
 221444.9843750   5.1035363e-23
 222377.3906250   5.0344134e-23
 223309.7812500   4.9597316e-23
 224242.1875000   4.8571668e-23
 225174.5781250   4.8582759e-23
 226106.9843750   4.7657561e-23
 227039.3906250   4.6754498e-23
 227971.7812500   4.6241726e-23
 228904.1875000   4.5472612e-23
 229836.5781250   4.4881752e-23
 230768.9843750   4.4112389e-23
 231701.3906250   4.3856050e-23
 232633.7812500   4.3053378e-23
 233566.1875000   4.2652131e-23
 234498.5781250   4.2061331e-23
 235430.9843750   4.1191704e-23
 236363.3906250   4.0790429e-23
 237295.7812500   4.0244143e-23
 238228.1875000   3.9597558e-23
 239160.5781250   3.9017868e-23
 240092.9843750   3.8505131e-23
 241025.3906250   3.8326630e-23
 241957.7812500   3.7668973e-23
 242890.1875000   3.7145075e-23
 243822.5781250   3.6621063e-23
 244754.9843750   3.6275466e-23
 245687.3906250   3.6108253e-23
 246619.7812500   3.5272208e-23
 247552.1875000   3.4725935e-23
 248484.5781250   3.4458397e-23
 249416.9843750   3.4012448e-23
 250349.3906250   3.3577580e-23
 251281.7812500   3.3209763e-23
 252214.1875000   3.2797252e-23
 253146.5781250   3.2251041e-23
 254078.9843750   3.2050396e-23
 255011.3906250   3.1459508e-23
 255943.7812500   3.1214264e-23
 256876.1875000   3.0668003e-23
 257808.5781250   3.0712621e-23
 258740.9843750   2.9988068e-23
 259673.3906250   2.9831883e-23
 260605.7812500   2.9341372e-23
 261538.1875000   2.9163055e-23
 262470.5937500   2.8594491e-23
 263402.9687500   2.8427332e-23
 264335.3750000   2.8048218e-23
 265267.7812500   2.7535474e-23
 266200.1875000   2.7401686e-23
 267132.5937500   2.7089502e-23
 268064.9687500   2.6721660e-23
 268997.3750000   2.6398318e-23
 269929.7812500   2.6164243e-23
 270862.1875000   2.5807491e-23
 271794.5937500   2.5517729e-23
 272726.9687500   2.5216704e-23
 273659.3750000   2.4815373e-23
 274591.7812500   2.4558958e-23
 275524.1875000   2.4224521e-23
 276456.5937500   2.4035039e-23
 277388.9687500   2.3678290e-23
 278321.3750000   2.3499892e-23
 279253.7812500   2.3221246e-23
 280186.1875000   2.2953664e-23
 281118.5937500   2.2674920e-23
 282050.9687500   2.2351703e-23
 282983.3750000   2.2106372e-23
 283915.7812500   2.1827657e-23
 284848.1875000   2.1560125e-23
 285780.5937500   2.1359474e-23
 286712.9687500   2.1136540e-23
 287645.3750000   2.0947005e-23
 288577.7812500   2.0668288e-23
 289510.1875000   2.0478815e-23
 290442.5937500   2.0188942e-23
 291374.9687500   1.9910254e-23
 292307.3750000   1.9698466e-23
 293239.7812500   1.9486620e-23
 294172.1875000   1.9252516e-23
 295104.5937500   1.9096473e-23
 296036.9687500   1.8851236e-23
 296969.3750000   1.8695163e-23
 297901.7812500   1.8427543e-23
 299300.3750000   1.8137764e-23
 301165.1875000   1.7714074e-23
 303029.9687500   1.7323923e-23
 304894.7812500   1.6933739e-23
 306759.5937500   1.6588147e-23
 308624.3750000   1.6209121e-23
 310489.1875000   1.5863540e-23
 312353.9687500   1.5517965e-23
 314218.7812500   1.5161195e-23
 316083.5937500   1.4849104e-23
 317948.3750000   1.4514659e-23
 319813.1875000   1.4224806e-23
 321677.9687500   1.3901491e-23
 323542.7812500   1.3611683e-23
 325407.5937500   1.3321832e-23
 327272.3750000   1.3043133e-23
 329137.1875000   1.2775540e-23
 331001.9687500   1.2496850e-23
 332866.7812500   1.2240464e-23
 334731.5937500   1.1984074e-23
 336596.3750000   1.1738826e-23
 338461.1875000   1.1493548e-23
 340325.9687500   1.1259427e-23
 342190.7812500   1.1030898e-23
 344055.5625000   1.0809049e-23
 345920.3750000   1.0579435e-23
 347785.1875000   1.0352015e-23
 349649.9687500   1.0144622e-23
 351514.7812500   9.9562387e-24
 353379.5625000   9.7656050e-24
 355244.3750000   9.5727332e-24
 357109.1875000   9.3843722e-24
 358973.9687500   9.1981813e-24
 360838.7812500   9.0198032e-24
 362703.5625000   8.8448079e-24
 364568.3750000   8.6731312e-24
 366433.1875000   8.5069900e-24
 368297.9687500   8.3431160e-24
 370162.7812500   8.1826151e-24
 372027.5625000   8.0287612e-24
 373892.3750000   7.8726820e-24
 375757.1875000   7.7244187e-24
 377621.9687500   7.5817437e-24
 379486.7812500   7.4379139e-24
 381351.5625000   7.3019095e-24
 383216.3750000   7.1681408e-24
 385081.1875000   7.0343500e-24
 386945.9687500   6.9061506e-24
 388810.7812500   6.7768335e-24
 390675.5625000   6.6542027e-24
 392540.3750000   6.5360589e-24
 394405.1875000   6.4178702e-24
 396269.9687500   6.3030641e-24
 398134.7812500   6.1904751e-24
 399999.5625000   6.0800839e-24
 401864.3750000   5.9730777e-24
 403729.1875000   5.8682897e-24
 405593.9687500   5.7657197e-24
 407458.7812500   5.6642710e-24
 409323.5625000   5.5661718e-24
 411188.3750000   5.4680659e-24
 413053.1875000   5.3733174e-24
 414917.9687500   5.2807903e-24
 416782.7812500   5.1927294e-24
 418647.5625000   5.1012953e-24
 420512.3750000   5.0177036e-24
 422377.1875000   4.9340950e-24
 424241.9687500   4.8471298e-24
 426106.7812500   4.7679755e-24
 427971.5625000   4.6899485e-24
 429836.3750000   4.6130168e-24
 431701.1875000   4.5361111e-24
 433565.9687500   4.4614088e-24
 435430.7812500   4.3878400e-24
 437295.5625000   4.3164891e-24
 439160.3750000   4.2462612e-24
 441025.1562500   4.1771388e-24
 442889.9687500   4.1091425e-24
 444754.7812500   4.0433709e-24
 446619.5625000   3.9798230e-24
 448484.3750000   3.9151585e-24
 450349.1562500   3.8538462e-24
 452213.9687500   3.7925439e-24
 454078.7812500   3.7301032e-24
 455943.5625000   3.6732531e-24
 457808.3750000   3.6163956e-24
 459673.1562500   3.5606531e-24
 461537.9687500   3.5060312e-24
 463402.7812500   3.4514136e-24
 465267.5625000   3.3979004e-24
 467132.3750000   3.3454964e-24
 932399.9375000   2.2518912e-25
1864799.8750000   1.4470040e-26
2797199.7500000   2.8761751e-27
3729599.7500000   9.1112163e-28
4661999.5000000   3.7312172e-28
5594399.5000000   1.7981675e-28
6526799.5000000   9.6920282e-29
7459199.5000000   5.6754267e-29
