    346.0729980   9.5045046e-24
    357.4819946   1.0873246e-23
    365.0880127   1.1630154e-23
    372.6940002   6.5267455e-23
    380.2999878   1.8072668e-22
    387.9060059   1.9602095e-22
    395.5119934   1.8618902e-22
    403.1180115   1.8915370e-22
    410.7239990   1.9305546e-22
    418.3299866   2.2052391e-22
    433.5419922   2.2879518e-22
    448.7539978   2.2223994e-22
    460.1629944   2.8154643e-22
    475.3750000   2.9231442e-22
    482.9809875   2.9855778e-22
    486.7839966   3.0323977e-22
    498.1929932   2.9247110e-22
    501.9960022   3.0261446e-22
    509.6019897   2.8903742e-22
    521.0109863   3.2134301e-22
    532.4199829   3.2212298e-22
    543.8289795   4.0686891e-22
    559.0410156   5.0597114e-22
    574.2529907   4.5290905e-22
    589.4649658   5.1112143e-22
    604.6770020   5.1315026e-22
    616.0859985   5.1393059e-22
    631.2979736   5.1720705e-22
    646.5100098   5.1673928e-22
    657.9190063   4.2466026e-22
    673.1309814   5.2064153e-22
    684.5399780   5.2142181e-22
    692.1459961   5.2142181e-22
    707.3579712   5.2220330e-22
    726.3729858   5.2282747e-22
    737.7819824   5.2594808e-22
    752.9940186   5.2454323e-22
    768.2059937   5.2641716e-22
    779.6149902   5.2579102e-22
    798.6300049   5.0971592e-22
    821.4479980   5.2532244e-22
    836.6599731   5.2719688e-22
    848.0689697   5.2095258e-22
    863.2810059   5.2844401e-22
    874.6900024   6.6188282e-22
    889.9019775   9.8962659e-22
    912.7199707   1.0768220e-21
    935.5379639   9.5333505e-22
    958.3560181   9.3890018e-22
    977.3709717   8.3302399e-22
    988.7799683   8.5420070e-22
   1003.9920044   1.0458551e-21
   1023.0070190   1.0349711e-21
   1042.0219727   1.0115627e-21
   1061.0369873   8.4021456e-22
   1080.0520020   9.6390644e-22
   1102.8699951   9.5896204e-22
   1125.6879883   8.4501048e-22
   1144.7030029   7.4520168e-22
   1171.3239746   7.6512298e-22
   1209.3540039   7.0347925e-22
   1247.3840332   6.7794620e-22
   1285.4139404   5.9989810e-22
   1323.4439697   5.3218677e-22
   1357.6710205   6.7668196e-22
   1391.8979492   9.7640311e-22
   1426.1250000   9.0976337e-22
   1464.1550293   6.7998583e-22
   1502.1849365   9.5652230e-22
   1540.2149658   1.1210446e-21
   1574.4420166   1.0601216e-21
   1604.8659668   9.2143265e-22
   1635.2900391   8.4459866e-22
   1677.1230469   9.3481032e-22
   1715.1529541   9.0932403e-22
   1749.3800049   7.6702054e-22
   1787.4100342   7.4886634e-22
   1825.4399414   8.0894735e-22
   1863.4699707   6.5807423e-22
   1901.5000000   7.8506645e-22
   1924.3179932   6.6167941e-22
   1947.1359863   1.0219044e-21
   1977.5599365   9.4742896e-22
   2015.5899658   8.4955771e-22
   2053.6198730   6.7977081e-22
   2091.6499023   6.4382616e-22
   2129.6799316   8.2975606e-22
   2167.7099609   9.1345074e-22
   2205.7399902   8.7909124e-22
   2243.7700195   8.8424901e-22
   2281.8000488   7.3452765e-22
   2319.8300781   7.0828128e-22
   2357.8598633   8.9786336e-22
   2395.8898926   8.4537803e-22
   2433.9199219   9.3729752e-22
   2471.9499512   9.0839800e-22
   2502.3740234   8.4037693e-22
   2528.9948730   9.6007447e-22
   2567.0249023   1.0286813e-21
   2605.0549316   8.9952105e-22
   2643.0849609   1.0736110e-21
   2681.1149902   8.9312030e-22
   2722.9479980   1.1909324e-21
   2760.9780273   1.2541293e-21
   2795.2050781   1.3115356e-21
   2833.2348633   1.3307115e-21
   2871.2648926   1.3957303e-21
   2909.2949219   1.3287900e-21
   2947.3249512   1.5835858e-21
   2985.3549805   1.5557155e-21
   3023.3850098   1.8077907e-21
   3061.4150391   2.0630228e-21
   3099.4450684   2.3835137e-21
   3137.4750977   2.8016741e-21
   3175.5048828   2.5895176e-21
   3213.5349121   3.7363058e-21
   3251.5649414   4.3234198e-21
   3289.5949707   5.3087951e-21
   3327.6250000   6.3582619e-21
   3365.6550293   7.6420955e-21
   3403.6850586   9.2591520e-21
   3441.7150879   1.1040801e-20
   3479.7448730   1.3051517e-20
   3517.7749023   4.1974838e-20
   3555.8049316   7.5969864e-20
   3593.8349609   1.1055843e-19
   3631.8649902   1.4278780e-19
   3669.8950195   1.5760024e-19
   3707.9250488   7.5252259e-20
   3745.9550781   1.4759011e-19
   3783.9848633   1.4699949e-19
   3822.0148926   1.8730033e-19
   3860.0449219   1.9983078e-19
   3898.0749512   1.4970657e-19
   3936.1049805   2.2651858e-19
   3974.1350098   3.0801544e-19
   4012.1650391   3.0223727e-19
   4050.1950684   2.6274247e-19
   4088.2248535   2.9245053e-19
   4126.2548828   2.6424918e-19
   4164.2851562   3.1101820e-19
   4202.3149414   3.0007476e-19
   4240.3447266   2.9825636e-19
   4278.3750000   2.6535982e-19
   4316.4047852   3.1917555e-19
   4354.4350586   3.0931819e-19
   4392.4648438   3.1345911e-19
   4430.4951172   3.1136673e-19
   4468.5249023   2.1326602e-19
   4506.5551758   3.0568271e-19
   4544.5849609   2.7625144e-19
   4582.6147461   2.3958348e-19
   4620.6450195   2.0177802e-19
   4658.6748047   3.9948008e-19
   4696.7050781   4.6748815e-19
   4734.7348633   4.8011191e-19
   4772.7651367   4.7502367e-19
   4810.7949219   4.7596546e-19
   4848.8251953   5.4170176e-19
   4886.8549805   5.5620007e-19
   4924.8847656   4.9111848e-19
   4962.9150391   5.0568901e-19
   5000.9448242   5.7367059e-19
   5038.9750977   5.5575567e-19
   5077.0048828   5.3577016e-19
   5115.0351562   5.7778447e-19
   5153.0649414   5.7310650e-19
   5191.0947266   5.4435851e-19
   5229.1250000   5.4388537e-19
   5267.1547852   5.4297604e-19
   5305.1850586   4.0723360e-19
   5343.2148438   4.0082275e-19
   5381.2451172   5.2830475e-19
   5419.2749023   5.1638311e-19
   5457.3051758   5.4620488e-19
   5483.9257812   5.5509216e-19
   5502.9409180   5.5564581e-19
   5533.3647461   5.4329331e-19
   5571.3950195   5.2266446e-19
   5609.4248047   5.3802908e-19
   5647.4550781   5.4792035e-19
   5685.4848633   5.4718209e-19
   5723.5151367   5.2192812e-19
   5750.1357422   4.8531648e-19
   5769.1508789   5.0098716e-19
   5799.5751953   5.0282996e-19
   5837.6049805   4.3735128e-19
   5875.6347656   3.8981610e-19
   5913.6650391   3.9224613e-19
   5951.6948242   4.4103347e-19
   5989.7250977   4.6836771e-19
   6027.7548828   4.7666836e-19
   6065.7851562   4.7900830e-19
   6103.8149414   4.7299811e-19
   6141.8447266   4.6728084e-19
   6179.8750000   4.6508395e-19
   6217.9047852   4.8928426e-19
   6255.9350586   4.9241871e-19
   6293.9648438   4.9002190e-19
   6331.9951172   5.0562909e-19
   6358.6157227   4.7503199e-19
   6377.6308594   5.2964990e-19
   6408.0551758   5.2272417e-19
   6446.0849609   5.0224949e-19
   6484.1147461   4.9335383e-19
   6522.1450195   4.6946124e-19
   6560.1748047   4.6273890e-19
   6598.2050781   4.8595631e-19
   6636.2348633   4.7830199e-19
   6674.2651367   4.8639616e-19
   6712.2949219   4.7556014e-19
   6750.3251953   4.6356882e-19
   6788.3549805   4.7708516e-19
   6826.3847656   4.8799236e-19
   6864.4150391   4.9333434e-19
   6902.4448242   4.5814453e-19
   6940.4750977   4.6999968e-19
   6978.5048828   4.6204443e-19
   7016.5351562   4.3358176e-19
   7054.5649414   4.3438041e-19
   7092.5947266   4.4030188e-19
   7130.6250000   4.5635327e-19
   7168.6547852   4.2024828e-19
   7206.6850586   4.0171096e-19
   7244.7148438   4.2811337e-19
   7282.7451172   4.0675816e-19
   7320.7749023   3.8955598e-19
   7358.8051758   4.1299357e-19
   7396.8349609   4.2030365e-19
   7434.8647461   3.8574410e-19
   7480.5009766   4.1520323e-19
   7514.7280273   4.2745577e-19
   7545.1518555   4.0649025e-19
   7586.9848633   3.9900843e-19
   7625.0151367   4.1241540e-19
   7663.0449219   4.0655989e-19
   7701.0747070   4.1840297e-19
   7739.1049805   3.9177613e-19
   7777.1347656   3.9794090e-19
   7815.1650391   3.5477177e-19
   7853.1948242   3.7207985e-19
   7887.4218750   4.1000624e-19
   7902.6337891   3.8119866e-19
   7929.2548828   3.9520994e-19
   7967.2851562   3.7730781e-19
   8005.3149414   3.8593898e-19
   8043.3447266   3.9005412e-19
   8081.3750000   3.9120016e-19
   8119.4047852   3.8336613e-19
   8157.4350586   3.7358793e-19
   8195.4648438   3.8564587e-19
   8233.4951172   3.7955319e-19
   8271.5253906   3.7973158e-19
   8309.5546875   3.6994694e-19
   8347.5849609   3.7934151e-19
   8385.6152344   3.7646696e-19
   8423.6445312   3.6852639e-19
   8461.6748047   3.6312174e-19
   8499.7050781   3.6646373e-19
   8537.7353516   3.6531478e-19
   8575.7646484   3.5681092e-19
   8613.7949219   3.6377780e-19
   8651.8251953   3.6498282e-19
   8689.8544922   3.6561654e-19
   8727.8847656   3.4612548e-19
   8765.9150391   3.5475150e-19
   8803.9453125   3.4745510e-19
   8841.9746094   3.0824953e-19
   8880.0048828   3.3735191e-19
   8918.0351562   3.3783824e-19
   8956.0644531   3.3886059e-19
   8994.0947266   3.3259433e-19
   9032.1250000   3.2931092e-19
   9070.1552734   3.2015547e-19
   9108.1845703   3.2511905e-19
   9146.2148438   3.1862933e-19
   9184.2451172   3.1867971e-19
   9222.2753906   3.2064940e-19
   9260.3046875   3.1160612e-19
   9298.3349609   3.1549767e-19
   9336.3652344   3.1275782e-19
   9374.3945312   3.0931545e-19
   9412.4248047   3.0456377e-19
   9450.4550781   3.0257326e-19
   9488.4853516   2.5851312e-19
   9526.5146484   2.9659091e-19
   9556.9384766   2.8313485e-19
   9575.9541016   2.9448175e-19
   9602.5751953   2.9134420e-19
   9640.6044922   2.9082132e-19
   9678.6347656   2.8461597e-19
   9716.6650391   2.8835276e-19
   9754.6953125   2.8608600e-19
   9792.7246094   2.8890415e-19
   9830.7548828   2.8661167e-19
   9868.7851562   2.8398294e-19
   9906.8144531   2.8104981e-19
   9944.8447266   2.7784785e-19
   9982.8750000   2.7840971e-19
  10020.9052734   2.7810787e-19
  10058.9345703   2.8000379e-19
  10096.9648438   2.7929637e-19
  10134.9951172   2.7015401e-19
  10173.0253906   2.7171994e-19
  10211.0546875   2.7151953e-19
  10249.0849609   2.6499064e-19
  10287.1152344   2.6365333e-19
  10325.1445312   2.6143718e-19
  10363.1748047   2.6129829e-19
  10401.2050781   2.6065872e-19
  10439.2353516   2.5380957e-19
  10477.2646484   2.5297939e-19
  10515.2949219   2.5254866e-19
  10553.3251953   2.5508686e-19
  10591.3544922   2.5160764e-19
  10629.3847656   2.3846237e-19
  10667.4150391   2.4286979e-19
  10705.4453125   2.4722725e-19
  10743.4746094   2.4481131e-19
  10781.5048828   2.3655039e-19
  10819.5351562   2.3675098e-19
  10857.5644531   2.3449508e-19
  10895.5947266   2.3576837e-19
  10933.6250000   2.3298915e-19
  10971.6552734   2.3166982e-19
  11009.6845703   2.2902842e-19
  11066.7294922   2.2834044e-19
  11142.7900391   2.2578856e-19
  11218.8496094   2.2158892e-19
  11294.9101562   2.2033706e-19
  11370.9697266   2.1756864e-19
  11447.0302734   2.1413417e-19
  11523.0898438   2.1339719e-19
  11599.1503906   2.1137220e-19
  11675.2099609   2.0913022e-19
  11751.2695312   2.0531255e-19
  11827.3300781   2.0373079e-19
  11903.3896484   2.0012852e-19
  11979.4501953   1.9821029e-19
  12055.5097656   1.9434853e-19
  12131.5703125   1.9025009e-19
  12207.6298828   1.8821067e-19
  12283.6894531   1.8523558e-19
  12359.7500000   1.8312923e-19
  12435.8095703   1.7963071e-19
  12511.8701172   1.7694660e-19
  12587.9296875   1.7424288e-19
  12663.9902344   1.7083532e-19
  12740.0498047   1.6745102e-19
  12816.1103516   1.6465576e-19
  12892.1699219   1.6234720e-19
  12968.2294922   1.5987499e-19
  13044.2900391   1.5608963e-19
  13120.3496094   1.5349211e-19
  13196.4101562   1.5161748e-19
  13272.4697266   1.4920379e-19
  13348.5302734   1.4722305e-19
  13424.5898438   1.4507923e-19
  13500.6503906   1.4296915e-19
  13576.7099609   1.4044309e-19
  13652.7695312   1.3729859e-19
  13728.8300781   1.3537776e-19
  13804.8896484   1.3380134e-19
  13842.9199219   1.3299226e-19
  13880.9501953   1.3267782e-19
  13957.0097656   1.3029525e-19
  14033.0703125   1.2544047e-19
  14109.1298828   1.2744904e-19
  14185.1894531   1.2616813e-19
  14261.2500000   1.3704558e-19
  14337.3095703   1.3695292e-19
  14413.3701172   1.4440795e-19
  14489.4296875   1.5188207e-19
  14565.4902344   1.3424632e-19
  14641.5498047   1.5328664e-19
  14717.6103516   1.5454327e-19
  14793.6699219   1.2752742e-19
  14869.7294922   1.5383358e-19
  14945.7900391   1.4712866e-19
  15021.8496094   1.4833286e-19
  15097.9101562   1.1836167e-19
  15173.9697266   1.4636560e-19
  15250.0302734   1.4809397e-19
  15326.0898438   1.4401591e-19
  15402.1494141   1.4519523e-19
  15478.2099609   1.4063567e-19
  15554.2695312   1.3256075e-19
  15630.3300781   1.1791650e-19
  15706.3896484   1.3523514e-19
  15782.4501953   1.3581666e-19
  15858.5097656   1.3499659e-19
  15934.5703125   1.3415497e-19
  16010.6298828   1.3326589e-19
  16086.6894531   1.3150251e-19
  16162.7500000   1.2988617e-19
  16238.8095703   1.2657161e-19
  16314.8701172   1.2617477e-19
  16390.9296875   1.2235697e-19
  16466.9902344   1.1417746e-19
  16543.0507812   1.0519681e-19
  16619.1093750   1.2040433e-19
  16695.1699219   1.1856821e-19
  16771.2304688   1.1854270e-19
  16847.2890625   1.1813938e-19
  16923.3496094   1.1742709e-19
  16999.4101562   1.1443700e-19
  17075.4707031   1.1521765e-19
  17151.5292969   1.1587074e-19
  17227.5898438   1.1308554e-19
  17303.6503906   1.1176722e-19
  17379.7089844   1.1227198e-19
  17455.7695312   1.1003527e-19
  17531.8300781   1.0928589e-19
  17607.8906250   1.0732009e-19
  17683.9492188   1.0577498e-19
  17760.0097656   1.0611371e-19
  17836.0703125   1.0467834e-19
  17912.1289062   1.0214557e-19
  17988.1894531   1.0303271e-19
  18064.2500000   1.0256903e-19
  18140.3105469   1.0214243e-19
  18216.3691406   1.0066126e-19
  18292.4296875   9.8993085e-20
  18368.4902344   9.7975795e-20
  18444.5507812   9.1134301e-20
  18520.6093750   8.1570788e-20
  18596.6699219   9.4697136e-20
  18672.7304688   9.4447515e-20
  18748.7890625   9.2238820e-20
  18824.8496094   9.3044817e-20
  18900.9101562   9.1934281e-20
  18976.9707031   8.9878647e-20
  19053.0292969   8.6649573e-20
  19129.0898438   8.8068731e-20
  19205.1503906   8.6796592e-20
  19281.2089844   8.7676628e-20
  19357.2695312   8.5989179e-20
  19433.3300781   8.5466227e-20
  19509.3906250   8.3764652e-20
  19585.4492188   8.2461564e-20
  19661.5097656   8.0789994e-20
  19737.5703125   8.0475174e-20
  19813.6289062   8.0066592e-20
  19889.6894531   8.0203141e-20
  19965.7500000   8.0246478e-20
  20041.8105469   7.7907631e-20
  20117.8691406   7.9366384e-20
  20193.9296875   7.9175260e-20
  20269.9902344   7.7001771e-20
  20346.0507812   7.7679400e-20
  20422.1093750   7.7156138e-20
  20498.1699219   7.5890829e-20
  20574.2304688   7.4944218e-20
  20650.2890625   7.4457357e-20
  20726.3496094   7.4293052e-20
  20802.4101562   7.2917289e-20
  20878.4707031   7.2375228e-20
  20954.5292969   7.1783263e-20
  21030.5898438   7.1796821e-20
  21106.6503906   7.1667969e-20
  21182.7089844   7.0929303e-20
  21258.7695312   6.9763967e-20
  21334.8300781   6.9723228e-20
  21410.8906250   6.8739329e-20
  21486.9492188   6.8270589e-20
  21563.0097656   6.7469077e-20
  21639.0703125   6.7609976e-20
  21715.1289062   6.6756383e-20
  21791.1894531   6.7795516e-20
  21867.2500000   6.6273801e-20
  21943.3105469   6.6267397e-20
  22019.3691406   6.5023408e-20
  22095.4296875   6.5395135e-20
  22171.4902344   6.5481065e-20
  22247.5507812   6.4371589e-20
  22323.6093750   6.2923687e-20
  22399.6699219   6.1327364e-20
  22475.7304688   6.2412871e-20
  22551.7890625   6.2107712e-20
  22627.8496094   6.1559977e-20
  22703.9101562   6.1781254e-20
  22779.9707031   6.0796651e-20
  22856.0292969   6.0437254e-20
  22932.0898438   6.0703800e-20
  23008.1503906   6.0680348e-20
  23084.2089844   6.0462476e-20
  23160.2695312   5.9321723e-20
  23236.3300781   5.9051907e-20
  23312.3906250   5.7613996e-20
  23388.4492188   5.7194486e-20
  23464.5097656   5.6090995e-20
  23540.5703125   5.6350503e-20
  23616.6289062   5.5682089e-20
  23692.6894531   5.4522944e-20
  23768.7500000   5.3409036e-20
  23844.8105469   5.4400005e-20
  23920.8691406   5.4754510e-20
  23996.9296875   5.4029040e-20
  24072.9902344   5.4334102e-20
  24149.0507812   5.3802438e-20
  24225.1093750   5.3564782e-20
  24301.1699219   5.3819453e-20
  24377.2304688   5.3333795e-20
  24453.2890625   5.3241819e-20
  24529.3496094   5.2951502e-20
  24605.4101562   5.2808441e-20
  24681.4707031   5.1871520e-20
  24757.5292969   5.2172879e-20
  24833.5898438   5.1679831e-20
  24909.6503906   4.9941643e-20
  24985.7089844   4.5485857e-20
  25061.7695312   5.0491008e-20
  25137.8300781   5.0840582e-20
  25213.8906250   5.0391762e-20
  25289.9492188   4.9866250e-20
  25366.0097656   4.8844479e-20
  25442.0703125   4.8921982e-20
  25518.1289062   4.7976624e-20
  25594.1894531   4.8178059e-20
  25670.2500000   4.7530958e-20
  25746.3105469   4.7571057e-20
  25822.3691406   4.7027018e-20
  25898.4296875   4.7141782e-20
  25974.4902344   4.7185697e-20
  26050.5507812   4.6664099e-20
  26126.6093750   4.6883899e-20
  26202.6699219   4.7184870e-20
  26278.7304688   4.7015040e-20
  26354.7890625   4.6556219e-20
  26430.8496094   4.6090940e-20
  26506.9101562   4.6269217e-20
  26582.9707031   4.5944619e-20
  26659.0292969   4.5461691e-20
  26735.0898438   4.5471078e-20
  26811.1503906   4.5062735e-20
  26887.2089844   4.3649352e-20
  26963.2695312   4.2840114e-20
  27039.3300781   4.1488242e-20
  27115.3906250   4.0823638e-20
  27191.4492188   4.0965703e-20
  27267.5097656   4.1112783e-20
  27343.5703125   4.0870820e-20
  27419.6289062   4.1545679e-20
  27495.6894531   4.1749625e-20
  27571.7500000   4.2035719e-20
  27647.8105469   4.2013754e-20
  27723.8691406   4.1636462e-20
  27799.9296875   4.2257284e-20
  27875.9902344   4.2209059e-20
  27952.0488281   4.2304821e-20
  28028.1093750   4.2823748e-20
  28104.1699219   4.2268975e-20
  28180.2304688   4.2137007e-20
  28256.2890625   4.2206280e-20
  28332.3496094   4.2141081e-20
  28408.4101562   4.2013201e-20
  28484.4707031   4.1770899e-20
  28560.5292969   4.1953647e-20
  28636.5898438   4.2136270e-20
  28712.6503906   4.2126832e-20
  28788.7089844   4.1815502e-20
  28864.7695312   4.1295370e-20
  28940.8300781   4.0920030e-20
  29016.8906250   4.0585878e-20
  29092.9492188   4.0172508e-20
  29169.0097656   3.9246841e-20
  29245.0703125   3.9557809e-20
  29321.1289062   3.9058725e-20
  29397.1894531   3.8935414e-20
  29473.2500000   3.8743686e-20
  29549.3105469   3.8766495e-20
  29625.3691406   3.8925326e-20
  29701.4296875   3.8843015e-20
  29777.4902344   3.8728713e-20
  29853.5488281   3.8204506e-20
  29929.6093750   3.8147166e-20
  30005.6699219   3.7184622e-20
  30081.7304688   3.6662955e-20
  30157.7890625   3.6783109e-20
  30233.8496094   3.6465756e-20
  30309.9101562   3.7071136e-20
  30385.9707031   3.6943389e-20
  30462.0292969   3.7174502e-20
  30538.0898438   3.7078138e-20
  30614.1503906   3.6849077e-20
  30690.2089844   3.6550898e-20
  30766.2695312   3.5987190e-20
  30842.3300781   3.5772569e-20
  30918.3906250   3.6130351e-20
  30994.4492188   3.6063924e-20
  31070.5097656   3.6103545e-20
  31146.5703125   3.5685793e-20
  31222.6289062   3.5443070e-20
  31298.6894531   3.5598916e-20
  31374.7500000   3.5590008e-20
  31450.8105469   3.5649924e-20
  31526.8691406   3.5352746e-20
  31602.9296875   3.4489483e-20
  31678.9902344   3.4473886e-20
  31755.0488281   3.4356598e-20
  31831.1093750   3.4415492e-20
  31907.1699219   3.3987559e-20
  31983.2304688   3.4490394e-20
  32059.2890625   3.3970695e-20
  32135.3496094   3.3702169e-20
  32211.4101562   3.3486908e-20
  32287.4707031   3.4032967e-20
  32363.5292969   3.2491347e-20
  32439.5898438   3.3886207e-20
  32515.6503906   3.1525388e-20
  32591.7089844   3.4507665e-20
  32667.7695312   3.3376641e-20
  32743.8300781   3.3380160e-20
  32819.8906250   3.4633836e-20
  32895.9492188   3.4093554e-20
  32972.0117188   3.1071104e-20
  33048.0703125   3.3696104e-20
  33124.1289062   3.4439384e-20
  33200.1914062   3.4108082e-20
  33276.2500000   3.2208196e-20
  33352.3085938   3.3811728e-20
  33428.3710938   3.4258661e-20
  33504.4296875   3.3785310e-20
  33580.4882812   3.3804455e-20
  33656.5507812   3.3248625e-20
  33732.6093750   3.1612597e-20
  33808.6679688   3.3497645e-20
  33884.7304688   3.3885612e-20
  33960.7890625   3.3344555e-20
  34036.8515625   3.3330354e-20
  34112.9101562   3.3256218e-20
  34188.9687500   3.2909839e-20
  34265.0312500   3.0983346e-20
  34341.0898438   3.2133595e-20
  34417.1484375   3.3339576e-20
  34493.2109375   3.2904779e-20
  34569.2695312   3.2092695e-20
  34645.3281250   3.2153641e-20
  34721.3906250   3.2493063e-20
  34797.4492188   3.2220504e-20
  34873.5078125   3.1788994e-20
  34949.5703125   3.1575827e-20
  35025.6289062   3.0371423e-20
  35101.6914062   2.8831477e-20
  35177.7500000   3.0024876e-20
  35253.8085938   3.0561290e-20
  35329.8710938   3.0659294e-20
  35405.9296875   3.0773823e-20
  35481.9882812   3.0591905e-20
  35558.0507812   3.0541566e-20
  35634.1093750   3.0183136e-20
  35710.1679688   3.0308398e-20
  35786.2304688   2.9685286e-20
  35862.2890625   3.0168159e-20
  35938.3515625   2.9714893e-20
  36014.4101562   2.9950203e-20
  36090.4687500   2.9909982e-20
  36166.5312500   2.9505397e-20
  36242.5898438   2.9265996e-20
  36318.6484375   2.7640072e-20
  36394.7109375   2.8979627e-20
  36470.7695312   2.9563115e-20
  36546.8281250   2.9251090e-20
  36622.8906250   2.9226437e-20
  36698.9492188   2.9002542e-20
  36775.0078125   2.8839203e-20
  36851.0703125   2.9052389e-20
  36927.1289062   2.8899807e-20
  37003.1914062   2.8797055e-20
  37079.2500000   2.8599805e-20
  37155.3085938   2.8607722e-20
  37231.3710938   2.8271114e-20
  37307.4296875   2.8673253e-20
  37383.4882812   2.8458722e-20
  37459.5507812   2.8560895e-20
  37535.6093750   2.8379342e-20
  37611.6679688   2.8264287e-20
  37687.7304688   2.8126836e-20
  37763.7890625   2.8167506e-20
  37839.8515625   2.8102263e-20
  37915.9101562   2.8064771e-20
  37991.9687500   2.7893354e-20
  38125.0742188   2.7332733e-20
  38315.2265625   2.6780085e-20
  38505.3750000   2.7244883e-20
  38695.5234375   2.6982200e-20
  38885.6757812   2.6887094e-20
  39075.8242188   2.6779265e-20
  39265.9765625   2.6355957e-20
  39456.1250000   2.6106198e-20
  39646.2734375   2.6023892e-20
  39836.4257812   2.5727970e-20
  40026.5742188   2.5599705e-20
  40216.7265625   2.5295605e-20
  40406.8750000   2.5108660e-20
  40597.0234375   2.4654632e-20
  40787.1757812   2.4547021e-20
  40977.3242188   2.4306185e-20
  41167.4765625   2.3792674e-20
  41357.6250000   2.3380611e-20
  41547.7734375   2.2481491e-20
  41737.9257812   2.2305840e-20
  41928.0742188   2.2112520e-20
  42118.2265625   2.1884415e-20
  42308.3750000   2.1769479e-20
  42498.5234375   2.1642693e-20
  42688.6757812   2.1532902e-20
  42878.8242188   2.1330912e-20
  43068.9765625   2.1232027e-20
  43259.1250000   2.1132856e-20
  43449.2734375   2.0991238e-20
  43639.4257812   2.1076224e-20
  43829.5742188   2.0991976e-20
  44019.7265625   2.0788118e-20
  44209.8750000   2.0552907e-20
  44400.0234375   2.0473627e-20
  44590.1757812   2.0539100e-20
  44780.3242188   2.0297166e-20
  44970.4765625   2.0147695e-20
  45160.6250000   1.9858408e-20
  45350.7734375   2.0028240e-20
  45540.9257812   1.9504371e-20
  45731.0742188   1.9679039e-20
  45921.2265625   1.9469878e-20
  46111.3750000   1.9375281e-20
  46301.5234375   1.9338982e-20
  46491.6757812   1.9175667e-20
  46681.8242188   1.9033701e-20
  46871.9765625   1.8862195e-20
  47062.1250000   1.8772526e-20
  47252.2734375   1.8600431e-20
  47442.4257812   1.8498599e-20
  47632.5742188   1.8290739e-20
  47822.7265625   1.8206106e-20
  48012.8750000   1.8090933e-20
  48203.0234375   1.7910843e-20
  48393.1757812   1.7854217e-20
  48583.3242188   1.7750310e-20
  48773.4765625   1.7037827e-20
  48963.6250000   1.7423829e-20
  49153.7734375   1.7235612e-20
  49343.9257812   1.7296655e-20
  49534.0742188   1.7090361e-20
  49724.2265625   1.7103877e-20
  49914.3750000   1.6861481e-20
  50104.5234375   1.6790907e-20
  50294.6757812   1.6738043e-20
  50484.8242188   1.6511850e-20
  50674.9765625   1.6548003e-20
  50865.1250000   1.6374929e-20
  51055.2734375   1.6393133e-20
  51245.4257812   1.6267408e-20
  51435.5742188   1.6183252e-20
  51625.7265625   1.5961612e-20
  51815.8750000   1.5889151e-20
  52006.0234375   1.5864329e-20
  52196.1757812   1.5821606e-20
  52386.3242188   1.5730841e-20
  52576.4765625   1.5675187e-20
  52766.6250000   1.5505450e-20
  52956.7734375   1.5288257e-20
  53146.9257812   1.5244141e-20
  53337.0742188   1.4989671e-20
  53527.2265625   1.4891248e-20
  53717.3750000   1.4587980e-20
  53907.5234375   1.4507221e-20
  54097.6757812   1.4323185e-20
  54287.8242188   1.4169769e-20
  54477.9765625   1.4299678e-20
  54668.1250000   1.4308347e-20
  54858.2734375   1.3996835e-20
  55048.4257812   1.4157143e-20
  55238.5742188   1.4002429e-20
  55409.7109375   1.4034444e-20
  55599.8593750   1.3878818e-20
  55809.0234375   1.3834029e-20
  55999.1757812   1.3659851e-20
  56189.3242188   1.3692405e-20
  56379.4726562   1.3682546e-20
  56569.6250000   1.3617324e-20
  56759.7734375   1.3789626e-20
  56949.9257812   1.3669693e-20
  57140.0742188   1.3635395e-20
  57330.2226562   1.3533437e-20
  57520.3750000   1.3632402e-20
  57710.5234375   1.3652235e-20
  57900.6757812   1.3635455e-20
  58090.8242188   1.3618698e-20
  58280.9726562   1.3534744e-20
  58471.1250000   1.3621750e-20
  58661.2734375   1.3567596e-20
  58851.4257812   1.3580711e-20
  59041.5742188   1.3447587e-20
  59231.7226562   1.2855198e-20
  59421.8750000   1.2977556e-20
  59612.0234375   1.2984854e-20
  59802.1757812   1.3176034e-20
  59992.3242188   1.2397050e-20
  60182.4726562   1.2256672e-20
  60372.6250000   1.2274664e-20
  60562.7734375   1.2680920e-20
  60752.9257812   1.2250377e-20
  61038.1484375   1.2377030e-20
  61418.4492188   1.2542505e-20
  61798.7500000   1.2191712e-20
  62179.0507812   1.2493081e-20
  62559.3476562   1.1950085e-20
  62939.6484375   1.2183790e-20
  63319.9492188   1.1910526e-20
  63700.2500000   1.1834971e-20
  64080.5507812   1.1567041e-20
  64460.8476562   1.1595372e-20
  64841.1484375   1.1395052e-20
  65221.4492188   1.1261717e-20
  65601.7500000   1.1060699e-20
  65982.0468750   1.0777352e-20
  66362.3515625   1.0730359e-20
  66742.6484375   1.0583446e-20
  67122.9531250   1.0430067e-20
  67503.2500000   1.0245153e-20
  67883.5468750   1.0159974e-20
  68263.8515625   9.9798485e-21
  68644.1484375   9.7815852e-21
  69024.4531250   9.6071567e-21
  69404.7500000   9.4763701e-21
  69785.0468750   9.3273936e-21
  70165.3515625   9.1459082e-21
  70545.6484375   9.0396050e-21
  70925.9531250   8.8198779e-21
  71306.2500000   8.6313058e-21
  71686.5468750   8.5873327e-21
  72066.8515625   8.3218667e-21
  72447.1484375   8.3533206e-21
  72827.4531250   8.1953929e-21
  73207.7500000   8.0807032e-21
  73588.0468750   7.8907618e-21
  73968.3515625   7.6934502e-21
  74348.6484375   7.6731366e-21
  74728.9531250   7.5261182e-21
  75109.2500000   7.3732343e-21
  75489.5468750   7.2702091e-21
  75869.8515625   7.1670491e-21
  76250.1484375   7.1018448e-21
  76630.4531250   6.9977840e-21
  77010.7500000   6.8242707e-21
  77391.0468750   6.7205581e-21
  77771.3515625   6.6739969e-21
  78151.6484375   6.5502922e-21
  78531.9531250   6.4334287e-21
  78912.2500000   6.3502526e-21
  79292.5468750   6.2472101e-21
  79672.8515625   6.1401742e-21
  80053.1484375   6.0905684e-21
  80433.4531250   5.9782294e-21
  80813.7500000   5.8868833e-21
  81194.0468750   5.8350427e-21
  81574.3515625   5.7415701e-21
  81954.6484375   5.6505637e-21
  82334.9531250   5.5249461e-21
  82715.2500000   5.4664647e-21
  83095.5468750   5.4021215e-21
  83475.8515625   5.3364022e-21
  83856.1484375   5.2237070e-21
  84236.4531250   5.1946526e-21
  84616.7500000   5.0824061e-21
  84997.0468750   5.0189446e-21
  85377.3515625   4.9517289e-21
  85757.6484375   4.8887832e-21
  86137.9531250   4.7999809e-21
  86518.2500000   4.7691126e-21
  86898.5468750   4.6777569e-21
  87278.8515625   3.9526200e-21
  87659.1484375   4.2216847e-21
  88039.4531250   4.1939091e-21
  88419.7500000   3.5928283e-21
  88800.0468750   3.8886366e-21
  89180.3515625   3.6628995e-21
  89560.6484375   3.2953519e-21
  89940.9531250   3.5914716e-21
  90321.2500000   3.3846496e-21
  90701.5468750   3.1338477e-21
  91081.8515625   3.3673614e-21
  91462.1484375   3.2666192e-21
  91842.4531250   3.0377293e-21
  92222.7500000   3.2101434e-21
  92603.0468750   3.1019974e-21
  92983.3515625   3.0021844e-21
  93363.6484375   3.0263839e-21
  93743.9531250   3.0359021e-21
  94124.2500000   2.9704454e-21
  94504.5468750   2.6922425e-21
  94884.8515625   2.6850159e-21
  95265.1484375   2.7603195e-21
  95645.4531250   2.6749642e-21
  96025.7500000   2.7657680e-21
  96406.0468750   2.7908547e-21
  96786.3515625   2.7989686e-21
  97166.6484375   2.8038036e-21
  97546.9531250   2.8156004e-21
  97927.2500000   2.8342225e-21
  98307.5468750   2.7505537e-21
  98687.8515625   2.7518344e-21
  99068.1484375   2.7573145e-21
  99448.4531250   2.6971064e-21
  99828.7500000   2.6559067e-21
 100209.0468750   2.6656879e-21
 100589.3515625   2.6435016e-21
 100969.6484375   2.6008695e-21
 101349.9531250   2.5592734e-21
 101730.2500000   2.5725709e-21
 102110.5468750   2.5496140e-21
 102490.8515625   2.4863953e-21
 102871.1484375   2.4928352e-21
 103251.4531250   2.4645212e-21
 103631.7500000   2.4513623e-21
 104012.0468750   2.3890473e-21
 104392.3515625   2.3897187e-21
 104772.6484375   2.3665742e-21
 105152.9531250   2.3354542e-21
 105533.2500000   2.2908274e-21
 105913.5468750   2.2881326e-21
 106293.8515625   2.2748263e-21
 106674.1484375   2.2473595e-21
 107054.4531250   2.2074581e-21
 107434.7500000   2.1960670e-21
 107815.0468750   2.1833440e-21
 108195.3515625   2.1557694e-21
 108575.6484375   2.1280382e-21
 108955.9531250   2.1047641e-21
 109336.2500000   2.0755004e-21
 109716.5468750   2.0608767e-21
 110096.8515625   2.0375942e-21
 110477.1484375   2.0136547e-21
 110857.4531250   1.9950371e-21
 111237.7500000   1.9611222e-21
 111618.0468750   1.9518080e-21
 111998.3515625   1.9212166e-21
 112378.6484375   1.8992786e-21
 112758.9453125   1.8833140e-21
 113139.2500000   1.8607050e-21
 113519.5468750   1.8347700e-21
 113899.8515625   1.8134923e-21
 114280.1484375   1.7908798e-21
 114660.4453125   1.7742517e-21
 115040.7500000   1.7503134e-21
 115421.0468750   1.7203848e-21
 115801.3515625   1.7090812e-21
 116181.6484375   1.6897953e-21
 116561.9453125   1.6705143e-21
 116942.2500000   1.6538848e-21
 117322.5468750   1.6299447e-21
 117702.8515625   1.6119906e-21
 118083.1484375   1.5986868e-21
 118463.4453125   1.5734227e-21
 118843.7500000   1.5587863e-21
 119224.0468750   1.5415011e-21
 119604.3515625   1.5242066e-21
 119984.6484375   1.5055913e-21
 120364.9453125   1.4856364e-21
 120745.2500000   1.4730001e-21
 121125.5468750   1.4550484e-21
 121505.8515625   1.4390841e-21
 122076.2968750   1.4131487e-21
 122836.8984375   1.3812295e-21
 123597.5000000   1.3506420e-21
 124358.1015625   1.3193869e-21
 125118.6953125   1.2861353e-21
 125879.2968750   1.2608615e-21
 126639.8984375   1.2329342e-21
 127400.5000000   1.2089924e-21
 128161.1015625   1.1817261e-21
 128921.6953125   1.1557901e-21
 129682.2968750   1.1298576e-21
 130442.8984375   1.1079125e-21
 131203.5000000   1.0859645e-21
 131964.0937500   1.0626902e-21
 132724.7031250   1.0414092e-21
 133485.2968750   1.0214601e-21
 134245.9062500   9.9884866e-22
 135006.5000000   9.7956431e-22
 135767.0937500   9.5961079e-22
 136527.7031250   9.4032795e-22
 137288.2968750   9.2303653e-22
 138048.9062500   9.0508079e-22
 138809.5000000   8.8446651e-22
 139570.0937500   8.6784019e-22
 140330.7031250   8.4655948e-22
 141091.2968750   8.2927154e-22
 141851.9062500   8.1596950e-22
 142612.5000000   7.9468934e-22
 143373.0937500   7.8538022e-22
 144133.7031250   7.7008531e-22
 144894.2968750   7.5612038e-22
 145654.9062500   7.4348542e-22
 146415.5000000   7.3084966e-22
 147176.0937500   7.1488787e-22
 147936.7031250   7.0225377e-22
 148697.2968750   6.8961877e-22
 149457.9062500   6.7831254e-22
 150218.5000000   6.6315141e-22
 150979.0937500   6.5151182e-22
 151739.7031250   6.3708124e-22
 152500.2968750   6.2697488e-22
 153260.9062500   6.1653319e-22
 154021.5000000   6.0369867e-22
 154782.0937500   5.9452127e-22
 155542.7031250   5.8414784e-22
 156303.2968750   5.7437142e-22
 157063.9062500   5.6479583e-22
 157824.5000000   5.5422252e-22
 158585.0937500   5.4331478e-22
 159345.7031250   5.3467008e-22
 160106.2968750   5.2482666e-22
 160866.9062500   5.1777977e-22
 161627.5000000   5.0766948e-22
 162388.0937500   4.9989043e-22
 163148.7031250   4.7701392e-22
 163909.2968750   4.5726205e-22
 164669.9062500   4.5732834e-22
 165430.5000000   4.3784330e-22
 166191.0937500   4.2720430e-22
 166951.7031250   4.1796037e-22
 167712.2968750   3.9987155e-22
 168472.9062500   3.9674554e-22
 169233.5000000   3.8776881e-22
 169994.0937500   3.7453419e-22
 170754.7031250   3.7526686e-22
 171515.2968750   3.6549132e-22
 172275.9062500   3.5551575e-22
 173036.5000000   3.5445093e-22
 173797.0937500   3.4839942e-22
 174557.7031250   3.3742749e-22
 175318.2968750   3.3829110e-22
 176078.9062500   3.3057740e-22
 176839.5000000   3.2559056e-22
 177600.0937500   3.2259728e-22
 178360.7031250   3.1721076e-22
 179121.2968750   3.1129287e-22
 179881.9062500   3.1076015e-22
 180642.5000000   3.0444207e-22
 181403.0937500   3.0032000e-22
 182163.7031250   2.9586366e-22
 182924.2968750   2.8974533e-22
 183684.9062500   2.8981280e-22
 184445.5000000   2.8429242e-22
 185206.0937500   2.7890658e-22
 185966.7031250   2.7584651e-22
 186727.2968750   2.7125849e-22
 187487.9062500   2.6773384e-22
 188248.5000000   2.6314549e-22
 189009.0937500   2.6161634e-22
 189769.7031250   2.5682812e-22
 190530.2968750   2.5443344e-22
 191290.9062500   2.5090914e-22
 192051.5000000   2.4572260e-22
 192812.0937500   2.4332779e-22
 193572.7031250   2.4006905e-22
 194333.2968750   2.3621197e-22
 195093.9062500   2.3275390e-22
 195854.5000000   2.2969527e-22
 196615.0937500   2.2863145e-22
 197375.7031250   2.2470732e-22
 198136.2968750   2.2158209e-22
 198896.9062500   2.1845623e-22
 199657.5000000   2.1639462e-22
 200418.0937500   2.1539714e-22
 201178.7031250   2.1040987e-22
 201939.2968750   2.0715119e-22
 202699.9062500   2.0555524e-22
 203460.5000000   2.0289500e-22
 204221.0937500   2.0030174e-22
 204981.7031250   1.9810760e-22
 205742.2968750   1.9564682e-22
 206502.9062500   1.9238848e-22
 207263.5000000   1.9119073e-22
 208024.0937500   1.8766674e-22
 208784.7031250   1.8620374e-22
 209545.2968750   1.8294514e-22
 210305.9062500   1.8321129e-22
 211066.5000000   1.7888830e-22
 211827.0937500   1.7795739e-22
 212587.7031250   1.7503132e-22
 213348.2968750   1.7396761e-22
 214108.9062500   1.7057592e-22
 214869.5000000   1.6957800e-22
 215630.0937500   1.6731723e-22
 216390.7031250   1.6425780e-22
 217151.2968750   1.6345972e-22
 217911.9062500   1.6159814e-22
 218672.5000000   1.5940314e-22
 219433.0937500   1.5747500e-22
 220193.7031250   1.5607865e-22
 220954.2968750   1.5395052e-22
 221714.9062500   1.5222131e-22
 222475.5000000   1.5042561e-22
 223236.0937500   1.4803154e-22
 223996.7031250   1.4650193e-22
 224757.2968750   1.4450691e-22
 225517.8906250   1.4337661e-22
 226278.5000000   1.4124847e-22
 227039.0937500   1.4018489e-22
 227799.7031250   1.3852207e-22
 228560.2968750   1.3692586e-22
 229320.8906250   1.3526366e-22
 230081.5000000   1.3333499e-22
 230842.0937500   1.3187207e-22
 231602.7031250   1.3020946e-22
 232363.2968750   1.2861353e-22
 233123.8906250   1.2741657e-22
 233884.5000000   1.2608614e-22
 234645.0937500   1.2495605e-22
 235405.7031250   1.2329342e-22
 236166.2968750   1.2216260e-22
 236926.8906250   1.2043394e-22
 237687.5000000   1.1877095e-22
 238448.0937500   1.1750757e-22
 239208.7031250   1.1624435e-22
 239969.2968750   1.1484785e-22
 240729.8906250   1.1391650e-22
 241490.5000000   1.1245359e-22
 242251.0937500   1.1152255e-22
 243011.7031250   1.0992659e-22
 244152.5937500   1.0819750e-22
 245673.7968750   1.0567051e-22
 247195.0000000   1.0334314e-22
 248716.2031250   1.0101554e-22
 250237.3906250   9.8953961e-23
 251758.5937500   9.6692953e-23
 253279.7968750   9.4631451e-23
 254801.0000000   9.2569558e-23
 256322.2031250   9.0441716e-23
 257843.3906250   8.8579594e-23
 259364.5937500   8.6584521e-23
 260885.7968750   8.4855464e-23
 262407.0000000   8.2927154e-23
 263928.1875000   8.1197996e-23
 265449.4062500   7.9468939e-23
 266970.5937500   7.7806418e-23
 268491.8125000   7.6210470e-23
 270013.0000000   7.4547987e-23
 271534.1875000   7.3018240e-23
 273055.4062500   7.1488784e-23
 274576.5937500   7.0025807e-23
 276097.8125000   6.8562647e-23
 277619.0000000   6.7166337e-23
 279140.1875000   6.5803085e-23
 280661.4062500   6.4479679e-23
 282182.5937500   6.3109674e-23
 283703.8125000   6.1753041e-23
 285225.0000000   6.0516139e-23
 286746.1875000   5.9392366e-23
 288267.4062500   5.8255175e-23
 289788.5937500   5.7104631e-23
 291309.8125000   5.5980738e-23
 292831.0000000   5.4870060e-23
 294352.1875000   5.3806221e-23
 295873.4062500   5.2762075e-23
 297394.5937500   5.1737969e-23
 298915.8125000   5.0747110e-23
 300437.0000000   4.9769544e-23
 301958.1875000   4.8811882e-23
 303479.4062500   4.7894096e-23
 305000.5937500   4.6963240e-23
 306521.8125000   4.6078798e-23
 308043.0000000   4.5227497e-23
 309564.1875000   4.4369699e-23
 311085.4062500   4.3558391e-23
 312606.5937500   4.2760224e-23
 314127.8125000   4.1962307e-23
 315649.0000000   4.1197548e-23
 317170.1875000   4.0426127e-23
 318691.4062500   3.9694600e-23
 320212.5937500   3.8989658e-23
 321733.8125000   3.8284792e-23
 323255.0000000   3.7599768e-23
 324776.1875000   3.6928141e-23
 326297.4062500   3.6269783e-23
 327818.5937500   3.5631295e-23
 329339.8125000   3.5006201e-23
 330861.0000000   3.4394490e-23
 332382.1875000   3.3789317e-23
 333903.4062500   3.3204118e-23
 335424.5937500   3.2618884e-23
 336945.8125000   3.2053536e-23
 338467.0000000   3.1501583e-23
 339988.1875000   3.0976271e-23
 341509.4062500   3.0430972e-23
 343030.5937500   2.9932188e-23
 344551.8125000   2.9433435e-23
 346073.0000000   2.8914788e-23
 347594.1875000   2.8442604e-23
 349115.4062500   2.7977025e-23
 350636.5937500   2.7518223e-23
 352157.8125000   2.7059336e-23
 353679.0000000   2.6613829e-23
 355200.1875000   2.6174853e-23
 356721.4062500   2.5749221e-23
 358242.5937500   2.5330289e-23
 359763.8125000   2.4918063e-23
 361285.0000000   2.4512333e-23
 362806.1875000   2.4119984e-23
 364327.4062500   2.3740901e-23
 365848.5937500   2.3355261e-23
 367369.8125000   2.2989510e-23
 368891.0000000   2.2623723e-23
 370412.1875000   2.2251341e-23
 371933.4062500   2.1912115e-23
 373454.5937500   2.1573038e-23
 374975.8125000   2.1240512e-23
 376497.0000000   2.0914675e-23
 378018.1875000   2.0588773e-23
 379539.4062500   2.0269551e-23
 381060.5937500   1.9957031e-23
 760600.0000000   1.3433243e-24
1521200.0000000   8.6318750e-26
2281800.0000000   1.7157293e-26
3042400.0000000   5.4351523e-27
3803000.0000000   2.2257988e-27
4563600.0000000   1.0726637e-27
5324200.0000000   5.7816268e-28
6084800.0000000   3.3855713e-28
