    382.4729919   1.1174529e-23
    395.0820007   1.2783769e-23
    403.4880066   1.3673615e-23
    411.8940125   7.6735176e-23
    420.3000183   2.1248101e-22
    428.7059937   2.3046353e-22
    437.1119995   2.1890310e-22
    445.5180054   2.2238963e-22
    453.9240112   2.2697598e-22
    462.3300171   2.5927074e-22
    479.1419983   2.6899531e-22
    495.9540100   2.6128944e-22
    508.5630188   3.3101515e-22
    525.3750000   3.4367509e-22
    533.7810059   3.5101541e-22
    537.9840088   3.5652161e-22
    550.5930176   3.4385927e-22
    554.7960205   3.5578644e-22
    563.2020264   3.3982381e-22
    575.8110352   3.7780412e-22
    588.4199829   3.7872114e-22
    601.0289917   4.7835723e-22
    617.8410034   5.9487468e-22
    634.6530151   5.3248909e-22
    651.4650269   6.0092995e-22
    668.2770386   6.0331517e-22
    680.8859863   6.0423267e-22
    697.6979980   6.0808216e-22
    714.5100098   6.0753225e-22
    727.1190186   4.9927681e-22
    743.9310303   6.1212274e-22
    756.5400391   6.1303747e-22
    764.9459839   6.1303747e-22
    781.7579956   6.1395896e-22
    802.7730103   6.1469279e-22
    815.3820190   6.1835901e-22
    832.1940308   6.1671005e-22
    849.0060425   6.1891326e-22
    861.6149902   6.1817433e-22
    882.6300049   5.9927483e-22
    907.8480225   6.1762619e-22
    924.6600342   5.9839641e-22
    937.2690430   5.7260659e-22
    954.0809937   5.5659668e-22
    966.6900024   6.7620460e-22
    983.5020142   9.6982706e-22
   1008.7200317   9.9521561e-22
   1033.9379883   8.7361945e-22
   1059.1560059   8.5146016e-22
   1080.1710205   7.4876542e-22
   1092.7800293   7.6320437e-22
   1109.5920410   9.2701501e-22
   1130.6070557   9.0826754e-22
   1151.6220703   8.8050670e-22
   1172.6369629   7.2421112e-22
   1193.6519775   8.2272841e-22
   1218.8699951   8.0603682e-22
   1244.0880127   7.0181999e-22
   1265.1030273   6.1280593e-22
   1294.5240479   6.2052177e-22
   1336.5540771   5.5938054e-22
   1378.5839844   5.3068443e-22
   1420.6140137   4.6071173e-22
   1462.6440430   4.0105746e-22
   1500.4710693   5.0141928e-22
   1538.2979736   7.1152790e-22
   1576.1250000   6.5209954e-22
   1618.1550293   4.7864096e-22
   1660.1850586   6.6136069e-22
   1702.2150879   7.6158379e-22
   1740.0419922   7.0906034e-22
   1773.6660156   6.0795397e-22
   1807.2900391   5.4982787e-22
   1853.5230713   5.9765839e-22
   1895.5529785   5.7212898e-22
   1933.3800049   4.7585953e-22
   1975.4100342   4.5759017e-22
   2017.4400635   4.8708301e-22
   2059.4699707   3.9064952e-22
   2101.5000000   4.5971123e-22
   2126.7180176   3.8440013e-22
   2151.9360352   5.8911067e-22
   2185.5600586   5.4077069e-22
   2227.5900879   4.7920041e-22
   2269.6201172   3.7917381e-22
   2311.6501465   3.5539292e-22
   2353.6799316   4.5360638e-22
   2395.7099609   4.9493658e-22
   2437.7399902   4.7249421e-22
   2479.7700195   4.7186171e-22
   2521.8000488   3.8951715e-22
   2563.8300781   3.7361139e-22
   2605.8601074   4.7158413e-22
   2647.8901367   4.4257465e-22
   2689.9199219   4.8964392e-22
   2731.9499512   4.7406769e-22
   2765.5739746   4.3859445e-22
   2794.9951172   5.0141483e-22
   2837.0251465   5.3836069e-22
   2879.0549316   4.7236143e-22
   2921.0849609   5.6647589e-22
   2963.1149902   4.7416558e-22
   3009.3481445   6.3768113e-22
   3051.3779297   6.7782801e-22
   3089.2050781   7.1581562e-22
   3131.2351074   7.3536139e-22
   3173.2651367   7.8226593e-22
   3215.2951660   7.5666952e-22
   3257.3249512   9.1785534e-22
   3299.3549805   9.1952990e-22
   3341.3850098   1.0917569e-21
   3383.4150391   1.2703790e-21
   3425.4450684   1.4934625e-21
   3467.4750977   1.7898757e-21
   3509.5051270   1.6906289e-21
   3551.5351562   2.4984395e-21
   3593.5649414   2.9680109e-21
   3635.5949707   3.7504001e-21
   3677.6250000   4.6333335e-21
   3719.6550293   5.7593577e-21
   3761.6850586   7.2354668e-21
   3803.7150879   8.9698165e-21
   3845.7451172   1.1133527e-20
   3887.7751465   4.0738264e-20
   3929.8051758   7.6609908e-20
   3971.8349609   1.1347574e-19
   4013.8649902   1.5020137e-19
   4055.8950195   1.6341615e-19
   4097.9252930   8.0867490e-20
   4139.9550781   1.5657249e-19
   4181.9848633   1.5393044e-19
   4224.0151367   1.9355661e-19
   4266.0449219   2.0380712e-19
   4308.0751953   1.5069892e-19
   4350.1049805   2.4228629e-19
   4392.1352539   3.2611192e-19
   4434.1650391   3.1689509e-19
   4476.1953125   2.7292465e-19
   4518.2250977   3.0104802e-19
   4560.2548828   2.6962572e-19
   4602.2851562   3.1458627e-19
   4644.3149414   3.0088545e-19
   4686.3452148   2.9641940e-19
   4728.3750000   2.6135144e-19
   4770.4052734   3.1149706e-19
   4812.4350586   2.9911203e-19
   4854.4648438   3.0034414e-19
   4896.4951172   2.9563937e-19
   4938.5249023   2.0070002e-19
   4980.5551758   2.8520572e-19
   5022.5849609   2.5558622e-19
   5064.6152344   2.1982604e-19
   5106.6450195   1.8362235e-19
   5148.6752930   4.2121895e-19
   5190.7050781   4.9111703e-19
   5232.7348633   5.0252375e-19
   5274.7651367   4.9536714e-19
   5316.7949219   4.9448035e-19
   5358.8251953   5.5753369e-19
   5400.8549805   5.7013486e-19
   5442.8852539   5.0172547e-19
   5484.9150391   5.1486885e-19
   5526.9453125   5.8211517e-19
   5568.9750977   5.6192902e-19
   5611.0048828   5.3970774e-19
   5653.0351562   5.7986974e-19
   5695.0649414   5.7303930e-19
   5737.0952148   5.4235234e-19
   5779.1250000   5.4033624e-19
   5821.1552734   5.3789275e-19
   5863.1850586   4.0227114e-19
   5905.2153320   3.9481145e-19
   5947.2451172   5.1888683e-19
   5989.2749023   5.0571636e-19
   6031.3051758   5.3338084e-19
   6060.7260742   5.4096547e-19
   6081.7412109   5.4072559e-19
   6115.3652344   5.2743843e-19
   6157.3950195   5.0583185e-19
   6199.4252930   5.1908055e-19
   6241.4550781   5.2697769e-19
   6283.4848633   5.2464303e-19
   6325.5151367   4.9951147e-19
   6354.9360352   4.6387493e-19
   6375.9511719   4.7841392e-19
   6409.5751953   4.7946987e-19
   6451.6049805   4.1626644e-19
   6493.6352539   3.7060602e-19
   6535.6650391   3.7264944e-19
   6577.6953125   4.1869949e-19
   6619.7250977   4.4432942e-19
   6661.7548828   4.5177529e-19
   6703.7851562   4.5324395e-19
   6745.8149414   4.4681857e-19
   6787.8452148   4.4068745e-19
   6829.8750000   4.3789194e-19
   6871.9052734   4.5975360e-19
   6913.9350586   4.6174478e-19
   6955.9653320   4.5855176e-19
   6997.9951172   4.7218096e-19
   7027.4160156   4.4302972e-19
   7048.4311523   4.9364278e-19
   7082.0551758   4.8667673e-19
   7124.0849609   4.6700038e-19
   7166.1152344   4.5812705e-19
   7208.1450195   4.3537985e-19
   7250.1752930   4.2868591e-19
   7292.2050781   4.4971060e-19
   7334.2353516   4.4215311e-19
   7376.2651367   4.4915199e-19
   7418.2949219   4.3845194e-19
   7460.3251953   4.2663489e-19
   7502.3549805   4.3829406e-19
   7544.3852539   4.4751572e-19
   7586.4150391   4.5168404e-19
   7628.4453125   4.1892945e-19
   7670.4750977   4.2922469e-19
   7712.5048828   4.2142060e-19
   7754.5351562   3.9495713e-19
   7796.5649414   3.9543100e-19
   7838.5952148   4.0058044e-19
   7880.6250000   4.1493582e-19
   7922.6552734   3.8187780e-19
   7964.6850586   3.6481987e-19
   8006.7153320   3.8857569e-19
   8048.7451172   3.6898035e-19
   8090.7749023   3.5317412e-19
   8132.8051758   3.7419436e-19
   8174.8349609   3.8051838e-19
   8216.8652344   3.4895576e-19
   8267.3007812   3.7524927e-19
   8305.1279297   3.8604798e-19
   8338.7519531   3.6686199e-19
   8384.9853516   3.5976494e-19
   8427.0156250   3.7153006e-19
   8469.0449219   3.6593832e-19
   8511.0751953   3.7626911e-19
   8553.1054688   3.5201739e-19
   8595.1347656   3.5724729e-19
   8637.1650391   3.1821723e-19
   8679.1953125   3.3345039e-19
   8717.0224609   3.6716337e-19
   8733.8339844   3.4125210e-19
   8763.2548828   3.5358541e-19
   8805.2851562   3.3728721e-19
   8847.3154297   3.4471511e-19
   8889.3447266   3.4810472e-19
   8931.3750000   3.4884391e-19
   8973.4052734   3.4158046e-19
   9015.4355469   3.3259917e-19
   9057.4648438   3.4304478e-19
   9099.4951172   3.3731092e-19
   9141.5253906   3.3715688e-19
   9183.5546875   3.2816359e-19
   9225.5849609   3.3618396e-19
   9267.6152344   3.3324687e-19
   9309.6455078   3.2582562e-19
   9351.6748047   3.2066251e-19
   9393.7050781   3.2322452e-19
   9435.7353516   3.2179818e-19
   9477.7656250   3.1387831e-19
   9519.7949219   3.1957011e-19
   9561.8251953   3.2019107e-19
   9603.8554688   3.2031626e-19
   9645.8847656   3.0288878e-19
   9687.9150391   3.1007483e-19
   9729.9453125   3.0334538e-19
   9771.9755859   2.6880400e-19
   9814.0048828   2.9393687e-19
   9856.0351562   2.9415253e-19
   9898.0654297   2.9483286e-19
   9940.0947266   2.8917622e-19
   9982.1250000   2.8614669e-19
  10024.1552734   2.7807406e-19
  10066.1855469   2.8226737e-19
  10108.2148438   2.7651764e-19
  10150.2451172   2.7644358e-19
  10192.2753906   2.7803619e-19
  10234.3046875   2.7008199e-19
  10276.3349609   2.7333850e-19
  10318.3652344   2.7085171e-19
  10360.3955078   2.6773890e-19
  10402.4248047   2.6348122e-19
  10444.4550781   2.6161554e-19
  10486.4853516   2.2339693e-19
  10528.5156250   2.5615822e-19
  10562.1396484   2.4441310e-19
  10583.1542969   2.5413002e-19
  10612.5751953   2.5131089e-19
  10654.6054688   2.5070239e-19
  10696.6347656   2.4519903e-19
  10738.6650391   2.4825794e-19
  10780.6953125   2.4614525e-19
  10822.7255859   2.4840738e-19
  10864.7548828   2.4627392e-19
  10906.7851562   2.4385341e-19
  10948.8154297   2.4117265e-19
  10990.8447266   2.3826586e-19
  11032.8750000   2.3858732e-19
  11074.9052734   2.3816962e-19
  11116.9355469   2.3962905e-19
  11158.9648438   2.3885993e-19
  11200.9951172   2.3088397e-19
  11243.0253906   2.3206319e-19
  11285.0556641   2.3173933e-19
  11327.0849609   2.2602002e-19
  11369.1152344   2.2473329e-19
  11411.1455078   2.2269946e-19
  11453.1748047   2.2244629e-19
  11495.2050781   2.2179075e-19
  11537.2353516   2.1585481e-19
  11579.2656250   2.1504107e-19
  11621.2949219   2.1456750e-19
  11663.3251953   2.1665926e-19
  11705.3554688   2.1364504e-19
  11747.3847656   2.0242711e-19
  11789.4150391   2.0611238e-19
  11831.4453125   2.0976061e-19
  11873.4755859   2.0767066e-19
  11915.5048828   2.0062512e-19
  11957.5351562   2.0075645e-19
  11999.5654297   1.9880251e-19
  12041.5947266   1.9981526e-19
  12083.6250000   1.9739396e-19
  12125.6552734   1.9621071e-19
  12167.6855469   1.9390886e-19
  12230.7304688   1.9317361e-19
  12314.7900391   1.9079590e-19
  12398.8505859   1.8701536e-19
  12482.9101562   1.8570337e-19
  12566.9697266   1.8311981e-19
  12651.0302734   1.7998631e-19
  12735.0898438   1.7912675e-19
  12819.1503906   1.7721436e-19
  12903.2099609   1.7512459e-19
  12987.2705078   1.7175260e-19
  13071.3300781   1.7026255e-19
  13155.3906250   1.6711330e-19
  13239.4501953   1.6538798e-19
  13323.5097656   1.6205891e-19
  13407.5703125   1.5855364e-19
  13491.6298828   1.5677342e-19
  13575.6904297   1.5423293e-19
  13659.7500000   1.5241886e-19
  13743.8105469   1.4946370e-19
  13827.8701172   1.4718768e-19
  13911.9306641   1.4490686e-19
  13995.9902344   1.4204307e-19
  14080.0498047   1.3920469e-19
  14164.1103516   1.3685991e-19
  14248.1699219   1.3492151e-19
  14332.2304688   1.3284942e-19
  14416.2900391   1.2968799e-19
  14500.3505859   1.2751416e-19
  14584.4101562   1.2594131e-19
  14668.4707031   1.2392004e-19
  14752.5302734   1.2225830e-19
  14836.5898438   1.2045897e-19
  14920.6503906   1.1868820e-19
  15004.7099609   1.1656915e-19
  15088.7705078   1.1393666e-19
  15172.8300781   1.1231701e-19
  15256.8906250   1.1098132e-19
  15298.9199219   1.1029669e-19
  15340.9501953   1.1001947e-19
  15425.0097656   1.0801058e-19
  15509.0703125   1.0395279e-19
  15593.1298828   1.0557741e-19
  15677.1904297   1.0447685e-19
  15761.2500000   1.1343488e-19
  15845.3105469   1.1330840e-19
  15929.3701172   1.1941916e-19
  16013.4306641   1.2553819e-19
  16097.4902344   1.1090531e-19
  16181.5498047   1.2656844e-19
  16265.6103516   1.2753768e-19
  16349.6699219   1.0518402e-19
  16433.7304688   1.2681047e-19
  16517.7910156   1.2121361e-19
  16601.8496094   1.2213540e-19
  16685.9101562   9.7401021e-20
  16769.9707031   1.2037489e-19
  16854.0312500   1.2172468e-19
  16938.0898438   1.1830258e-19
  17022.1503906   1.1920119e-19
  17106.2109375   1.1539049e-19
  17190.2695312   1.0870156e-19
  17274.3300781   9.6636629e-20
  17358.3906250   1.1076610e-19
  17442.4511719   1.1117890e-19
  17526.5097656   1.1044454e-19
  17610.5703125   1.0969525e-19
  17694.6308594   1.0890800e-19
  17778.6894531   1.0740934e-19
  17862.7500000   1.0603232e-19
  17946.8105469   1.0327295e-19
  18030.8710938   1.0289627e-19
  18114.9296875   9.9732456e-20
  18198.9902344   9.3020014e-20
  18283.0507812   8.5661745e-20
  18367.1093750   9.7999170e-20
  18451.1699219   9.6459379e-20
  18535.2304688   9.6395008e-20
  18619.2910156   9.6023604e-20
  18703.3496094   9.5403160e-20
  18787.4101562   9.2933044e-20
  18871.4707031   9.3527153e-20
  18955.5312500   9.4018059e-20
  19039.5898438   9.1719854e-20
  19123.6503906   9.0613998e-20
  19207.7109375   9.0986856e-20
  19291.7695312   8.9139335e-20
  19375.8300781   8.8497669e-20
  19459.8906250   8.6873364e-20
  19543.9511719   8.5590291e-20
  19628.0097656   8.5832719e-20
  19712.0703125   8.4640823e-20
  19796.1308594   8.2563139e-20
  19880.1894531   8.3250940e-20
  19964.2500000   8.2847179e-20
  20048.3105469   8.2474709e-20
  20132.3710938   8.1251257e-20
  20216.4296875   7.9878085e-20
  20300.4902344   7.9031194e-20
  20384.5507812   7.3488684e-20
  20468.6093750   6.5755792e-20
  20552.6699219   7.6313060e-20
  20636.7304688   7.6087834e-20
  20720.7910156   7.4285646e-20
  20804.8496094   7.4912061e-20
  20888.9101562   7.3995526e-20
  20972.9707031   7.2319399e-20
  21057.0312500   6.9700662e-20
  21141.0898438   7.0821692e-20
  21225.1503906   6.9778462e-20
  21309.2109375   7.0465830e-20
  21393.2695312   6.9090209e-20
  21477.3300781   6.8651021e-20
  21561.3906250   6.7265610e-20
  21645.4511719   6.6201455e-20
  21729.5097656   6.4841835e-20
  21813.5703125   6.4571864e-20
  21897.6308594   6.4227376e-20
  21981.6894531   6.4319677e-20
  22065.7500000   6.4338043e-20
  22149.8105469   6.2446676e-20
  22233.8710938   6.3599739e-20
  22317.9296875   6.3430697e-20
  22401.9902344   6.1674257e-20
  22486.0507812   6.2201423e-20
  22570.1113281   6.1767502e-20
  22654.1699219   6.0739620e-20
  22738.2304688   5.9967499e-20
  22822.2910156   5.9563809e-20
  22906.3496094   5.9418277e-20
  22990.4101562   5.8304136e-20
  23074.4707031   5.7857490e-20
  23158.5312500   5.7370914e-20
  23242.5898438   5.7368646e-20
  23326.6503906   5.7252860e-20
  23410.7109375   5.6649826e-20
  23494.7695312   5.5706866e-20
  23578.8300781   5.5662114e-20
  23662.8906250   5.4864589e-20
  23746.9511719   5.4478736e-20
  23831.0097656   5.3827560e-20
  23915.0703125   5.3928360e-20
  23999.1308594   5.3236281e-20
  24083.1894531   5.4053797e-20
  24167.2500000   5.2829156e-20
  24251.3105469   5.2813382e-20
  24335.3710938   5.1811256e-20
  24419.4296875   5.2096701e-20
  24503.4902344   5.2154849e-20
  24587.5507812   5.1260809e-20
  24671.6113281   5.0097687e-20
  24755.6699219   4.8817308e-20
  24839.7304688   4.9671562e-20
  24923.7910156   4.9418940e-20
  25007.8496094   4.8974068e-20
  25091.9101562   4.9140613e-20
  25175.9707031   4.8348332e-20
  25260.0312500   4.8053235e-20
  25344.0898438   4.8256050e-20
  25428.1503906   4.8228720e-20
  25512.2109375   4.8046485e-20
  25596.2695312   4.7131498e-20
  25680.3300781   4.6908679e-20
  25764.3906250   4.5758009e-20
  25848.4511719   4.5416652e-20
  25932.5097656   4.4532577e-20
  26016.5703125   4.4730748e-20
  26100.6308594   4.4192402e-20
  26184.6894531   4.3264839e-20
  26268.7500000   4.2373678e-20
  26352.8105469   4.3152497e-20
  26436.8710938   4.3426271e-20
  26520.9296875   4.2843742e-20
  26604.9902344   4.3078274e-20
  26689.0507812   4.2649623e-20
  26773.1113281   4.2454147e-20
  26857.1699219   4.2649064e-20
  26941.2304688   4.2257155e-20
  27025.2910156   4.2177429e-20
  27109.3496094   4.1940623e-20
  27193.4101562   4.1820698e-20
  27277.4707031   4.1072228e-20
  27361.5312500   4.1304311e-20
  27445.5898438   4.0907510e-20
  27529.6503906   3.9525384e-20
  27613.7109375   3.5993401e-20
  27697.7695312   3.9947712e-20
  27781.8300781   4.0218281e-20
  27865.8906250   3.9857110e-20
  27949.9511719   3.9435571e-20
  28034.0097656   3.8621586e-20
  28118.0703125   3.8677095e-20
  28202.1308594   3.7924044e-20
  28286.1914062   3.8077751e-20
  28370.2500000   3.7560869e-20
  28454.3105469   3.7586942e-20
  28538.3710938   3.7151702e-20
  28622.4296875   3.7236970e-20
  28706.4902344   3.7266254e-20
  28790.5507812   3.6849126e-20
  28874.6113281   3.7017496e-20
  28958.6699219   3.7249727e-20
  29042.7304688   3.7110605e-20
  29126.7910156   3.6743279e-20
  29210.8496094   3.6371119e-20
  29294.9101562   3.6506828e-20
  29378.9707031   3.6245785e-20
  29463.0312500   3.5859918e-20
  29547.0898438   3.5862438e-20
  29631.1503906   3.5535543e-20
  29715.2109375   3.4416297e-20
  29799.2695312   3.3773784e-20
  29883.3300781   3.2703700e-20
  29967.3906250   3.2175578e-20
  30051.4511719   3.2283438e-20
  30135.5097656   3.2395071e-20
  30219.5703125   3.2200319e-20
  30303.6308594   3.2727840e-20
  30387.6914062   3.2884165e-20
  30471.7500000   3.3105439e-20
  30555.8105469   3.3083783e-20
  30639.8710938   3.2782651e-20
  30723.9296875   3.3267220e-20
  30807.9902344   3.3225170e-20
  30892.0507812   3.3296453e-20
  30976.1113281   3.3700734e-20
  31060.1699219   3.3260060e-20
  31144.2304688   3.3152291e-20
  31228.2910156   3.3202707e-20
  31312.3496094   3.3147337e-20
  31396.4101562   3.3042835e-20
  31480.4707031   3.2848370e-20
  31564.5312500   3.2988170e-20
  31648.5898438   3.3127986e-20
  31732.6503906   3.3116635e-20
  31816.7109375   3.2867996e-20
  31900.7714844   3.2455456e-20
  31984.8300781   3.2156792e-20
  32068.8906250   3.1890417e-20
  32152.9511719   3.1562004e-20
  32237.0097656   3.0831361e-20
  32321.0703125   3.1072099e-20
  32405.1308594   3.0676575e-20
  32489.1914062   3.0576366e-20
  32573.2500000   3.0422459e-20
  32657.3105469   3.0436893e-20
  32741.3710938   3.0558243e-20
  32825.4296875   3.0490278e-20
  32909.4921875   3.0397220e-20
  32993.5507812   2.9982486e-20
  33077.6093750   2.9934199e-20
  33161.6718750   2.9175817e-20
  33245.7304688   2.8763348e-20
  33329.7890625   2.8854696e-20
  33413.8515625   2.8602733e-20
  33497.9101562   2.9074510e-20
  33581.9687500   2.8971264e-20
  33666.0312500   2.9149434e-20
  33750.0898438   2.9070810e-20
  33834.1523438   2.8888297e-20
  33918.2109375   2.8651517e-20
  34002.2695312   2.8206788e-20
  34086.3320312   2.8035610e-20
  34170.3906250   2.8313152e-20
  34254.4492188   2.8258244e-20
  34338.5117188   2.8286430e-20
  34422.5703125   2.7956427e-20
  34506.6289062   2.7763351e-20
  34590.6914062   2.7882733e-20
  34674.7500000   2.7872940e-20
  34758.8125000   2.7917165e-20
  34842.8710938   2.7681777e-20
  34926.9296875   2.7003101e-20
  35010.9921875   2.6988281e-20
  35095.0507812   2.6893862e-20
  35179.1093750   2.6937479e-20
  35263.1718750   2.6599959e-20
  35347.2304688   2.6990889e-20
  35431.2890625   2.6581741e-20
  35515.3515625   2.6369074e-20
  35599.4101562   2.6198117e-20
  35683.4687500   2.6622984e-20
  35767.5312500   2.5414675e-20
  35851.5898438   2.6503172e-20
  35935.6523438   2.4654449e-20
  36019.7109375   2.6984252e-20
  36103.7695312   2.6097408e-20
  36187.8320312   2.6097865e-20
  36271.8906250   2.7075420e-20
  36355.9492188   2.6650708e-20
  36440.0117188   2.4285837e-20
  36524.0703125   2.6335395e-20
  36608.1289062   2.6913830e-20
  36692.1914062   2.6652464e-20
  36776.2500000   2.5165771e-20
  36860.3125000   2.6416367e-20
  36944.3710938   2.6763193e-20
  37028.4296875   2.6391086e-20
  37112.4921875   2.6403607e-20
  37196.5507812   2.5967298e-20
  37280.6093750   2.4687496e-20
  37364.6718750   2.6157304e-20
  37448.7304688   2.6457933e-20
  37532.7890625   2.6033301e-20
  37616.8515625   2.6020041e-20
  37700.9101562   2.5960002e-20
  37784.9687500   2.5687359e-20
  37869.0312500   2.4181641e-20
  37953.0898438   2.5077287e-20
  38037.1523438   2.6016271e-20
  38121.2109375   2.5674840e-20
  38205.2695312   2.5039208e-20
  38289.3320312   2.5084666e-20
  38373.3906250   2.5347349e-20
  38457.4492188   2.5132746e-20
  38541.5117188   2.4794196e-20
  38625.5703125   2.4625879e-20
  38709.6289062   2.3684593e-20
  38793.6914062   2.2481916e-20
  38877.7500000   2.3410644e-20
  38961.8125000   2.3827004e-20
  39045.8710938   2.3901523e-20
  39129.9296875   2.3988915e-20
  39213.9921875   2.3845221e-20
  39298.0507812   2.3804101e-20
  39382.1093750   2.3522983e-20
  39466.1718750   2.3618738e-20
  39550.2304688   2.3131327e-20
  39634.2890625   2.3505840e-20
  39718.3515625   2.3150945e-20
  39802.4101562   2.3332429e-20
  39886.4687500   2.3299253e-20
  39970.5312500   2.2982373e-20
  40054.5898438   2.2794199e-20
  40138.6523438   2.1526219e-20
  40222.7109375   2.2567783e-20
  40306.7695312   2.3020457e-20
  40390.8320312   2.2775785e-20
  40474.8906250   2.2754889e-20
  40558.9492188   2.2578887e-20
  40643.0117188   2.2450047e-20
  40727.0703125   2.2614317e-20
  40811.1289062   2.2493967e-20
  40895.1914062   2.2412413e-20
  40979.2500000   2.2257236e-20
  41063.3125000   2.2261734e-20
  41147.3710938   2.1998250e-20
  41231.4296875   2.2309593e-20
  41315.4921875   2.2141022e-20
  41399.5507812   2.2218950e-20
  41483.6093750   2.2076161e-20
  41567.6718750   2.1985115e-20
  41651.7304688   2.1876662e-20
  41735.7890625   2.1906756e-20
  41819.8515625   2.1854480e-20
  41903.9101562   2.1823789e-20
  41987.9687500   2.1688965e-20
  42135.0742188   2.1250058e-20
  42345.2265625   2.0816284e-20
  42555.3750000   2.1173576e-20
  42765.5273438   2.0965285e-20
  42975.6757812   2.0887349e-20
  43185.8242188   2.0799654e-20
  43395.9765625   2.0467091e-20
  43606.1250000   2.0269400e-20
  43816.2773438   2.0201857e-20
  44026.4257812   1.9968453e-20
  44236.5742188   1.9865326e-20
  44446.7265625   1.9625810e-20
  44656.8750000   1.9477346e-20
  44867.0273438   1.9121871e-20
  45077.1757812   1.9035064e-20
  45287.3242188   1.8845163e-20
  45497.4765625   1.8443866e-20
  45707.6250000   1.8121252e-20
  45917.7773438   1.7421556e-20
  46127.9257812   1.7282554e-20
  46338.0742188   1.7129910e-20
  46548.2265625   1.6950451e-20
  46758.3750000   1.6858763e-20
  46968.5273438   1.6757926e-20
  47178.6757812   1.6670281e-20
  47388.8242188   1.6511291e-20
  47598.9765625   1.6432150e-20
  47809.1250000   1.6352887e-20
  48019.2773438   1.6240947e-20
  48229.4257812   1.6304122e-20
  48439.5742188   1.6236596e-20
  48649.7265625   1.6076376e-20
  48859.8750000   1.5892174e-20
  49070.0273438   1.5828647e-20
  49280.1757812   1.5876966e-20
  49490.3242188   1.5687742e-20
  49700.4765625   1.5569958e-20
  49910.6250000   1.5344178e-20
  50120.7773438   1.5473160e-20
  50330.9257812   1.5066384e-20
  50541.0742188   1.5199237e-20
  50751.2265625   1.5035581e-20
  50961.3750000   1.4960557e-20
  51171.5273438   1.4930560e-20
  51381.6757812   1.4802394e-20
  51591.8242188   1.4690933e-20
  51801.9765625   1.4556639e-20
  52012.1250000   1.4485532e-20
  52222.2773438   1.4350908e-20
  52432.4257812   1.4270523e-20
  52642.5742188   1.4108312e-20
  52852.7265625   1.4041182e-20
  53062.8750000   1.3950703e-20
  53273.0273438   1.3810129e-20
  53483.1757812   1.3764836e-20
  53693.3242188   1.3683046e-20
  53903.4765625   1.3132146e-20
  54113.6250000   1.3428070e-20
  54323.7773438   1.3281500e-20
  54533.9257812   1.3326900e-20
  54744.0742188   1.3166449e-20
  54954.2265625   1.3175300e-20
  55164.3750000   1.2987039e-20
  55374.5273438   1.2931205e-20
  55584.6757812   1.2889022e-20
  55794.8242188   1.2713447e-20
  56004.9765625   1.2739828e-20
  56215.1250000   1.2605254e-20
  56425.2773438   1.2617772e-20
  56635.4257812   1.2519682e-20
  56845.5742188   1.2453601e-20
  57055.7265625   1.2281691e-20
  57265.8750000   1.2224595e-20
  57476.0273438   1.2204211e-20
  57686.1757812   1.2170009e-20
  57896.3242188   1.2098917e-20
  58106.4765625   1.2054893e-20
  58316.6250000   1.1923155e-20
  58526.7773438   1.1754851e-20
  58736.9257812   1.1719798e-20
  58947.0742188   1.1522995e-20
  59157.2265625   1.1446128e-20
  59367.3750000   1.1211938e-20
  59577.5273438   1.1148744e-20
  59787.6757812   1.1006297e-20
  59997.8242188   1.0887309e-20
  60207.9765625   1.0986014e-20
  60418.1250000   1.0991661e-20
  60628.2773438   1.0751365e-20
  60838.4257812   1.0873403e-20
  61048.5742188   1.0753537e-20
  61237.7109375   1.0777224e-20
  61447.8593750   1.0656781e-20
  61679.0273438   1.0621223e-20
  61889.1757812   1.0486621e-20
  62099.3242188   1.0510644e-20
  62309.4765625   1.0502062e-20
  62519.6250000   1.0451127e-20
  62729.7773438   1.0582391e-20
  62939.9257812   1.0489431e-20
  63150.0742188   1.0462149e-20
  63360.2265625   1.0383005e-20
  63570.3750000   1.0458015e-20
  63780.5273438   1.0472354e-20
  63990.6757812   1.0458612e-20
  64200.8242188   1.0444841e-20
  64410.9765625   1.0379540e-20
  64621.1250000   1.0445345e-20
  64831.2773438   1.0403043e-20
  65041.4257812   1.0412230e-20
  65251.5742188   1.0309305e-20
  65461.7265625   9.8543400e-21
  65671.8750000   9.9473921e-21
  65882.0234375   9.9521121e-21
  66092.1796875   1.0097798e-20
  66302.3281250   9.5000934e-21
  66512.4765625   9.3917360e-21
  66722.6250000   9.4048618e-21
  66932.7734375   9.7152807e-21
  67142.9296875   9.3847679e-21
  67458.1484375   9.4805876e-21
  67878.4531250   9.6059879e-21
  68298.7500000   9.3358488e-21
  68719.0546875   9.5652363e-21
  69139.3515625   9.1480489e-21
  69559.6484375   9.3256447e-21
  69979.9531250   9.1151636e-21
  70400.2500000   9.0560283e-21
  70820.5546875   8.8497671e-21
  71240.8515625   8.8702729e-21
  71661.1484375   8.7158066e-21
  72081.4531250   8.6126877e-21
  72501.7500000   8.4577651e-21
  72922.0546875   8.2400130e-21
  73342.3515625   8.2030023e-21
  73762.6484375   8.0896616e-21
  74182.9531250   7.9714079e-21
  74603.2500000   7.8290512e-21
  75023.5546875   7.7629713e-21
  75443.8515625   7.6244719e-21
  75864.1484375   7.4720501e-21
  76284.4531250   7.3379346e-21
  76704.7500000   7.2372140e-21
  77125.0546875   7.1225324e-21
  77545.3515625   6.9831500e-21
  77965.6484375   6.9011662e-21
  78385.9531250   6.7326500e-21
  78806.2500000   6.5879511e-21
  79226.5546875   6.5536389e-21
  79646.8515625   6.3504005e-21
  80067.1484375   6.3736758e-21
  80487.4531250   6.2524616e-21
  80907.7500000   6.1643381e-21
  81328.0546875   6.0187289e-21
  81748.3515625   5.8676610e-21
  82168.6484375   5.8515774e-21
  82588.9531250   5.7388805e-21
  83009.2500000   5.6216600e-21
  83429.5546875   5.5425491e-21
  83849.8515625   5.4633518e-21
  84270.1484375   5.4131006e-21
  84690.4531250   5.3333165e-21
  85110.7500000   5.2005718e-21
  85531.0546875   5.1209952e-21
  85951.3515625   5.0850250e-21
  86371.6484375   4.9903342e-21
  86791.9531250   4.9008064e-21
  87212.2500000   4.8370416e-21
  87632.5546875   4.7581565e-21
  88052.8515625   4.6761401e-21
  88473.1484375   4.6379548e-21
  88893.4531250   4.5520290e-21
  89313.7500000   4.4821008e-21
  89734.0546875   4.4421626e-21
  90154.3515625   4.3706382e-21
  90574.6484375   4.3010027e-21
  90994.9531250   4.2050732e-21
  91415.2500000   4.1601971e-21
  91835.5546875   4.1108679e-21
  92255.8515625   4.0605367e-21
  92676.1484375   3.9744364e-21
  93096.4531250   3.9520351e-21
  93516.7500000   3.8662995e-21
  93937.0546875   3.8177051e-21
  94357.3515625   3.7663117e-21
  94777.6484375   3.7181082e-21
  95197.9531250   3.6502499e-21
  95618.2500000   3.6264733e-21
  96038.5546875   3.5567555e-21
  96458.8515625   3.0051304e-21
  96879.1484375   3.2094147e-21
  97299.4531250   3.1880755e-21
  97719.7500000   2.7309132e-21
  98140.0546875   2.9555107e-21
  98560.3515625   2.7836974e-21
  98980.6484375   2.5041958e-21
  99400.9531250   2.7289827e-21
  99821.2500000   2.5716143e-21
 100241.5546875   2.3808805e-21
 100661.8515625   2.5580633e-21
 101082.1484375   2.4813260e-21
 101502.4531250   2.3072584e-21
 101922.7500000   2.4380413e-21
 102343.0546875   2.3556995e-21
 102763.3515625   2.2797100e-21
 103183.6484375   2.2979144e-21
 103603.9531250   2.3049390e-21
 104024.2500000   2.2550545e-21
 104444.5546875   2.0436822e-21
 104864.8515625   2.0380533e-21
 105285.1484375   2.0950191e-21
 105705.4531250   2.0300670e-21
 106125.7500000   2.0988224e-21
 106546.0546875   2.1176829e-21
 106966.3515625   2.1236531e-21
 107386.6484375   2.1271442e-21
 107806.9531250   2.1359346e-21
 108227.2500000   2.1498820e-21
 108647.5546875   2.0862321e-21
 109067.8515625   2.0870569e-21
 109488.1484375   2.0910296e-21
 109908.4531250   2.0451996e-21
 110328.7500000   2.0137813e-21
 110749.0546875   2.0210553e-21
 111169.3515625   2.0040585e-21
 111589.6484375   1.9715743e-21
 112009.9531250   1.9399064e-21
 112430.2500000   1.9498143e-21
 112850.5546875   1.9322450e-21
 113270.8515625   1.8841686e-21
 113691.1484375   1.8889162e-21
 114111.4531250   1.8672974e-21
 114531.7500000   1.8571643e-21
 114952.0546875   1.8098270e-21
 115372.3515625   1.8101844e-21
 115792.6484375   1.7924953e-21
 116212.9531250   1.7687690e-21
 116633.2500000   1.7348562e-21
 117053.5546875   1.7326635e-21
 117473.8515625   1.7224360e-21
 117894.1484375   1.7015117e-21
 118314.4531250   1.6711622e-21
 118734.7500000   1.6624000e-21
 119155.0546875   1.6526237e-21
 119575.3515625   1.6316300e-21
 119995.6484375   1.6106199e-21
 120415.9531250   1.5930048e-21
 120836.2500000   1.5708564e-21
 121256.5546875   1.5597882e-21
 121676.8515625   1.5421735e-21
 122097.1484375   1.5240480e-21
 122517.4531250   1.5099570e-21
 122937.7500000   1.4842884e-21
 123358.0546875   1.4772454e-21
 123778.3515625   1.4540921e-21
 124198.6484375   1.4374816e-21
 124618.9531250   1.4253988e-21
 125039.2500000   1.4082870e-21
 125459.5546875   1.3886580e-21
 125879.8515625   1.3725538e-21
 126300.1484375   1.3554392e-21
 126720.4531250   1.3428541e-21
 127140.7500000   1.3247362e-21
 127561.0546875   1.3020848e-21
 127981.3515625   1.2935295e-21
 128401.6484375   1.2789329e-21
 128821.9531250   1.2643399e-21
 129242.2500000   1.2517538e-21
 129662.5546875   1.2336345e-21
 130082.8515625   1.2200460e-21
 130503.1484375   1.2099821e-21
 130923.4531250   1.1908554e-21
 131343.7500000   1.1797829e-21
 131764.0468750   1.1666953e-21
 132184.3593750   1.1536060e-21
 132604.6562500   1.1395167e-21
 133024.9531250   1.1244138e-21
 133445.2500000   1.1148499e-21
 133865.5468750   1.1012631e-21
 134285.8593750   1.0891852e-21
 134916.2968750   1.0695557e-21
 135756.9062500   1.0453927e-21
 136597.5000000   1.0222425e-21
 137438.1093750   9.9858683e-22
 138278.7031250   9.7342013e-22
 139119.2968750   9.5429137e-22
 139959.9062500   9.3315444e-22
 140800.5000000   9.1503392e-22
 141641.1093750   8.9439722e-22
 142481.7031250   8.7476753e-22
 143322.2968750   8.5514027e-22
 144162.9062500   8.3853102e-22
 145003.5000000   8.2191940e-22
 145844.1093750   8.0430410e-22
 146684.7031250   7.8819745e-22
 147525.2968750   7.7309898e-22
 148365.9062500   7.5598527e-22
 149206.5000000   7.4138976e-22
 150047.1093750   7.2629098e-22
 150887.7031250   7.1169350e-22
 151728.2968750   6.9860638e-22
 152568.9062500   6.8501637e-22
 153409.5000000   6.6941439e-22
 154250.1093750   6.5683058e-22
 155090.7031250   6.4072419e-22
 155931.2968750   6.2763970e-22
 156771.9062500   6.1757191e-22
 157612.5000000   6.0146592e-22
 158453.1093750   5.9442030e-22
 159293.7031250   5.8284421e-22
 160134.2968750   5.7227474e-22
 160974.9062500   5.6271188e-22
 161815.5000000   5.5314846e-22
 162656.1093750   5.4106765e-22
 163496.7031250   5.3150545e-22
 164337.2968750   5.2194264e-22
 165177.9062500   5.1338538e-22
 166018.5000000   5.0191062e-22
 166859.1093750   4.9310102e-22
 167699.7031250   4.8217920e-22
 168540.2968750   4.7453010e-22
 169380.9062500   4.6662726e-22
 170221.5000000   4.5691339e-22
 171062.1093750   4.4996742e-22
 171902.7031250   4.4211617e-22
 172743.2968750   4.3471683e-22
 173583.9062500   4.2746951e-22
 174424.5000000   4.1946703e-22
 175265.1093750   4.1121140e-22
 176105.7031250   4.0466863e-22
 176946.2968750   3.9722029e-22
 177786.9062500   3.9188507e-22
 178627.5000000   3.8423473e-22
 179468.1093750   3.7834541e-22
 180308.7031250   3.6103114e-22
 181149.2968750   3.4608184e-22
 181989.9062500   3.4613202e-22
 182830.5000000   3.3138605e-22
 183671.1093750   3.2333243e-22
 184511.7031250   3.1633610e-22
 185352.2968750   3.0264544e-22
 186192.9062500   3.0028082e-22
 187033.5000000   2.9348539e-22
 187874.1093750   2.8346993e-22
 188714.7031250   2.8402322e-22
 189555.2968750   2.7662454e-22
 190395.9062500   2.6907447e-22
 191236.5000000   2.6826976e-22
 192077.1093750   2.6368959e-22
 192917.7031250   2.5538426e-22
 193758.2968750   2.5603901e-22
 194598.9062500   2.5019972e-22
 195439.5000000   2.4642540e-22
 196280.1093750   2.4415990e-22
 197120.7031250   2.4008306e-22
 197961.2968750   2.3560410e-22
 198801.9062500   2.3520089e-22
 199642.5000000   2.3042001e-22
 200483.1093750   2.2729918e-22
 201323.7031250   2.2392638e-22
 202164.2968750   2.1929664e-22
 203004.9062500   2.1934675e-22
 203845.5000000   2.1516859e-22
 204686.1093750   2.1109230e-22
 205526.7031250   2.0877720e-22
 206367.2968750   2.0530380e-22
 207207.9062500   2.0263613e-22
 208048.5000000   1.9916344e-22
 208889.1093750   1.9800607e-22
 209729.7031250   1.9438209e-22
 210570.2968750   1.9256966e-22
 211410.9062500   1.8990225e-22
 212251.5000000   1.8597680e-22
 213092.1093750   1.8416427e-22
 213932.7031250   1.8169865e-22
 214773.2968750   1.7877937e-22
 215613.9062500   1.7616213e-22
 216454.5000000   1.7384639e-22
 217295.1093750   1.7304123e-22
 218135.7031250   1.7007124e-22
 218976.2968750   1.6770590e-22
 219816.9062500   1.6534005e-22
 220657.5000000   1.6378044e-22
 221498.1093750   1.6302548e-22
 222338.7031250   1.5925012e-22
 223179.2968750   1.5678374e-22
 224019.9062500   1.5557585e-22
 224860.5000000   1.5356244e-22
 225701.1093750   1.5159972e-22
 226541.7031250   1.4993906e-22
 227382.2968750   1.4807660e-22
 228222.9062500   1.4561052e-22
 229063.5000000   1.4470462e-22
 229904.1093750   1.4203683e-22
 230744.7031250   1.4092955e-22
 231585.2968750   1.3846325e-22
 232425.9062500   1.3866468e-22
 233266.5000000   1.3539282e-22
 234107.1093750   1.3468824e-22
 234947.7031250   1.3247363e-22
 235788.2968750   1.3166853e-22
 236628.9062500   1.2910153e-22
 237469.5000000   1.2834624e-22
 238310.1093750   1.2663516e-22
 239150.7031250   1.2431961e-22
 239991.2968750   1.2371612e-22
 240831.9062500   1.2230664e-22
 241672.5000000   1.2064586e-22
 242513.1093750   1.1918600e-22
 243353.7031250   1.1812918e-22
 244194.2968750   1.1651847e-22
 245034.9062500   1.1520971e-22
 245875.5000000   1.1385063e-22
 246716.1093750   1.1203865e-22
 247556.7031250   1.1088146e-22
 248397.2968750   1.0937150e-22
 249237.9062500   1.0851554e-22
 250078.5000000   1.0690484e-22
 250919.1093750   1.0609987e-22
 251759.7031250   1.0484134e-22
 252600.2968750   1.0363324e-22
 253440.9062500   1.0237520e-22
 254281.5000000   1.0091547e-22
 255122.1093750   9.9808253e-23
 255962.7031250   9.8549894e-23
 256803.2968750   9.7342009e-23
 257643.9062500   9.6436087e-23
 258484.5000000   9.5429141e-23
 259325.1093750   9.4573820e-23
 260165.7031250   9.3315442e-23
 261006.2968750   9.2459578e-23
 261846.9062500   9.1151230e-23
 262687.5000000   8.9892991e-23
 263528.0937500   8.8936387e-23
 264368.7187500   8.7980319e-23
 265209.3125000   8.6923353e-23
 266049.9062500   8.6218458e-23
 266890.5000000   8.5111244e-23
 267731.0937500   8.4406583e-23
 268571.7187500   8.3198679e-23
 269832.5937500   8.1890003e-23
 271513.8125000   7.9977432e-23
 273195.0000000   7.8215937e-23
 274876.2187500   7.6454291e-23
 276557.4062500   7.4893968e-23
 278238.5937500   7.3182708e-23
 279919.8125000   7.1622442e-23
 281601.0000000   7.0062195e-23
 283282.2187500   6.8451417e-23
 284963.4062500   6.7042057e-23
 286644.5937500   6.5532076e-23
 288325.8125000   6.4223426e-23
 290007.0000000   6.2763970e-23
 291688.2187500   6.1455243e-23
 293369.4062500   6.0146592e-23
 295050.5937500   5.8888302e-23
 296731.8125000   5.7680399e-23
 298413.0000000   5.6422140e-23
 300094.2187500   5.5264585e-23
 301775.4062500   5.4106764e-23
 303456.5937500   5.2999500e-23
 305137.8125000   5.1892327e-23
 306819.0000000   5.0835289e-23
 308500.2187500   4.9803503e-23
 310181.4062500   4.8801873e-23
 311862.5937500   4.7764976e-23
 313543.8125000   4.6738204e-23
 315225.0000000   4.5802044e-23
 316906.2187500   4.4951506e-23
 318587.4062500   4.4090818e-23
 320268.5937500   4.3220017e-23
 321949.8125000   4.2369397e-23
 323631.0000000   4.1528951e-23
 325312.2187500   4.0723594e-23
 326993.4062500   3.9933329e-23
 328674.5937500   3.9158229e-23
 330355.8125000   3.8408290e-23
 332037.0000000   3.7668411e-23
 333718.2187500   3.6943599e-23
 335399.4062500   3.6249127e-23
 337080.5937500   3.5544444e-23
 338761.8125000   3.4875045e-23
 340443.0000000   3.4230732e-23
 342124.2187500   3.3581503e-23
 343805.4062500   3.2967460e-23
 345486.5937500   3.2363363e-23
 347167.8125000   3.1759452e-23
 348849.0000000   3.1180642e-23
 350530.2187500   3.0596787e-23
 352211.4062500   3.0043121e-23
 353892.5937500   2.9509583e-23
 355573.8125000   2.8976098e-23
 357255.0000000   2.8457637e-23
 358936.2187500   2.7949307e-23
 360617.4062500   2.7451025e-23
 362298.5937500   2.6967901e-23
 363979.8125000   2.6494676e-23
 365661.0000000   2.6031700e-23
 367342.2187500   2.5573668e-23
 369023.4062500   2.5130758e-23
 370704.5937500   2.4687820e-23
 372385.8125000   2.4260038e-23
 374067.0000000   2.3842185e-23
 375748.2187500   2.3444597e-23
 377429.4062500   2.3031886e-23
 379110.5937500   2.2654377e-23
 380791.8125000   2.2276891e-23
 382473.0000000   2.1884350e-23
 384154.2187500   2.1526974e-23
 385835.4062500   2.1174598e-23
 387516.5937500   2.0827351e-23
 389197.8125000   2.0480039e-23
 390879.0000000   2.0142853e-23
 392560.2187500   1.9810612e-23
 394241.4062500   1.9488556e-23
 395922.5937500   1.9171398e-23
 397603.8125000   1.8859403e-23
 399285.0000000   1.8552322e-23
 400966.2187500   1.8255371e-23
 402647.4062500   1.7968461e-23
 404328.5937500   1.7676585e-23
 406009.8125000   1.7399763e-23
 407691.0000000   1.7122915e-23
 409372.2187500   1.6841076e-23
 411053.4062500   1.6584403e-23
 412734.5937500   1.6327698e-23
 414415.8125000   1.6076024e-23
 416097.0000000   1.5829412e-23
 417778.2187500   1.5582750e-23
 419459.4062500   1.5341145e-23
 421140.5937500   1.5104612e-23
 840600.0000000   1.0167040e-24
1681200.0000000   6.5330921e-26
2521800.0000000   1.2985612e-26
3362400.0000000   4.1136311e-27
4203000.0000000   1.6846107e-27
5043600.0000000   8.1185266e-28
5884200.0000000   4.3758626e-28
6724800.0000000   2.5624036e-28
