    397.3970032   1.4778697e-23
    410.4980164   1.6806734e-23
    419.2319946   1.7914187e-23
    427.9660034   9.6007666e-23
    436.7000122   2.6385895e-22
    445.4340210   2.8615322e-22
    454.1679993   2.7184109e-22
    462.9020081   2.7630061e-22
    471.6360168   2.8190958e-22
    480.3700256   3.2175041e-22
    497.8380127   3.3376129e-22
    515.3060303   3.2412462e-22
    528.4069824   4.1020709e-22
    545.8750000   4.2581349e-22
    554.6090088   4.3494640e-22
    558.9760132   4.4177887e-22
    572.0770264   4.2602861e-22
    576.4440308   4.4077110e-22
    585.1780396   4.2113790e-22
    598.2789917   4.6809936e-22
    611.3800049   4.6924996e-22
    624.4810181   5.9272893e-22
    641.9490356   7.3785626e-22
    659.4169922   6.6097799e-22
    676.8850098   7.4576643e-22
    694.3530273   7.4864440e-22
    707.4540405   7.4936152e-22
    724.9219971   7.5439720e-22
    742.3900146   7.5367862e-22
    755.4910278   6.2041605e-22
    772.9590454   7.5943011e-22
    786.0599976   7.6086899e-22
    794.7940063   7.6086899e-22
    812.2620239   7.6230727e-22
    834.0970459   7.6302736e-22
    847.1979980   7.6734234e-22
    864.6660156   7.6590134e-22
    882.1340332   7.6806047e-22
    895.2350464   7.6734234e-22
    917.0700073   7.3330127e-22
    943.2720337   7.0240342e-22
    960.7400513   6.7333062e-22
    973.8410034   6.4300247e-22
    991.3090210   6.2365601e-22
   1004.4100342   7.5617520e-22
   1021.8780518   1.0818586e-21
   1048.0800781   1.1024255e-21
   1074.2819824   9.6381122e-22
   1100.4840088   9.3345454e-22
   1122.3189697   8.1487181e-22
   1135.4200439   8.2937539e-22
   1152.8880615   9.9684372e-22
   1174.7230225   9.7061628e-22
   1196.5579834   9.3584753e-22
   1218.3930664   7.6587438e-22
   1240.2280273   8.6114853e-22
   1266.4300537   8.3978477e-22
   1292.6320801   7.2841270e-22
   1314.4670410   6.3415708e-22
   1345.0360107   6.3677776e-22
   1388.7060547   5.6867496e-22
   1432.3759766   5.3373748e-22
   1476.0460205   4.5950171e-22
   1519.7160645   3.9637547e-22
   1559.0190430   4.8913925e-22
   1598.3220215   6.8533595e-22
   1637.6250000   6.2302089e-22
   1681.2950439   4.5393157e-22
   1724.9650879   6.2000201e-22
   1768.6350098   7.0697452e-22
   1807.9379883   6.5344461e-22
   1842.8740234   5.5675854e-22
   1877.8100586   5.0013307e-22
   1925.8470459   5.3840613e-22
   1969.5170898   5.1129773e-22
   2008.8200684   4.2269071e-22
   2052.4899902   4.0322311e-22
   2096.1601562   4.2599680e-22
   2139.8300781   3.3938412e-22
   2183.5000000   3.9635631e-22
   2209.7021484   3.3043879e-22
   2235.9040527   5.0476263e-22
   2270.8400879   4.6111492e-22
   2314.5100098   4.0614318e-22
   2358.1801758   3.1979926e-22
   2401.8500977   2.9827666e-22
   2445.5200195   3.7873146e-22
   2489.1899414   4.1105467e-22
   2532.8601074   3.9082494e-22
   2576.5300293   3.8883040e-22
   2620.1999512   3.1986389e-22
   2663.8701172   3.0620740e-22
   2707.5400391   3.8535045e-22
   2751.2099609   3.6104417e-22
   2794.8801270   3.9864673e-22
   2838.5500488   3.8573142e-22
   2873.4860840   3.5683051e-22
   2904.0551758   4.0781438e-22
   2947.7250977   4.3809235e-22
   2991.3950195   3.8480418e-22
   3035.0651855   4.6250221e-22
   3078.7351074   3.8789568e-22
   3126.7719727   5.2385837e-22
   3170.4421387   5.5894392e-22
   3209.7451172   5.9272373e-22
   3253.4150391   6.1249978e-22
   3297.0849609   6.5571285e-22
   3340.7551270   6.3895724e-22
   3384.4250488   7.8131894e-22
   3428.0949707   7.8998641e-22
   3471.7651367   9.4741856e-22
   3515.4350586   1.1113312e-21
   3559.1049805   1.3167907e-21
   3602.7751465   1.5919012e-21
   3646.4450684   1.5174839e-21
   3690.1149902   2.2687654e-21
   3733.7851562   2.7274037e-21
   3777.4550781   3.4917071e-21
   3821.1250000   4.3764624e-21
   3864.7951660   5.5264389e-21
   3908.4650879   7.0591965e-21
   3952.1350098   8.9119462e-21
   3995.8051758   1.1352320e-20
   4039.4750977   4.4746306e-20
   4083.1450195   8.6160994e-20
   4126.8149414   1.2995094e-19
   4170.4848633   1.7595506e-19
   4214.1552734   1.9090420e-19
   4257.8251953   9.3390139e-20
   4301.4951172   1.8694243e-19
   4345.1650391   1.8349996e-19
   4388.8349609   2.3225815e-19
   4432.5048828   2.4099390e-19
   4476.1752930   1.7091750e-19
   4519.8452148   2.8739000e-19
   4563.5151367   3.9797676e-19
   4607.1850586   3.8749896e-19
   4650.8549805   3.3009358e-19
   4694.5249023   3.6575869e-19
   4738.1953125   3.2215624e-19
   4781.8652344   3.7968073e-19
   4825.5351562   3.6469362e-19
   4869.2050781   3.5760869e-19
   4912.8750000   3.1669085e-19
   4956.5449219   3.7808164e-19
   5000.2153320   3.5909436e-19
   5043.8852539   3.6284200e-19
   5087.5551758   3.5931997e-19
   5131.2250977   2.4651546e-19
   5174.8950195   3.4280559e-19
   5218.5649414   2.9025160e-19
   5262.2353516   2.4671476e-19
   5305.9052734   1.9979965e-19
   5349.5751953   5.1027030e-19
   5393.2451172   6.2737565e-19
   5436.9150391   6.5649370e-19
   5480.5849609   6.4405947e-19
   5524.2553711   6.1978420e-19
   5567.9252930   7.3106962e-19
   5611.5952148   7.5592945e-19
   5655.2651367   6.5368289e-19
   5698.9350586   6.6023814e-19
   5742.6049805   7.6551120e-19
   5786.2749023   7.4107468e-19
   5829.9453125   6.9788939e-19
   5873.6152344   7.7220040e-19
   5917.2851562   7.5976705e-19
   5960.9550781   7.0959368e-19
   6004.6250000   7.1979463e-19
   6048.2949219   7.2046832e-19
   6091.9653320   5.6560134e-19
   6135.6352539   5.6087173e-19
   6179.3051758   6.9020819e-19
   6222.9750977   6.8315430e-19
   6266.6450195   7.0823933e-19
   6297.2143555   7.2767735e-19
   6319.0493164   7.3338179e-19
   6353.9853516   7.1413945e-19
   6397.6552734   6.7959619e-19
   6441.3251953   6.9119098e-19
   6484.9951172   7.0532150e-19
   6528.6650391   7.0871853e-19
   6572.3349609   6.7597060e-19
   6602.9042969   6.2198750e-19
   6624.7392578   6.4906852e-19
   6659.6752930   6.3970132e-19
   6703.3452148   5.5597663e-19
   6747.0151367   5.2791628e-19
   6790.6850586   5.1937518e-19
   6834.3549805   5.6563613e-19
   6878.0253906   6.0020778e-19
   6921.6953125   6.1715491e-19
   6965.3652344   6.2328638e-19
   7009.0351562   6.1055535e-19
   7052.7050781   6.0530627e-19
   7096.3750000   5.9212788e-19
   7140.0454102   6.2383134e-19
   7183.7153320   6.2976915e-19
   7227.3852539   6.1109989e-19
   7271.0551758   6.4126526e-19
   7301.6240234   5.8822700e-19
   7323.4589844   6.6235826e-19
   7358.3950195   6.6529702e-19
   7402.0649414   6.3425738e-19
   7445.7353516   6.1726606e-19
   7489.4052734   5.8593483e-19
   7533.0751953   5.7781109e-19
   7576.7451172   6.0925885e-19
   7620.4150391   5.9829183e-19
   7664.0849609   6.1755076e-19
   7707.7553711   5.8953571e-19
   7751.4252930   5.8549498e-19
   7795.0952148   6.0014187e-19
   7838.7651367   6.2152873e-19
   7882.4350586   6.2297991e-19
   7926.1049805   5.7943237e-19
   7969.7753906   5.9088872e-19
   8013.4453125   5.7650823e-19
   8057.1152344   5.3763111e-19
   8100.7851562   5.3897863e-19
   8144.4550781   5.4794326e-19
   8188.1250000   5.7422640e-19
   8231.7949219   5.2994887e-19
   8275.4648438   5.0802528e-19
   8319.1347656   5.3708119e-19
   8362.8056641   5.1388213e-19
   8406.4755859   4.9607298e-19
   8450.1455078   5.1951202e-19
   8493.8154297   5.3180946e-19
   8537.4853516   4.9174983e-19
   8589.8896484   5.3057303e-19
   8629.1923828   5.4481419e-19
   8664.1279297   5.1726499e-19
   8712.1650391   5.0476934e-19
   8755.8349609   5.1993430e-19
   8799.5048828   5.0806989e-19
   8843.1748047   5.2525907e-19
   8886.8447266   4.9437654e-19
   8930.5156250   5.0530168e-19
   8974.1855469   4.5840721e-19
   9017.8554688   4.7450761e-19
   9057.1582031   5.1757859e-19
   9074.6259766   4.8673277e-19
   9105.1953125   5.0252199e-19
   9148.8652344   4.7815180e-19
   9192.5351562   4.8523444e-19
   9236.2050781   4.8974324e-19
   9279.8750000   4.9261878e-19
   9323.5449219   4.7256518e-19
   9367.2148438   4.6967057e-19
   9410.8847656   4.8463385e-19
   9454.5556641   4.7308434e-19
   9498.2255859   4.7138371e-19
   9541.8955078   4.6027328e-19
   9585.5654297   4.7543379e-19
   9629.2353516   4.6767401e-19
   9672.9052734   4.5297966e-19
   9716.5751953   4.4339212e-19
   9760.2451172   4.5644447e-19
   9803.9150391   4.4661492e-19
   9847.5849609   4.3441189e-19
   9891.2548828   4.4304957e-19
   9934.9248047   4.4823015e-19
   9978.5957031   4.5192253e-19
  10022.2656250   4.2794701e-19
  10065.9355469   4.3315830e-19
  10109.6054688   4.2074232e-19
  10153.2753906   3.6064796e-19
  10196.9453125   4.0359693e-19
  10240.6152344   3.9903208e-19
  10284.2851562   4.0970473e-19
  10327.9550781   3.9304198e-19
  10371.6250000   3.9385755e-19
  10415.2949219   3.7655379e-19
  10458.9648438   3.8919941e-19
  10502.6347656   3.7798370e-19
  10546.3056641   3.8042181e-19
  10589.9755859   3.8828432e-19
  10633.6455078   3.7533858e-19
  10677.3154297   3.8550445e-19
  10720.9853516   3.7999770e-19
  10764.6552734   3.7666129e-19
  10808.3251953   3.6753480e-19
  10851.9951172   3.7061450e-19
  10895.6650391   3.2709335e-19
  10939.3349609   3.7035903e-19
  10974.2714844   3.4673483e-19
  10996.1064453   3.5901233e-19
  11026.6748047   3.5037657e-19
  11070.3457031   3.5082927e-19
  11114.0156250   3.4350185e-19
  11157.6855469   3.5340253e-19
  11201.3554688   3.4909555e-19
  11245.0253906   3.5801724e-19
  11288.6953125   3.5475853e-19
  11332.3652344   3.5107432e-19
  11376.0351562   3.4406958e-19
  11419.7050781   3.3991664e-19
  11463.3750000   3.4513654e-19
  11507.0449219   3.4654908e-19
  11550.7148438   3.5711897e-19
  11594.3857422   3.5665818e-19
  11638.0556641   3.3906529e-19
  11681.7255859   3.4521993e-19
  11725.3955078   3.4381429e-19
  11769.0654297   3.3385364e-19
  11812.7353516   3.3545123e-19
  11856.4052734   3.2805003e-19
  11900.0751953   3.2810620e-19
  11943.7451172   3.3323987e-19
  11987.4150391   3.1263214e-19
  12031.0849609   3.1306907e-19
  12074.7548828   3.1602534e-19
  12118.4248047   3.2294245e-19
  12162.0957031   3.1554270e-19
  12205.7656250   2.8264226e-19
  12249.4355469   2.9316747e-19
  12293.1054688   3.1529473e-19
  12336.7753906   3.1647256e-19
  12380.4453125   3.0485617e-19
  12424.1152344   3.0190360e-19
  12467.7851562   2.9782638e-19
  12511.4550781   3.0562431e-19
  12555.1250000   3.0155244e-19
  12598.7949219   3.0090817e-19
  12642.4648438   2.9690045e-19
  12707.9707031   3.0402718e-19
  12795.3105469   2.9773611e-19
  12882.6503906   2.9276088e-19
  12969.9902344   2.9251671e-19
  13057.3300781   2.9015221e-19
  13144.6699219   2.8862958e-19
  13232.0107422   2.8706455e-19
  13319.3505859   2.8451790e-19
  13406.6904297   2.8220939e-19
  13494.0302734   2.7970456e-19
  13581.3701172   2.7674263e-19
  13668.7099609   2.7239681e-19
  13756.0507812   2.7113523e-19
  13843.3906250   2.6706736e-19
  13930.7304688   2.5891025e-19
  14018.0703125   2.5947942e-19
  14105.4101562   2.5356278e-19
  14192.7500000   2.5444965e-19
  14280.0908203   2.5298660e-19
  14367.4306641   2.4987710e-19
  14454.7705078   2.4715288e-19
  14542.1103516   2.4286286e-19
  14629.4501953   2.3822946e-19
  14716.7900391   2.3298762e-19
  14804.1298828   2.3082537e-19
  14891.4707031   2.2903295e-19
  14978.8105469   2.2529282e-19
  15066.1503906   2.2280531e-19
  15153.4902344   2.2031723e-19
  15240.8300781   2.1851716e-19
  15328.1699219   2.1759110e-19
  15415.5107422   2.1376631e-19
  15502.8505859   2.1335175e-19
  15590.1904297   2.0593702e-19
  15677.5302734   2.0272088e-19
  15764.8701172   2.0265769e-19
  15852.2099609   2.0173504e-19
  15895.8808594   2.0107694e-19
  15939.5507812   2.0357827e-19
  16026.8906250   1.9966894e-19
  16114.2304688   1.8886772e-19
  16201.5703125   1.9780287e-19
  16288.9101562   1.9412546e-19
  16376.2500000   2.2128208e-19
  16463.5898438   2.2673010e-19
  16550.9296875   2.5034722e-19
  16638.2695312   2.7139853e-19
  16725.6113281   2.2761007e-19
  16812.9511719   2.7952524e-19
  16900.2910156   2.9414504e-19
  16987.6308594   2.1756913e-19
  17074.9707031   2.9639365e-19
  17162.3105469   2.6947678e-19
  17249.6503906   2.8458159e-19
  17336.9902344   1.9795670e-19
  17424.3300781   2.8880838e-19
  17511.6699219   3.0432241e-19
  17599.0097656   2.9977116e-19
  17686.3496094   2.9951980e-19
  17773.6894531   2.8860931e-19
  17861.0312500   2.6134019e-19
  17948.3710938   2.2256178e-19
  18035.7109375   2.7861705e-19
  18123.0507812   2.8474790e-19
  18210.3906250   2.8356483e-19
  18297.7304688   2.8171898e-19
  18385.0703125   2.8123438e-19
  18472.4101562   2.7712213e-19
  18559.7500000   2.7595376e-19
  18647.0898438   2.6794854e-19
  18734.4296875   2.6607578e-19
  18821.7695312   2.5241949e-19
  18909.1113281   2.2892534e-19
  18996.4511719   2.0702794e-19
  19083.7910156   2.5953071e-19
  19171.1308594   2.5603921e-19
  19258.4707031   2.5759345e-19
  19345.8105469   2.5785267e-19
  19433.1503906   2.5798292e-19
  19520.4902344   2.5571443e-19
  19607.8300781   2.5560328e-19
  19695.1699219   2.6270269e-19
  19782.5097656   2.5228538e-19
  19869.8496094   2.5038132e-19
  19957.1914062   2.5550454e-19
  20044.5312500   2.4850687e-19
  20131.8710938   2.4954369e-19
  20219.2109375   2.4359673e-19
  20306.5507812   2.4328131e-19
  20393.8906250   2.4406039e-19
  20481.2304688   2.3949774e-19
  20568.5703125   2.3301319e-19
  20655.9101562   2.3778206e-19
  20743.2500000   2.3819599e-19
  20830.5898438   2.3692311e-19
  20917.9296875   2.3395762e-19
  21005.2695312   2.2973714e-19
  21092.6113281   2.2662557e-19
  21179.9511719   1.9968998e-19
  21267.2910156   1.7379693e-19
  21354.6308594   2.1707853e-19
  21441.9707031   2.1991315e-19
  21529.3105469   2.1605133e-19
  21616.6503906   2.2013442e-19
  21703.9902344   2.1761881e-19
  21791.3300781   2.1030133e-19
  21878.6699219   2.0295962e-19
  21966.0097656   2.0737192e-19
  22053.3496094   2.0469356e-19
  22140.6914062   2.0842467e-19
  22228.0312500   2.0297567e-19
  22315.3710938   2.0291149e-19
  22402.7109375   1.9858452e-19
  22490.0507812   1.9447105e-19
  22577.3906250   1.8907439e-19
  22664.7304688   1.8967320e-19
  22752.0703125   1.9131380e-19
  22839.4101562   1.9237624e-19
  22926.7500000   1.9436689e-19
  23014.0898438   1.8461874e-19
  23101.4296875   1.9276784e-19
  23188.7714844   1.9429433e-19
  23276.1113281   1.8531654e-19
  23363.4511719   1.9057081e-19
  23450.7910156   1.8928291e-19
  23538.1308594   1.8576472e-19
  23625.4707031   1.8317386e-19
  23712.8105469   1.8315778e-19
  23800.1503906   1.8466739e-19
  23887.4902344   1.8076439e-19
  23974.8300781   1.7991455e-19
  24062.1699219   1.7835212e-19
  24149.5097656   1.7902861e-19
  24236.8496094   1.7958536e-19
  24324.1914062   1.7730248e-19
  24411.5312500   1.7406275e-19
  24498.8710938   1.7591565e-19
  24586.2109375   1.7361460e-19
  24673.5507812   1.7308929e-19
  24760.8906250   1.7041981e-19
  24848.2304688   1.7215074e-19
  24935.5703125   1.6923242e-19
  25022.9101562   1.7430448e-19
  25110.2500000   1.6958732e-19
  25197.5898438   1.7000119e-19
  25284.9296875   1.6610441e-19
  25372.2714844   1.6843088e-19
  25459.6113281   1.6968120e-19
  25546.9511719   1.6624746e-19
  25634.2910156   1.6436857e-19
  25721.6308594   1.5730945e-19
  25808.9707031   1.6228197e-19
  25896.3105469   1.6171636e-19
  25983.6503906   1.6078580e-19
  26070.9902344   1.6154457e-19
  26158.3300781   1.5891560e-19
  26245.6699219   1.5737165e-19
  26333.0097656   1.5872936e-19
  26420.3515625   1.5924116e-19
  26507.6914062   1.5865967e-19
  26595.0312500   1.5491667e-19
  26682.3710938   1.5457077e-19
  26769.7109375   1.4984175e-19
  26857.0507812   1.4973256e-19
  26944.3906250   1.4669477e-19
  27031.7304688   1.4963197e-19
  27119.0703125   1.4829671e-19
  27206.4101562   1.4500311e-19
  27293.7500000   1.4133505e-19
  27381.0898438   1.4500820e-19
  27468.4296875   1.4611223e-19
  27555.7714844   1.4341471e-19
  27643.1113281   1.4414909e-19
  27730.4511719   1.4291798e-19
  27817.7910156   1.4217551e-19
  27905.1308594   1.4352371e-19
  27992.4707031   1.4130091e-19
  28079.8105469   1.4166192e-19
  28167.1503906   1.4078986e-19
  28254.4902344   1.4028497e-19
  28341.8300781   1.3755481e-19
  28429.1699219   1.3902396e-19
  28516.5097656   1.3727659e-19
  28603.8515625   1.2995094e-19
  28691.1914062   1.1634012e-19
  28778.5312500   1.3362663e-19
  28865.8710938   1.3621241e-19
  28953.2109375   1.3532278e-19
  29040.5507812   1.3443011e-19
  29127.8906250   1.3191812e-19
  29215.2304688   1.3326209e-19
  29302.5703125   1.3012055e-19
  29389.9101562   1.3158887e-19
  29477.2500000   1.2981347e-19
  29564.5898438   1.3028239e-19
  29651.9316406   1.2862739e-19
  29739.2714844   1.2884505e-19
  29826.6113281   1.2893731e-19
  29913.9511719   1.2677439e-19
  30001.2910156   1.2774184e-19
  30088.6308594   1.2820833e-19
  30175.9707031   1.2754450e-19
  30263.3105469   1.2637693e-19
  30350.6503906   1.2506888e-19
  30437.9902344   1.2544460e-19
  30525.3300781   1.2492615e-19
  30612.6699219   1.2271836e-19
  30700.0097656   1.2341884e-19
  30787.3515625   1.2280786e-19
  30874.6914062   1.2041624e-19
  30962.0312500   1.1824814e-19
  31049.3710938   1.1612725e-19
  31136.7109375   1.1436942e-19
  31224.0507812   1.1391275e-19
  31311.3906250   1.1423990e-19
  31398.7304688   1.1309721e-19
  31486.0703125   1.1450109e-19
  31573.4101562   1.1562749e-19
  31660.7500000   1.1544686e-19
  31748.0898438   1.1501163e-19
  31835.4316406   1.1339314e-19
  31922.7714844   1.1506672e-19
  32010.1113281   1.1475633e-19
  32097.4511719   1.1452172e-19
  32184.7910156   1.1660561e-19
  32272.1308594   1.1370582e-19
  32359.4707031   1.1391524e-19
  32446.8105469   1.1476290e-19
  32534.1503906   1.1423187e-19
  32621.4902344   1.1461983e-19
  32708.8300781   1.1372879e-19
  32796.1718750   1.1466615e-19
  32883.5117188   1.1511776e-19
  32970.8515625   1.1524980e-19
  33058.1914062   1.1409901e-19
  33145.5312500   1.1240791e-19
  33232.8710938   1.1188239e-19
  33320.2109375   1.1111164e-19
  33407.5507812   1.0937640e-19
  33494.8906250   1.0684158e-19
  33582.2304688   1.0858714e-19
  33669.5703125   1.0655012e-19
  33756.9101562   1.0672574e-19
  33844.2500000   1.0601194e-19
  33931.5898438   1.0599331e-19
  34018.9296875   1.0685144e-19
  34106.2695312   1.0640701e-19
  34193.6093750   1.0584491e-19
  34280.9492188   1.0457197e-19
  34368.2890625   1.0398165e-19
  34455.6289062   1.0163209e-19
  34542.9726562   9.9887281e-20
  34630.3125000   1.0078224e-19
  34717.6523438   9.9229226e-20
  34804.9921875   1.0091511e-19
  34892.3320312   1.0101976e-19
  34979.6718750   1.0199383e-19
  35067.0117188   1.0142386e-19
  35154.3515625   1.0058017e-19
  35241.6914062   1.0007301e-19
  35329.0312500   9.8316969e-20
  35416.3710938   9.7911915e-20
  35503.7109375   9.9237071e-20
  35591.0507812   9.9599913e-20
  35678.3906250   9.9545687e-20
  35765.7304688   9.7418650e-20
  35853.0703125   9.7349794e-20
  35940.4101562   9.7476430e-20
  36027.7500000   9.7577081e-20
  36115.0898438   9.7847007e-20
  36202.4296875   9.7424635e-20
  36289.7695312   9.4569336e-20
  36377.1093750   9.4510788e-20
  36464.4492188   9.4242206e-20
  36551.7890625   9.4261250e-20
  36639.1328125   9.2799758e-20
  36726.4726562   9.4075962e-20
  36813.8125000   9.2153988e-20
  36901.1523438   9.1318400e-20
  36988.4921875   9.0613274e-20
  37075.8320312   9.2047605e-20
  37163.1718750   8.7913182e-20
  37250.5117188   9.2317240e-20
  37337.8515625   8.4325887e-20
  37425.1914062   9.3718019e-20
  37512.5312500   9.0299430e-20
  37599.8710938   9.0143313e-20
  37687.2109375   9.4610463e-20
  37774.5507812   9.3098163e-20
  37861.8906250   8.3172080e-20
  37949.2304688   9.1585489e-20
  38036.5703125   9.4661580e-20
  38123.9101562   9.2591321e-20
  38211.2500000   8.6014686e-20
  38298.5898438   9.1840862e-20
  38385.9296875   9.4644125e-20
  38473.2695312   9.1682883e-20
  38560.6093750   9.2636060e-20
  38647.9492188   9.0055076e-20
  38735.2890625   8.5339642e-20
  38822.6328125   9.0198753e-20
  38909.9726562   9.2000327e-20
  38997.3125000   9.0925418e-20
  39084.6523438   9.1428357e-20
  39171.9921875   9.0923021e-20
  39259.3320312   8.9501097e-20
  39346.6718750   8.3215927e-20
  39434.0117188   8.6758671e-20
  39521.3515625   9.0623226e-20
  39608.6914062   9.0567521e-20
  39696.0312500   8.8223388e-20
  39783.3710938   8.8805329e-20
  39870.7109375   8.9867008e-20
  39958.0507812   8.9317722e-20
  40045.3906250   8.8500855e-20
  40132.7304688   8.8096777e-20
  40220.0703125   8.3357485e-20
  40307.4101562   7.8840936e-20
  40394.7500000   8.2236429e-20
  40482.0898438   8.4579211e-20
  40569.4296875   8.5400757e-20
  40656.7695312   8.5020157e-20
  40744.1093750   8.5107211e-20
  40831.4492188   8.4524992e-20
  40918.7890625   8.3969256e-20
  41006.1328125   8.4577725e-20
  41093.4726562   8.2548341e-20
  41180.8125000   8.4200795e-20
  41268.1523438   8.1687123e-20
  41355.4921875   8.3487914e-20
  41442.8320312   8.3130811e-20
  41530.1718750   8.1901220e-20
  41617.5117188   8.0885675e-20
  41704.8515625   7.5868004e-20
  41792.1914062   8.0274854e-20
  41879.5312500   8.1984352e-20
  41966.8710938   8.1517609e-20
  42054.2109375   8.1561294e-20
  42141.5507812   8.0394110e-20
  42228.8906250   8.0450617e-20
  42316.2304688   8.0951417e-20
  42403.5703125   8.0482774e-20
  42490.9101562   7.9865535e-20
  42578.2500000   7.8721913e-20
  42665.5898438   7.9545927e-20
  42752.9296875   7.8253115e-20
  42840.2695312   8.0048129e-20
  42927.6093750   7.9739358e-20
  43014.9492188   7.9295492e-20
  43102.2929688   7.8216350e-20
  43189.6328125   7.7892748e-20
  43276.9726562   7.7730770e-20
  43364.3125000   7.8326010e-20
  43451.6523438   7.8136702e-20
  43538.9921875   7.8001613e-20
  43626.3320312   7.7798728e-20
  43779.1757812   7.5389377e-20
  43997.5273438   7.3510694e-20
  44215.8750000   7.5169521e-20
  44434.2265625   7.3789189e-20
  44652.5742188   7.3819666e-20
  44870.9257812   7.3820635e-20
  45089.2773438   7.3331086e-20
  45307.6250000   7.2281679e-20
  45525.9765625   7.1459752e-20
  45744.3242188   7.0843528e-20
  45962.6757812   7.0155249e-20
  46181.0273438   6.9766875e-20
  46399.3750000   6.9292952e-20
  46617.7265625   6.7913377e-20
  46836.0742188   6.7933358e-20
  47054.4257812   6.7742092e-20
  47272.7773438   6.6055425e-20
  47491.1250000   6.4516928e-20
  47709.4765625   6.2202573e-20
  47927.8242188   6.1909590e-20
  48146.1757812   6.2084946e-20
  48364.5273438   6.0921872e-20
  48582.8750000   6.1480942e-20
  48801.2265625   6.1432901e-20
  49019.5742188   6.1342848e-20
  49237.9257812   6.0367085e-20
  49456.2773438   5.9680642e-20
  49674.6250000   5.8729513e-20
  49892.9765625   5.7953166e-20
  50111.3281250   5.8526363e-20
  50329.6757812   5.9124440e-20
  50548.0273438   5.8517367e-20
  50766.3750000   5.7849665e-20
  50984.7265625   5.7125326e-20
  51203.0781250   5.6636695e-20
  51421.4257812   5.6384540e-20
  51639.7773438   5.5671452e-20
  51858.1250000   5.4985002e-20
  52076.4765625   5.4661168e-20
  52294.8281250   5.3048214e-20
  52513.1757812   5.4469934e-20
  52731.5273438   5.2870519e-20
  52949.8750000   5.3367186e-20
  53168.2265625   5.3219263e-20
  53386.5781250   5.3187251e-20
  53604.9257812   5.2589843e-20
  53823.2773438   5.1668144e-20
  54041.6250000   5.1884397e-20
  54259.9765625   5.1003504e-20
  54478.3281250   5.0276041e-20
  54696.6757812   5.0125458e-20
  54915.0273438   4.9706743e-20
  55133.3750000   5.0343650e-20
  55351.7265625   4.8793559e-20
  55570.0781250   4.9473055e-20
  55788.4257812   4.8683534e-20
  56006.7773438   4.6606445e-20
  56225.1250000   4.7497884e-20
  56443.4765625   4.8204619e-20
  56661.8281250   4.7709878e-20
  56880.1757812   4.7907458e-20
  57098.5273438   4.7511238e-20
  57316.8750000   4.6942516e-20
  57535.2265625   4.6472567e-20
  57753.5781250   4.6371441e-20
  57971.9257812   4.5529326e-20
  58190.2773438   4.5569735e-20
  58408.6250000   4.4797236e-20
  58626.9765625   4.5648857e-20
  58845.3281250   4.5445623e-20
  59063.6757812   4.5355896e-20
  59282.0273438   4.4054079e-20
  59500.3750000   4.3564036e-20
  59718.7265625   4.4129986e-20
  59937.0781250   4.3396758e-20
  60155.4257812   4.3706036e-20
  60373.7773438   4.3599252e-20
  60592.1250000   4.3091745e-20
  60810.4765625   4.2671207e-20
  61028.8281250   4.1718922e-20
  61247.1757812   4.1782731e-20
  61465.5273438   4.0900721e-20
  61683.8750000   3.9759418e-20
  61902.2265625   3.9908469e-20
  62120.5781250   3.9927226e-20
  62338.9257812   3.9961612e-20
  62557.2773438   3.9751735e-20
  62775.6250000   4.0086588e-20
  62993.9765625   3.8853846e-20
  63212.3281250   3.8945250e-20
  63430.6757812   3.8085147e-20
  63627.1914062   3.8821780e-20
  63845.5429688   3.8391798e-20
  64085.7265625   3.7878965e-20
  64304.0781250   3.7361503e-20
  64522.4257812   3.7378896e-20
  64740.7773438   3.7887286e-20
  64959.1250000   3.7845875e-20
  65177.4765625   3.8412707e-20
  65395.8281250   3.7778618e-20
  65614.1796875   3.6899525e-20
  65832.5234375   3.7190260e-20
  66050.8750000   3.6583740e-20
  66269.2265625   3.7410759e-20
  66487.5781250   3.6876200e-20
  66705.9296875   3.7573442e-20
  66924.2734375   3.6849972e-20
  67142.6250000   3.6372589e-20
  67360.9765625   3.6880410e-20
  67579.3281250   3.6648066e-20
  67797.6796875   3.5995646e-20
  68016.0234375   3.4848589e-20
  68234.3750000   3.5675217e-20
  68452.7265625   3.5647025e-20
  68671.0781250   3.5996910e-20
  68889.4296875   3.3491835e-20
  69107.7734375   3.3913975e-20
  69326.1250000   3.3824133e-20
  69544.4765625   3.4509106e-20
  69762.8281250   3.4361202e-20
  70090.3515625   3.4425852e-20
  70527.0546875   3.4377652e-20
  70963.7500000   3.3192234e-20
  71400.4531250   3.4297878e-20
  71837.1484375   3.3564133e-20
  72273.8515625   3.3031836e-20
  72710.5546875   3.2264332e-20
  73147.2500000   3.3577849e-20
  73583.9531250   3.1709167e-20
  74020.6484375   3.2199498e-20
  74457.3515625   3.1531967e-20
  74894.0546875   3.1640586e-20
  75330.7500000   3.0515623e-20
  75767.4531250   3.0005301e-20
  76204.1484375   2.9877486e-20
  76640.8515625   2.9955664e-20
  77077.5546875   2.8957170e-20
  77514.2500000   2.8075557e-20
  77950.9531250   2.8684401e-20
  78387.6484375   2.6336345e-20
  78824.3515625   2.6486440e-20
  79261.0546875   2.6294506e-20
  79697.7500000   2.5021532e-20
  80134.4531250   2.4430275e-20
  80571.1484375   2.5126144e-20
  81007.8515625   2.4933007e-20
  81444.5546875   2.3863891e-20
  81881.2500000   2.3016331e-20
  82317.9531250   2.3163271e-20
  82754.6484375   2.2416766e-20
  83191.3515625   2.3619587e-20
  83628.0546875   2.2397970e-20
  84064.7500000   2.2543137e-20
  84501.4531250   2.2377321e-20
  84938.1484375   2.0719168e-20
  85374.8515625   2.1176943e-20
  85811.5546875   2.0933930e-20
  86248.2500000   2.0453272e-20
  86684.9531250   1.9597232e-20
  87121.6484375   2.0115202e-20
  87558.3515625   1.9811325e-20
  87995.0546875   2.0163936e-20
  88431.7500000   1.9201245e-20
  88868.4531250   1.8716753e-20
  89305.1484375   1.8246811e-20
  89741.8515625   1.7924967e-20
  90178.5546875   1.7484118e-20
  90615.2500000   1.7161628e-20
  91051.9531250   1.7964374e-20
  91488.6484375   1.6952403e-20
  91925.3515625   1.7034796e-20
  92362.0546875   1.6531187e-20
  92798.7500000   1.6598481e-20
  93235.4531250   1.6336032e-20
  93672.1484375   1.5771205e-20
  94108.8515625   1.5777995e-20
  94545.5546875   1.5331864e-20
  94982.2500000   1.4881931e-20
  95418.9531250   1.4739092e-20
  95855.6484375   1.4312653e-20
  96292.3515625   1.3766602e-20
  96729.0546875   1.3777609e-20
  97165.7500000   1.3886225e-20
  97602.4531250   1.3697368e-20
  98039.1484375   1.3826162e-20
  98475.8515625   1.3191175e-20
  98912.5546875   1.2971488e-20
  99349.2500000   1.2998291e-20
  99785.9531250   1.2680557e-20
 100222.6562500   1.1249039e-20
 100659.3515625   1.2256699e-20
 101096.0546875   1.2468717e-20
 101532.7500000   1.0700311e-20
 101969.4531250   1.1954679e-20
 102406.1562500   1.1101019e-20
 102842.8515625   1.0122939e-20
 103279.5546875   1.0742313e-20
 103716.2500000   1.0692232e-20
 104152.9531250   9.4149124e-21
 104589.6562500   1.0446777e-20
 105026.3515625   9.9873238e-21
 105463.0546875   8.8275317e-21
 105899.7500000   9.0194409e-21
 106336.4531250   8.8314487e-21
 106773.1562500   8.4954850e-21
 107209.8515625   8.3537422e-21
 107646.5546875   8.3482040e-21
 108083.2500000   8.0421302e-21
 108519.9531250   7.3206882e-21
 108956.6562500   7.2714386e-21
 109393.3515625   7.4181057e-21
 109830.0546875   7.0530912e-21
 110266.7500000   7.2573685e-21
 110703.4531250   7.2620238e-21
 111140.1562500   7.2208069e-21
 111576.8515625   7.2637137e-21
 112013.5546875   7.2601739e-21
 112450.2500000   7.3889071e-21
 112886.9531250   7.2357907e-21
 113323.6562500   7.2399234e-21
 113760.3515625   7.4056059e-21
 114197.0546875   7.2108872e-21
 114633.7500000   7.2677026e-21
 115070.4531250   7.4284737e-21
 115507.1562500   7.1782160e-21
 115943.8515625   7.2903999e-21
 116380.5546875   7.3745131e-21
 116817.2500000   7.1685128e-21
 117253.9531250   6.8962032e-21
 117690.6562500   6.9899678e-21
 118127.3515625   7.0048110e-21
 118564.0546875   6.8814997e-21
 119000.7500000   7.1896374e-21
 119437.4531250   7.0087498e-21
 119874.1562500   7.2184288e-21
 120310.8515625   6.9252797e-21
 120747.5546875   6.7522588e-21
 121184.2500000   6.7809359e-21
 121620.9531250   6.8843108e-21
 122057.6562500   6.8965368e-21
 122494.3515625   6.6887424e-21
 122931.0546875   6.5524074e-21
 123367.7500000   6.5737950e-21
 123804.4531250   6.2886535e-21
 124241.1562500   5.8077247e-21
 124677.8515625   6.1302989e-21
 125114.5546875   6.1875889e-21
 125551.2500000   5.9676715e-21
 125987.9531250   5.8453150e-21
 126424.6562500   5.6253694e-21
 126861.3515625   5.7848904e-21
 127298.0546875   5.5401932e-21
 127734.7500000   5.2722352e-21
 128171.4531250   5.2242235e-21
 128608.1562500   5.0724274e-21
 129044.8515625   4.9423323e-21
 129481.5546875   4.8586990e-21
 129918.2500000   4.7827995e-21
 130354.9531250   4.6759393e-21
 130791.6562500   4.6279277e-21
 131228.3593750   4.5830051e-21
 131665.0468750   4.5241505e-21
 132101.7500000   4.4606409e-21
 132538.4531250   4.3785578e-21
 132975.1562500   4.3630667e-21
 133411.8593750   4.3274568e-21
 133848.5468750   4.2902716e-21
 134285.2500000   4.2592943e-21
 134721.9531250   4.1973459e-21
 135158.6562500   4.1477768e-21
 135595.3593750   4.1307433e-21
 136032.0468750   4.0718983e-21
 136468.7500000   4.0300712e-21
 136905.4531250   3.9820576e-21
 137342.1562500   3.9433352e-21
 137778.8593750   3.8968689e-21
 138215.5468750   3.8457606e-21
 138652.2500000   3.8163335e-21
 139088.9531250   3.7868987e-21
 139525.6562500   3.7652236e-21
 140180.7031250   3.6986165e-21
 141054.1093750   3.6242793e-21
 141927.5000000   3.5762592e-21
 142800.9062500   3.5112060e-21
 143674.2968750   3.4415116e-21
 144547.7031250   3.3857575e-21
 145421.1093750   3.3733637e-21
 146294.5000000   3.4074320e-21
 147167.9062500   3.2959236e-21
 148041.2968750   3.2959236e-21
 148914.7031250   3.3067688e-21
 149788.1093750   3.3423949e-21
 150661.5000000   3.2711344e-21
 151534.9062500   3.2091920e-21
 152408.2968750   3.0775380e-21
 153281.7031250   3.0868240e-21
 154155.1093750   3.0031935e-21
 155028.5000000   2.8607030e-21
 155901.9062500   2.8777395e-21
 156775.2968750   2.7817078e-21
 157648.7031250   2.7615746e-21
 158522.1093750   2.6314724e-21
 159395.5000000   2.5617757e-21
 160268.9062500   2.5091189e-21
 161142.2968750   2.4115376e-21
 162015.7031250   2.3279021e-21
 162889.1093750   2.2690441e-21
 163762.5000000   2.1761119e-21
 164635.9062500   2.1358425e-21
 165509.2968750   2.0924737e-21
 166382.7031250   2.0491122e-21
 167256.1093750   2.0072931e-21
 168129.5000000   1.9763181e-21
 169002.9062500   1.9375918e-21
 169876.2968750   1.9035165e-21
 170749.7031250   1.8709933e-21
 171623.1093750   1.8524086e-21
 172496.5000000   1.8245288e-21
 173369.9062500   1.8028472e-21
 174243.2968750   1.7718651e-21
 175116.7031250   1.7470838e-21
 175990.1093750   1.7284999e-21
 176863.5000000   1.7114662e-21
 177736.9062500   1.7006242e-21
 178610.2968750   1.6928743e-21
 179483.7031250   1.6897768e-21
 180357.1093750   1.6603511e-21
 181230.5000000   1.6045919e-21
 182103.9062500   1.6045919e-21
 182977.2968750   1.6061430e-21
 183850.7031250   1.5674189e-21
 184724.1093750   1.5705197e-21
 185597.5000000   1.5519316e-21
 186470.9062500   1.5381501e-21
 187344.2968750   1.4627210e-21
 188217.7031250   1.3885311e-21
 189091.1093750   1.3826466e-21
 189964.5000000   1.2977699e-21
 190837.9062500   1.2581206e-21
 191711.2968750   1.2283806e-21
 192584.7031250   1.1943081e-21
 193458.1093750   1.1868726e-21
 194331.5000000   1.1548134e-21
 195204.9062500   1.1229047e-21
 196078.2968750   1.1337472e-21
 196951.7031250   1.1063348e-21
 197825.1093750   1.0550658e-21
 198698.5000000   1.0200637e-21
 199571.9062500   9.8831271e-22
 200445.3125000   9.6043505e-22
 201318.7031250   9.6802366e-22
 202192.1093750   9.5145077e-22
 203065.5000000   9.4029706e-22
 203938.9062500   9.2636060e-22
 204812.3125000   8.9863460e-22
 205685.7031250   8.8500470e-22
 206559.1093750   9.0436357e-22
 207432.5000000   8.8268340e-22
 208305.9062500   8.6734673e-22
 209179.3125000   8.5247859e-22
 210052.7031250   8.3172445e-22
 210926.1093750   8.3249918e-22
 211799.5000000   8.1530857e-22
 212672.9062500   8.0152261e-22
 213546.3125000   7.9455151e-22
 214419.7031250   7.7798043e-22
 215293.1093750   7.7054722e-22
 216166.5000000   7.4638571e-22
 217039.9062500   7.3631540e-22
 217913.3125000   7.3043092e-22
 218786.7031250   7.2501053e-22
 219660.1093750   7.1261988e-22
 220533.5000000   6.9310299e-22
 221406.9062500   6.8613405e-22
 222280.3125000   6.8241663e-22
 223153.7031250   6.7482857e-22
 224027.1093750   6.6739238e-22
 224900.5000000   6.5887379e-22
 225773.9062500   6.5825487e-22
 226647.3125000   6.4679486e-22
 227520.7031250   6.3610689e-22
 228394.1093750   6.2619476e-22
 229267.5000000   6.2139222e-22
 230140.9062500   6.2046513e-22
 231014.3125000   6.0838180e-22
 231887.7031250   5.9831548e-22
 232761.1093750   5.9150154e-22
 233634.5000000   5.8158925e-22
 234507.9062500   5.7554691e-22
 235381.3125000   5.6842278e-22
 236254.7031250   5.6362256e-22
 237128.1093750   5.5773501e-22
 238001.5000000   5.5479358e-22
 238874.9062500   5.4596389e-22
 239748.3125000   5.4209330e-22
 240621.7031250   5.3388289e-22
 241495.1093750   5.3667093e-22
 242368.5000000   5.2118255e-22
 243241.9062500   5.2428180e-22
 244115.3125000   5.1189086e-22
 244988.7031250   5.0987602e-22
 245862.1093750   4.9856948e-22
 246735.5000000   4.9717659e-22
 247608.9062500   4.8912208e-22
 248482.3125000   4.8044835e-22
 249355.7031250   4.7611292e-22
 250229.1093750   4.7115600e-22
 251102.5000000   4.6356577e-22
 251975.9062500   4.5644249e-22
 252849.3125000   4.5737156e-22
 253722.7031250   4.5179551e-22
 254596.1093750   4.4900842e-22
 255469.5000000   4.4405084e-22
 256342.9062500   4.3940461e-22
 257216.3125000   4.3305561e-22
 258089.7031250   4.2639550e-22
 258963.1093750   4.2004440e-22
 259836.5000000   4.1446810e-22
 260709.9062500   4.1214471e-22
 261583.3125000   4.0610575e-22
 262456.7187500   3.9990931e-22
 263330.0937500   3.9650254e-22
 264203.5000000   3.9356016e-22
 265076.9062500   3.9108076e-22
 265950.3125000   3.8612462e-22
 266823.7187500   3.8008447e-22
 267697.0937500   3.7543751e-22
 268570.5000000   3.7125637e-22
 269443.9062500   3.6599009e-22
 270317.3125000   3.5932940e-22
 271190.7187500   3.5499387e-22
 272064.0937500   3.5096641e-22
 272937.5000000   3.4786812e-22
 273810.9062500   3.4229258e-22
 274684.3125000   3.3656244e-22
 275557.7187500   3.3191508e-22
 276431.0937500   3.2943753e-22
 277304.5000000   3.2711489e-22
 278177.9062500   3.2541118e-22
 279051.3125000   3.2029967e-22
 280361.4062500   3.1178065e-22
 282108.2187500   3.0341759e-22
 283855.0000000   2.9768647e-22
 285601.8125000   2.9118111e-22
 287348.5937500   2.8219821e-22
 289095.4062500   2.7460816e-22
 290842.2187500   2.7058207e-22
 292589.0000000   2.6578029e-22
 294335.8125000   2.5973938e-22
 296082.5937500   2.5277004e-22
 297829.4062500   2.4827889e-22
 299576.2187500   2.4332191e-22
 301323.0000000   2.3542331e-22
 303069.8125000   2.3000266e-22
 304816.5937500   2.2504558e-22
 306563.4062500   2.2086364e-22
 308310.2187500   2.1590810e-22
 310057.0000000   2.1188105e-22
 311803.8125000   2.0754412e-22
 313550.5937500   2.0413696e-22
 315297.4062500   2.0103897e-22
 317044.2187500   1.9778637e-22
 318791.0000000   1.9360439e-22
 320537.8125000   1.8926795e-22
 322284.5937500   1.8493116e-22
 324031.4062500   1.8136875e-22
 325778.2187500   1.7889028e-22
 327525.0000000   1.7548352e-22
 329271.8125000   1.7269520e-22
 331018.5937500   1.6758382e-22
 332765.4062500   1.6433176e-22
 334512.2187500   1.5999476e-22
 336259.0000000   1.5813653e-22
 338005.8125000   1.5565801e-22
 339752.5937500   1.5310264e-22
 341499.4062500   1.4964840e-22
 343246.2187500   1.4616357e-22
 344993.0000000   1.4373187e-22
 346739.8125000   1.4202822e-22
 348486.5937500   1.3944160e-22
 350233.4062500   1.3719582e-22
 351980.2187500   1.3422245e-22
 353727.0000000   1.3188337e-22
 355473.8125000   1.2920374e-22
 357220.5937500   1.2692704e-22
 358967.4062500   1.2378308e-22
 360714.2187500   1.2164570e-22
 362461.0000000   1.1963187e-22
 364207.8125000   1.1763434e-22
 365954.5937500   1.1614715e-22
 367701.4062500   1.1408747e-22
 369448.2187500   1.1202744e-22
 371195.0000000   1.1002923e-22
 372941.8125000   1.0855806e-22
 374688.5937500   1.0694721e-22
 376435.4062500   1.0519704e-22
 378182.2187500   1.0346235e-22
 379929.0000000   1.0172765e-22
 381675.8125000   1.0045744e-22
 383422.5937500   9.9373149e-23
 385169.4062500   9.8568157e-23
 386916.2187500   9.7143083e-23
 388663.0000000   9.5919573e-23
 390409.8125000   9.4153673e-23
 392156.5937500   9.2481181e-23
 393903.4062500   9.1273094e-23
 395650.2187500   8.9228335e-23
 397397.0000000   8.7524856e-23
 399143.8125000   8.5805657e-23
 400890.6250000   8.4442625e-23
 402637.4062500   8.3621856e-23
 404384.2187500   8.3311733e-23
 406131.0000000   8.2398030e-23
 407877.8125000   8.0539354e-23
 409624.6250000   7.9021541e-23
 411371.4062500   7.7565714e-23
 413118.2187500   7.6466111e-23
 414865.0000000   7.6109956e-23
 416611.8125000   7.5149389e-23
 418358.6250000   7.3832957e-23
 420105.4062500   7.2919374e-23
 421852.2187500   7.1432453e-23
 423599.0000000   6.9991835e-23
 425345.8125000   6.9604669e-23
 427092.6250000   6.8954161e-23
 428839.4062500   6.7978429e-23
 430586.2187500   6.7374471e-23
 432333.0000000   6.6661902e-23
 434079.8125000   6.5298851e-23
 435826.6250000   6.3827569e-23
 437573.4062500   6.2557623e-23
 873400.0000000   3.1069669e-24
1746800.0000000   1.9871538e-25
2620200.0000000   3.9417943e-26
3493600.0000000   1.2465048e-26
4367000.0000000   5.0972155e-27
5240400.0000000   2.4533603e-27
6113800.0000000   1.3216227e-27
6987200.0000000   7.7302490e-28
