    327.9640198   4.0587840e-23
    338.7760010   4.6306624e-23
    345.9840088   4.9454047e-23
    353.1920166   2.7236749e-22
    360.4000244   7.5178929e-22
    367.6080017   8.1566486e-22
    374.8160095   7.7462390e-22
    382.0240173   7.8737648e-22
    389.2319946   8.0342396e-22
    396.4400024   9.1759614e-22
    410.8560181   9.5195019e-22
    425.2720032   9.2448894e-22
    436.0840149   1.1705225e-21
    450.5000000   1.2157812e-21
    457.7080078   1.2414975e-21
    461.3120117   1.2610387e-21
    472.1240234   1.2157812e-21
    475.7280273   1.2579521e-21
    482.9360046   1.2024104e-21
    493.7480164   1.3361283e-21
    504.5599976   1.3402423e-21
    515.3720093   1.6920158e-21
    529.7880249   2.1065305e-21
    544.2040405   1.8853912e-21
    558.6199951   2.1271040e-21
    573.0360107   2.1363632e-21
    583.8480225   2.1394429e-21
    598.2640381   2.1528175e-21
    612.6799927   2.1507572e-21
    623.4920044   1.7681299e-21
    637.9080200   2.1672178e-21
    648.7200317   2.1703038e-21
    655.9280396   2.1703038e-21
    670.3439941   2.1733944e-21
    688.3640137   2.1754474e-21
    699.1760254   2.1888166e-21
    713.5920410   2.1836797e-21
    728.0079956   2.1908747e-21
    738.8200073   2.1888166e-21
    756.8400269   2.1219628e-21
    778.4639893   2.1867604e-21
    792.8800049   2.1939655e-21
    803.6920166   2.1682462e-21
    818.1080322   2.2001312e-21
    828.9200439   2.7555713e-21
    843.3359985   4.1194657e-21
    864.9600220   4.4887332e-21
    886.5840454   4.1873571e-21
    908.2080078   4.3241606e-21
    926.2280273   3.8595423e-21
    937.0400391   3.9685181e-21
    951.4560547   4.8398826e-21
    969.4760132   4.8037133e-21
    987.4960327   4.7132259e-21
   1005.5160522   3.9422705e-21
   1023.5360107   4.5225906e-21
   1045.1600342   4.5052836e-21
   1066.7840576   3.9949940e-21
   1084.8040771   3.5426885e-21
   1110.0319824   3.6519770e-21
   1146.0720215   3.3849620e-21
   1182.1120605   3.2976248e-21
   1218.1519775   2.9323506e-21
   1254.1920166   2.6225596e-21
   1286.6280518   3.3446048e-21
   1319.0640869   4.8419663e-21
   1351.5000000   4.5417386e-21
   1387.5400391   3.4244369e-21
   1423.5800781   4.8430936e-21
   1459.6199951   5.7121183e-21
   1492.0560303   5.4353675e-21
   1520.8880615   4.7516974e-21
   1549.7200928   4.3783748e-21
   1589.3640137   4.8797949e-21
   1625.4040527   4.7760508e-21
   1657.8400879   4.0529237e-21
   1693.8800049   3.9813148e-21
   1729.9200439   4.3269341e-21
   1765.9600830   3.5397494e-21
   1802.0000000   4.2425758e-21
   1823.6240234   3.5894537e-21
   1845.2480469   5.5683800e-21
   1874.0800781   5.1845330e-21
   1910.1199951   4.6679264e-21
   1946.1600342   3.7528833e-21
   1982.2000732   3.5703038e-21
   2018.2399902   4.6183545e-21
   2054.2800293   5.1009437e-21
   2090.3200684   4.9240139e-21
   2126.3601074   4.9631378e-21
   2162.4001465   4.1330386e-21
   2198.4399414   3.9946079e-21
   2234.4799805   5.0716362e-21
   2270.5200195   4.7794080e-21
   2306.5600586   5.2992211e-21
   2342.6000977   5.1367338e-21
   2371.4321289   4.7504453e-21
   2396.6601562   5.4225397e-21
   2432.6999512   5.8031736e-21
   2468.7399902   5.0651589e-21
   2504.7800293   6.0312897e-21
   2540.8200684   4.9995192e-21
   2580.4641113   6.6428242e-21
   2616.5041504   6.9647323e-21
   2648.9401855   7.2477016e-21
   2684.9799805   7.3175862e-21
   2721.0200195   7.6255664e-21
   2757.0600586   7.2117265e-21
   2793.1000977   8.5266771e-21
   2829.1401367   8.3057642e-21
   2865.1801758   9.5611917e-21
   2901.2199707   1.0702121e-20
   2937.2600098   1.2034512e-20
   2973.3000488   1.3746693e-20
   3009.3400879   1.2327934e-20
   3045.3801270   1.7270013e-20
   3081.4201660   1.9365243e-20
   3117.4599609   2.3034382e-20
   3153.5000000   2.6681591e-20
   3189.5400391   3.1001450e-20
   3225.5800781   3.6245096e-20
   3261.6201172   4.1688607e-20
   3297.6601562   4.7486933e-20
   3333.7001953   1.4380985e-19
   3369.7399902   2.5279169e-19
   3405.7800293   3.6180050e-19
   3441.8200684   4.5889163e-19
   3477.8601074   5.0174682e-19
   3513.9001465   2.2420555e-19
   3549.9401855   4.5273999e-19
   3585.9799805   4.4676893e-19
   3622.0200195   5.6892852e-19
   3658.0600586   5.9340484e-19
   3694.1000977   4.2214622e-19
   3730.1401367   6.2198611e-19
   3766.1801758   8.6487234e-19
   3802.2202148   8.4400164e-19
   3838.2600098   7.2052684e-19
   3874.3000488   8.0129911e-19
   3910.3400879   7.0767809e-19
   3946.3801270   8.3758401e-19
   3982.4201660   8.0632966e-19
   4018.4602051   7.9259805e-19
   4054.5000000   7.0413455e-19
   4090.5400391   8.4486206e-19
   4126.5800781   8.0598266e-19
   4162.6201172   8.1783146e-19
   4198.6601562   8.1342191e-19
   4234.7001953   5.6046176e-19
   4270.7402344   7.8558382e-19
   4306.7802734   6.6896676e-19
   4342.8203125   5.7132724e-19
   4378.8603516   4.6499819e-19
   4414.8999023   8.9292420e-19
   4450.9399414   1.0962383e-18
   4486.9799805   1.1415488e-18
   4523.0200195   1.1162496e-18
   4559.0600586   1.0738231e-18
   4595.1000977   1.2532649e-18
   4631.1401367   1.2894666e-18
   4667.1801758   1.1106261e-18
   4703.2202148   1.1252274e-18
   4739.2602539   1.2972655e-18
   4775.3002930   1.2502687e-18
   4811.3403320   1.1767800e-18
   4847.3798828   1.2950967e-18
   4883.4199219   1.2721249e-18
   4919.4599609   1.1873810e-18
   4955.5000000   1.1990512e-18
   4991.5400391   1.1976093e-18
   5027.5800781   9.3196134e-19
   5063.6201172   9.2315011e-19
   5099.6601562   1.1419451e-18
   5135.7001953   1.1251040e-18
   5171.7402344   1.1683603e-18
   5196.9682617   1.1961690e-18
   5214.9882812   1.2010171e-18
   5243.8203125   1.1684115e-18
   5279.8603516   1.1111432e-18
   5315.8999023   1.1298923e-18
   5351.9399414   1.1485642e-18
   5387.9799805   1.1493464e-18
   5424.0200195   1.0931854e-18
   5449.2480469   1.0063739e-18
   5467.2680664   1.0477124e-18
   5496.1000977   1.0361535e-18
   5532.1401367   8.9990437e-19
   5568.1801758   8.4289777e-19
   5604.2202148   8.3253392e-19
   5640.2602539   9.1156720e-19
   5676.3002930   9.6516034e-19
   5712.3403320   9.8874036e-19
   5748.3803711   9.9486470e-19
   5784.4199219   9.7626586e-19
   5820.4599609   9.6705696e-19
   5856.5000000   9.4870720e-19
   5892.5400391   9.9729692e-19
   5928.5800781   1.0026900e-18
   5964.6201172   9.7787938e-19
   6000.6601562   1.0192598e-18
   6025.8881836   9.4479866e-19
   6043.9082031   1.0514923e-18
   6072.7402344   1.0515478e-18
   6108.7802734   1.0041487e-18
   6144.8203125   9.7790936e-19
   6180.8603516   9.2523222e-19
   6216.9003906   9.1183945e-19
   6252.9399414   9.5861248e-19
   6288.9799805   9.4104678e-19
   6325.0200195   9.6652198e-19
   6361.0600586   9.2800369e-19
   6397.1000977   9.1423744e-19
   6433.1401367   9.3730162e-19
   6469.1801758   9.6451627e-19
   6505.2202148   9.6865528e-19
   6541.2602539   8.9745726e-19
   6577.3002930   9.1777354e-19
   6613.3403320   8.9601972e-19
   6649.3803711   8.3641867e-19
   6685.4204102   8.3436044e-19
   6721.4599609   8.4705787e-19
   6757.5000000   8.8823078e-19
   6793.5400391   8.1666498e-19
   6829.5800781   7.7972666e-19
   6865.6201172   8.2896205e-19
   6901.6601562   7.8878858e-19
   6937.7001953   7.5951181e-19
   6973.7402344   8.0109852e-19
   7009.7802734   8.1461600e-19
   7045.8203125   7.5019295e-19
   7089.0683594   8.0870574e-19
   7121.5043945   8.3235840e-19
   7150.3359375   7.8854957e-19
   7189.9799805   7.6969311e-19
   7226.0200195   7.9505586e-19
   7262.0600586   7.7730591e-19
   7298.1000977   8.0496735e-19
   7334.1401367   7.5238715e-19
   7370.1801758   7.6694641e-19
   7406.2202148   6.9364352e-19
   7442.2602539   7.2029590e-19
   7474.6962891   7.8466312e-19
   7489.1123047   7.3292292e-19
   7514.3403320   7.5844516e-19
   7550.3803711   7.2149583e-19
   7586.4204102   7.3502137e-19
   7622.4599609   7.4153537e-19
   7658.5000000   7.4479265e-19
   7694.5400391   7.1966662e-19
   7730.5800781   7.0914659e-19
   7766.6201172   7.3163970e-19
   7802.6601562   7.1592472e-19
   7838.7001953   7.1337928e-19
   7874.7402344   6.9408539e-19
   7910.7802734   7.1489410e-19
   7946.8203125   7.0404180e-19
   7982.8603516   6.8468164e-19
   8018.9003906   6.6963988e-19
   8054.9404297   6.8356396e-19
   8090.9799805   6.7257254e-19
   8127.0200195   6.5473874e-19
   8163.0600586   6.6691918e-19
   8199.1005859   6.7220047e-19
   8235.1406250   6.7451301e-19
   8271.1806641   6.3955945e-19
   8307.2197266   6.4708044e-19
   8343.2597656   6.2952989e-19
   8379.2998047   5.4380415e-19
   8415.3398438   6.0623338e-19
   8451.3798828   6.0265500e-19
   8487.4199219   6.1132401e-19
   8523.4599609   5.9206161e-19
   8559.5000000   5.8953436e-19
   8595.5400391   5.6872364e-19
   8631.5800781   5.8415810e-19
   8667.6201172   5.6798982e-19
   8703.6601562   5.7004899e-19
   8739.7001953   5.7692994e-19
   8775.7402344   5.5804985e-19
   8811.7802734   5.7037960e-19
   8847.8203125   5.6270616e-19
   8883.8603516   5.5736402e-19
   8919.9003906   5.4521030e-19
   8955.9404297   5.4862108e-19
   8991.9804688   4.8111239e-19
   9028.0205078   5.4245409e-19
   9056.8525391   5.1320431e-19
   9074.8720703   5.3315999e-19
   9100.1005859   5.2151571e-19
   9136.1406250   5.2127759e-19
   9172.1806641   5.0921693e-19
   9208.2207031   5.1988519e-19
   9244.2597656   5.1445454e-19
   9280.2998047   5.2437047e-19
   9316.3398438   5.1955654e-19
   9352.3798828   5.1498119e-19
   9388.4199219   5.0580228e-19
   9424.4599609   5.0032531e-19
   9460.5000000   5.0326961e-19
   9496.5400391   5.0316130e-19
   9532.5800781   5.1190998e-19
   9568.6201172   5.0954807e-19
   9604.6601562   4.8918329e-19
   9640.7001953   4.9511418e-19
   9676.7402344   4.9268041e-19
   9712.7802734   4.8023004e-19
   9748.8203125   4.7983367e-19
   9784.8603516   4.7214513e-19
   9820.9003906   4.7170155e-19
   9856.9404297   4.7545153e-19
   9892.9804688   4.5410008e-19
   9929.0205078   4.5262667e-19
   9965.0605469   4.5439135e-19
  10001.1005859   4.6144214e-19
  10037.1406250   4.5523228e-19
  10073.1806641   4.2001396e-19
  10109.2207031   4.3229265e-19
  10145.2607422   4.4955793e-19
  10181.2998047   4.4620025e-19
  10217.3398438   4.2981644e-19
  10253.3798828   4.2745954e-19
  10289.4199219   4.2430793e-19
  10325.4599609   4.2959566e-19
  10361.5000000   4.2339020e-19
  10397.5400391   4.2210541e-19
  10433.5800781   4.1690073e-19
  10487.6406250   4.2004531e-19
  10559.7207031   4.1292649e-19
  10631.7998047   4.0534042e-19
  10703.8798828   4.0294428e-19
  10775.9599609   3.9802132e-19
  10848.0400391   3.9362672e-19
  10920.1201172   3.9115546e-19
  10992.2001953   3.8651911e-19
  11064.2802734   3.8174985e-19
  11136.3603516   3.7617607e-19
  11208.4404297   3.7172543e-19
  11280.5205078   3.6543834e-19
  11352.6005859   3.6219478e-19
  11424.6806641   3.5539554e-19
  11496.7607422   3.4632468e-19
  11568.8398438   3.4439081e-19
  11640.9199219   3.3842334e-19
  11713.0000000   3.3538863e-19
  11785.0800781   3.3055272e-19
  11857.1601562   3.2585095e-19
  11929.2402344   3.2148134e-19
  12001.3203125   3.1537437e-19
  12073.4003906   3.0920546e-19
  12145.4804688   3.0389969e-19
  12217.5605469   2.9976390e-19
  12289.6406250   2.9620038e-19
  12361.7207031   2.8993882e-19
  12433.8007812   2.8568422e-19
  12505.8798828   2.8209969e-19
  12577.9599609   2.7822269e-19
  12650.0400391   2.7539141e-19
  12722.1201172   2.7123705e-19
  12794.2001953   2.6812920e-19
  12866.2802734   2.6234581e-19
  12938.3603516   2.5724242e-19
  13010.4404297   2.5456982e-19
  13082.5205078   2.5199248e-19
  13118.5605469   2.5085294e-19
  13154.6005859   2.5109321e-19
  13226.6806641   2.4630606e-19
  13298.7607422   2.3440347e-19
  13370.8408203   2.4124436e-19
  13442.9199219   2.3907265e-19
  13515.0000000   2.6700462e-19
  13587.0800781   2.6928573e-19
  13659.1601562   2.9086987e-19
  13731.2402344   3.1072466e-19
  13803.3203125   2.6778088e-19
  13875.4003906   3.1663869e-19
  13947.4804688   3.2596399e-19
  14019.5605469   2.5234910e-19
  14091.6406250   3.2488922e-19
  14163.7207031   3.1003629e-19
  14235.8007812   3.1356512e-19
  14307.8798828   2.3302187e-19
  14379.9599609   3.0958457e-19
  14452.0400391   3.1801980e-19
  14524.1201172   3.1020653e-19
  14596.2001953   3.1189776e-19
  14668.2802734   3.0156767e-19
  14740.3603516   2.7729072e-19
  14812.4404297   2.4007328e-19
  14884.5205078   2.8815273e-19
  14956.6005859   2.9137106e-19
  15028.6806641   2.8939180e-19
  15100.7607422   2.8738054e-19
  15172.8408203   2.8560018e-19
  15244.9199219   2.8168741e-19
  15317.0000000   2.7864212e-19
  15389.0800781   2.7117989e-19
  15461.1601562   2.6969050e-19
  15533.2402344   2.5978558e-19
  15605.3203125   2.3666886e-19
  15677.4003906   2.1532619e-19
  15749.4804688   2.5787358e-19
  15821.5605469   2.5381515e-19
  15893.6406250   2.5458099e-19
  15965.7207031   2.5353215e-19
  16037.8007812   2.5254313e-19
  16109.8808594   2.4698848e-19
  16181.9599609   2.4770981e-19
  16254.0400391   2.5084081e-19
  16326.1201172   2.4347211e-19
  16398.2011719   2.4074267e-19
  16470.2812500   2.4285059e-19
  16542.3613281   2.3741216e-19
  16614.4394531   2.3665325e-19
  16686.5195312   2.3158945e-19
  16758.5996094   2.2970940e-19
  16830.6796875   2.2966602e-19
  16902.7597656   2.2641016e-19
  16974.8398438   2.2042515e-19
  17046.9199219   2.2281069e-19
  17119.0000000   2.2214140e-19
  17191.0800781   2.2120872e-19
  17263.1601562   2.1796936e-19
  17335.2402344   2.1403073e-19
  17407.3203125   2.1144554e-19
  17479.4003906   1.9130496e-19
  17551.4804688   1.6870664e-19
  17623.5605469   2.0343752e-19
  17695.6406250   2.0398326e-19
  17767.7207031   1.9961939e-19
  17839.8007812   2.0213457e-19
  17911.8808594   1.9947480e-19
  17983.9609375   1.9421287e-19
  18056.0410156   1.8746410e-19
  18128.1210938   1.9039387e-19
  18200.2011719   1.8743282e-19
  18272.2812500   1.8992952e-19
  18344.3613281   1.8564930e-19
  18416.4414062   1.8466130e-19
  18488.5195312   1.8105637e-19
  18560.5996094   1.7787300e-19
  18632.6796875   1.7398288e-19
  18704.7597656   1.7375381e-19
  18776.8398438   1.7334755e-19
  18848.9199219   1.7381487e-19
  18921.0000000   1.7436842e-19
  18993.0800781   1.6806548e-19
  19065.1601562   1.7256972e-19
  19137.2402344   1.7267813e-19
  19209.3203125   1.6696122e-19
  19281.4003906   1.6935547e-19
  19353.4804688   1.6830406e-19
  19425.5605469   1.6530279e-19
  19497.6406250   1.6317855e-19
  19569.7207031   1.6237785e-19
  19641.8007812   1.6272839e-19
  19713.8808594   1.5934505e-19
  19785.9609375   1.5826681e-19
  19858.0410156   1.5682762e-19
  19930.1210938   1.5716753e-19
  20002.2011719   1.5697025e-19
  20074.2812500   1.5525349e-19
  20146.3613281   1.5254655e-19
  20218.4414062   1.5314602e-19
  20290.5214844   1.5087751e-19
  20362.5996094   1.4994939e-19
  20434.6796875   1.4802958e-19
  20506.7597656   1.4880068e-19
  20578.8398438   1.4651481e-19
  20650.9199219   1.4953376e-19
  20723.0000000   1.4589005e-19
  20795.0800781   1.4593490e-19
  20867.1601562   1.4282041e-19
  20939.2402344   1.4412536e-19
  21011.3203125   1.4470888e-19
  21083.4003906   1.4194185e-19
  21155.4804688   1.3935131e-19
  21227.5605469   1.3494029e-19
  21299.6406250   1.3805501e-19
  21371.7207031   1.3744883e-19
  21443.8007812   1.3611284e-19
  21515.8808594   1.3668552e-19
  21587.9609375   1.3443394e-19
  21660.0410156   1.3345449e-19
  21732.1210938   1.3420507e-19
  21804.2011719   1.3431768e-19
  21876.2812500   1.3378959e-19
  21948.3613281   1.3079002e-19
  22020.4414062   1.3025635e-19
  22092.5214844   1.2678915e-19
  22164.5996094   1.2624960e-19
  22236.6796875   1.2387308e-19
  22308.7597656   1.2516586e-19
  22380.8398438   1.2379368e-19
  22452.9199219   1.2104003e-19
  22525.0000000   1.1828008e-19
  22597.0800781   1.2085942e-19
  22669.1601562   1.2159735e-19
  22741.2402344   1.1956805e-19
  22813.3203125   1.2021253e-19
  22885.4003906   1.1891710e-19
  22957.4804688   1.1826606e-19
  23029.5605469   1.1909376e-19
  23101.6406250   1.1779279e-19
  23173.7207031   1.1769351e-19
  23245.8007812   1.1694486e-19
  23317.8808594   1.1656490e-19
  23389.9609375   1.1432698e-19
  23462.0410156   1.1524499e-19
  23534.1210938   1.1393151e-19
  23606.2011719   1.0889303e-19
  23678.2812500   9.8351730e-20
  23750.3613281   1.1109529e-19
  23822.4414062   1.1229122e-19
  23894.5214844   1.1143492e-19
  23966.6015625   1.1048368e-19
  24038.6796875   1.0831589e-19
  24110.7597656   1.0885573e-19
  24182.8398438   1.0649607e-19
  24254.9199219   1.0731585e-19
  24327.0000000   1.0579356e-19
  24399.0800781   1.0586329e-19
  24471.1601562   1.0471237e-19
  24543.2402344   1.0478044e-19
  24615.3203125   1.0484812e-19
  24687.4003906   1.0331727e-19
  24759.4804688   1.0394763e-19
  24831.5605469   1.0457816e-19
  24903.6406250   1.0398462e-19
  24975.7207031   1.0282476e-19
  25047.8007812   1.0175692e-19
  25119.8808594   1.0210295e-19
  25191.9609375   1.0141028e-19
  25264.0410156   9.9960790e-20
  25336.1210938   1.0030512e-19
  25408.2011719   9.9703853e-20
  25480.2812500   9.6924249e-20
  25552.3613281   9.5372025e-20
  25624.4414062   9.2822783e-20
  25696.5214844   9.1360322e-20
  25768.6015625   9.1499656e-20
  25840.6796875   9.1780982e-20
  25912.7597656   9.0760835e-20
  25984.8398438   9.2210463e-20
  26056.9199219   9.2681839e-20
  26129.0000000   9.3039097e-20
  26201.0800781   9.2825633e-20
  26273.1601562   9.1649266e-20
  26345.2402344   9.2911292e-20
  26417.3203125   9.2772655e-20
  26489.4003906   9.2814628e-20
  26561.4804688   9.3935386e-20
  26633.5605469   9.2506167e-20
  26705.6406250   9.2069642e-20
  26777.7207031   9.2368131e-20
  26849.8007812   9.2236383e-20
  26921.8808594   9.2027598e-20
  26993.9609375   9.1425746e-20
  27066.0410156   9.1848319e-20
  27138.1210938   9.2261102e-20
  27210.2011719   9.2252591e-20
  27282.2812500   9.1504076e-20
  27354.3613281   9.0361120e-20
  27426.4414062   8.9600792e-20
  27498.5214844   8.8964787e-20
  27570.6015625   8.8144573e-20
  27642.6816406   8.5947659e-20
  27714.7597656   8.6867522e-20
  27786.8398438   8.5630409e-20
  27858.9199219   8.5393816e-20
  27931.0000000   8.4877455e-20
  28003.0800781   8.4968089e-20
  28075.1601562   8.5357821e-20
  28147.2402344   8.5081232e-20
  28219.3203125   8.4688302e-20
  28291.4003906   8.3540537e-20
  28363.4804688   8.3513402e-20
  28435.5605469   8.1483423e-20
  28507.6406250   8.0196446e-20
  28579.7207031   8.0370277e-20
  28651.8007812   7.9507689e-20
  28723.8808594   8.1009210e-20
  28795.9609375   8.0640048e-20
  28868.0410156   8.1017753e-20
  28940.1210938   8.0793542e-20
  29012.2011719   8.0248242e-20
  29084.2812500   7.9712572e-20
  29156.3613281   7.8378142e-20
  29228.4414062   7.7996295e-20
  29300.5214844   7.8800605e-20
  29372.6015625   7.8680606e-20
  29444.6816406   7.8764965e-20
  29516.7617188   7.7621427e-20
  29588.8398438   7.7090764e-20
  29660.9199219   7.7398463e-20
  29733.0000000   7.7442659e-20
  29805.0800781   7.7701586e-20
  29877.1601562   7.6993655e-20
  29949.2402344   7.4965938e-20
  30021.3203125   7.4900778e-20
  30093.4003906   7.4590895e-20
  30165.4804688   7.4740751e-20
  30237.5605469   7.3441799e-20
  30309.6406250   7.4619071e-20
  30381.7207031   7.3162044e-20
  30453.8007812   7.2771725e-20
  30525.8808594   7.2194585e-20
  30597.9609375   7.3333187e-20
  30670.0410156   6.9792459e-20
  30742.1210938   7.3090429e-20
  30814.2011719   6.7297437e-20
  30886.2812500   7.4496933e-20
  30958.3613281   7.1716772e-20
  31030.4414062   7.1618571e-20
  31102.5214844   7.4785406e-20
  31174.6015625   7.3428577e-20
  31246.6816406   6.6035560e-20
  31318.7617188   7.2443916e-20
  31390.8398438   7.4374672e-20
  31462.9199219   7.3477930e-20
  31535.0000000   6.8764397e-20
  31607.0800781   7.2697931e-20
  31679.1601562   7.4029233e-20
  31751.2402344   7.2942596e-20
  31823.3203125   7.2971108e-20
  31895.4003906   7.1330091e-20
  31967.4804688   6.7345039e-20
  32039.5605469   7.1958761e-20
  32111.6406250   7.3084328e-20
  32183.7207031   7.1855810e-20
  32255.8007812   7.1843816e-20
  32327.8808594   7.1633356e-20
  32399.9609375   7.0729280e-20
  32472.0410156   6.5860618e-20
  32544.1210938   6.8581919e-20
  32616.2011719   7.1770972e-20
  32688.2812500   7.1063687e-20
  32760.3613281   6.9343339e-20
  32832.4414062   6.9647018e-20
  32904.5195312   7.0477191e-20
  32976.6015625   6.9877110e-20
  33048.6796875   6.9097395e-20
  33120.7617188   6.8784327e-20
  33192.8398438   6.5924867e-20
  33264.9218750   6.2117807e-20
  33337.0000000   6.4927235e-20
  33409.0820312   6.6304665e-20
  33481.1601562   6.6587438e-20
  33553.2421875   6.6889915e-20
  33625.3203125   6.6505018e-20
  33697.4023438   6.6368752e-20
  33769.4804688   6.5504362e-20
  33841.5625000   6.5826788e-20
  33913.6406250   6.4322417e-20
  33985.7226562   6.5542922e-20
  34057.8007812   6.4446837e-20
  34129.8828125   6.5088542e-20
  34201.9609375   6.4950913e-20
  34274.0390625   6.3943304e-20
  34346.1210938   6.3054815e-20
  34418.1992188   5.9183797e-20
  34490.2812500   6.2386834e-20
  34562.3593750   6.3939653e-20
  34634.4414062   6.3280079e-20
  34706.5195312   6.3170956e-20
  34778.6015625   6.2630613e-20
  34850.6796875   6.2290461e-20
  34922.7617188   6.2832562e-20
  34994.8398438   6.2391765e-20
  35066.9218750   6.2070903e-20
  35139.0000000   6.1609472e-20
  35211.0820312   6.1649525e-20
  35283.1601562   6.0855684e-20
  35355.2421875   6.1820067e-20
  35427.3203125   6.1296933e-20
  35499.4023438   6.1477569e-20
  35571.4804688   6.1034484e-20
  35643.5625000   6.0782233e-20
  35715.6406250   6.0459290e-20
  35787.7226562   6.0548839e-20
  35859.8007812   6.0406738e-20
  35931.8828125   6.0294882e-20
  36003.9609375   5.9900562e-20
  36130.1015625   5.8466625e-20
  36310.3007812   5.7165102e-20
  36490.5000000   5.8427353e-20
  36670.6992188   5.7800777e-20
  36850.9023438   5.7618545e-20
  37031.1015625   5.7393520e-20
  37211.3007812   5.6438171e-20
  37391.5000000   5.5866783e-20
  37571.6992188   5.5688694e-20
  37751.9023438   5.4983438e-20
  37932.1015625   5.4661769e-20
  38112.3007812   5.3952694e-20
  38292.5000000   5.3505771e-20
  38472.6992188   5.2476904e-20
  38652.9023438   5.2294921e-20
  38833.1015625   5.1772065e-20
  39013.3007812   5.0719035e-20
  39193.5000000   4.9930241e-20
  39373.6992188   4.8012878e-20
  39553.9023438   4.7853940e-20
  39734.1015625   4.7746035e-20
  39914.3007812   4.7248114e-20
  40094.5000000   4.6963651e-20
  40274.6992188   4.6606748e-20
  40454.9023438   4.6372563e-20
  40635.1015625   4.5788508e-20
  40815.3007812   4.5543224e-20
  40995.5000000   4.5245972e-20
  41175.6992188   4.4842411e-20
  41355.9023438   4.5070254e-20
  41536.1015625   4.4851665e-20
  41716.3007812   4.4315562e-20
  41896.5000000   4.3755108e-20
  42076.6992188   4.3545573e-20
  42256.9023438   4.3666800e-20
  42437.1015625   4.3022058e-20
  42617.3007812   4.2676926e-20
  42797.5000000   4.2030549e-20
  42977.6992188   4.2389630e-20
  43157.9023438   4.1201168e-20
  43338.1015625   4.1621105e-20
  43518.3007812   4.1107545e-20
  43698.5000000   4.0933873e-20
  43878.6992188   4.0864002e-20
  44058.9023438   4.0505212e-20
  44239.1015625   4.0174447e-20
  44419.3007812   3.9780812e-20
  44599.5000000   3.9584922e-20
  44779.6992188   3.9180024e-20
  44959.9023438   3.8962611e-20
  45140.1015625   3.8504676e-20
  45320.3007812   3.8297066e-20
  45500.5000000   3.8077534e-20
  45680.6992188   3.7627357e-20
  45860.9023438   3.7532952e-20
  46041.1015625   3.7270626e-20
  46221.3007812   3.5561257e-20
  46401.5000000   3.6524900e-20
  46581.7031250   3.6176395e-20
  46761.9023438   3.6322224e-20
  46942.1015625   3.5847271e-20
  47122.3007812   3.5877515e-20
  47302.5000000   3.5317520e-20
  47482.7031250   3.5135892e-20
  47662.9023438   3.5027732e-20
  47843.1015625   3.4507516e-20
  48023.3007812   3.4578056e-20
  48203.5000000   3.4194024e-20
  48383.7031250   3.4243468e-20
  48563.9023438   3.3964430e-20
  48744.1015625   3.3780412e-20
  48924.3007812   3.3247310e-20
  49104.5000000   3.3073133e-20
  49284.7031250   3.3036405e-20
  49464.9023438   3.2936012e-20
  49645.1015625   3.2750804e-20
  49825.3007812   3.2638518e-20
  50005.5000000   3.2282546e-20
  50185.7031250   3.1810504e-20
  50365.9023438   3.1676387e-20
  50546.1015625   3.1160340e-20
  50726.3007812   3.1036463e-20
  50906.5000000   3.0445142e-20
  51086.7031250   3.0384632e-20
  51266.9023438   2.9972179e-20
  51447.1015625   2.9613538e-20
  51627.3007812   2.9903545e-20
  51807.5000000   2.9926797e-20
  51987.7031250   2.9183465e-20
  52167.9023438   2.9548190e-20
  52348.1015625   2.9176932e-20
  52510.2812500   2.9273579e-20
  52690.4804688   2.8943628e-20
  52888.7031250   2.8818943e-20
  53068.9023438   2.8424498e-20
  53249.1015625   2.8479101e-20
  53429.3007812   2.8448354e-20
  53609.5000000   2.8277696e-20
  53789.7031250   2.8653113e-20
  53969.9023438   2.8343347e-20
  54150.1015625   2.8194736e-20
  54330.3007812   2.7980835e-20
  54510.5000000   2.8173814e-20
  54690.7031250   2.8206129e-20
  54870.9023438   2.8120661e-20
  55051.1015625   2.8131531e-20
  55231.3007812   2.7917252e-20
  55411.5000000   2.8035329e-20
  55591.7031250   2.7884291e-20
  55771.9023438   2.7904993e-20
  55952.1015625   2.7582835e-20
  56132.3007812   2.6476032e-20
  56312.5000000   2.6850040e-20
  56492.7031250   2.6688388e-20
  56672.9023438   2.7053632e-20
  56853.1015625   2.5556008e-20
  57033.3007812   2.5425920e-20
  57213.5000000   2.5197254e-20
  57393.7031250   2.6036466e-20
  57573.9023438   2.5376833e-20
  57844.2031250   2.5574082e-20
  58204.6015625   2.5730794e-20
  58565.0000000   2.5166067e-20
  58925.4023438   2.5603754e-20
  59285.8007812   2.4540769e-20
  59646.2031250   2.4956944e-20
  60006.6015625   2.4410166e-20
  60367.0000000   2.4209344e-20
  60727.4023438   2.3585432e-20
  61087.8007812   2.3707665e-20
  61448.2031250   2.3234641e-20
  61808.6015625   2.2987490e-20
  62169.0000000   2.2491663e-20
  62529.4023438   2.1852435e-20
  62889.8007812   2.1788992e-20
  63250.2031250   2.1496902e-20
  63610.6015625   2.1160905e-20
  63971.0000000   2.0737327e-20
  64331.4023438   2.0564012e-20
  64691.8007812   2.0116482e-20
  65052.2031250   1.9702473e-20
  65412.6015625   1.9308598e-20
  65773.0000000   1.9034453e-20
  66133.3984375   1.8728471e-20
  66493.8046875   1.8388115e-20
  66854.2031250   1.8167767e-20
  67214.6015625   1.7684404e-20
  67575.0000000   1.7244394e-20
  67935.3984375   1.7209441e-20
  68295.8046875   1.6657962e-20
  68656.2031250   1.6798211e-20
  69016.6015625   1.6433717e-20
  69377.0000000   1.6232439e-20
  69737.3984375   1.5834258e-20
  70097.8046875   1.5368706e-20
  70458.2031250   1.5386669e-20
  70818.6015625   1.5096500e-20
  71179.0000000   1.4785091e-20
  71539.3984375   1.4560456e-20
  71899.8046875   1.4379722e-20
  72260.2031250   1.4242955e-20
  72620.6015625   1.4072032e-20
  72981.0000000   1.3692225e-20
  73341.3984375   1.3477622e-20
  73701.8046875   1.3384365e-20
  74062.2031250   1.3135474e-20
  74422.6015625   1.2898234e-20
  74783.0000000   1.2726334e-20
  75143.3984375   1.2565331e-20
  75503.8046875   1.2316515e-20
  75864.2031250   1.2232742e-20
  76224.6015625   1.1993830e-20
  76585.0000000   1.1821206e-20
  76945.3984375   1.1715717e-20
  77305.8046875   1.1520652e-20
  77666.2031250   1.1347659e-20
  78026.6015625   1.1058368e-20
  78387.0000000   1.0947227e-20
  78747.3984375   1.0823791e-20
  79107.8046875   1.0685776e-20
  79468.2031250   1.0442074e-20
  79828.6015625   1.0392116e-20
  80189.0000000   1.0174798e-20
  80549.3984375   1.0047487e-20
  80909.8046875   9.9227270e-21
  81270.2031250   9.7785358e-21
  81630.6015625   9.5974148e-21
  81991.0000000   9.5431940e-21
  82351.3984375   9.3501152e-21
  82711.8046875   7.9744783e-21
  83072.2031250   8.5029676e-21
  83432.6015625   8.4510329e-21
  83793.0000000   7.2856154e-21
  84153.3984375   7.8590470e-21
  84513.8046875   7.4688908e-21
  84874.2031250   6.7080842e-21
  85234.6015625   7.2696017e-21
  85595.0000000   6.9280019e-21
  85955.3984375   6.3630667e-21
  86315.8046875   6.8243604e-21
  86676.2031250   6.6490123e-21
  87036.6015625   6.1419816e-21
  87397.0000000   6.4509417e-21
  87757.3984375   6.2741290e-21
  88117.8046875   6.0343629e-21
  88478.2031250   6.0497801e-21
  88838.6015625   6.0880279e-21
  89199.0000000   5.9310001e-21
  89559.3984375   5.4122852e-21
  89919.8046875   5.4050405e-21
  90280.2031250   5.5498492e-21
  90640.6015625   5.3125735e-21
  91001.0000000   5.4840907e-21
  91361.3984375   5.5222049e-21
  91721.8046875   5.5018464e-21
  92082.2031250   5.4915867e-21
  92442.6015625   5.5080111e-21
  92803.0000000   5.5518238e-21
  93163.4062500   5.3680177e-21
  93523.8046875   5.3844042e-21
  93884.2031250   5.4000342e-21
  94244.6015625   5.2734973e-21
  94605.0000000   5.1920293e-21
  94965.4062500   5.2275630e-21
  95325.8046875   5.1776381e-21
  95686.2031250   5.1005407e-21
  96046.6015625   5.0219436e-21
  96407.0000000   5.0442467e-21
  96767.4062500   4.9930464e-21
  97127.8046875   4.8784233e-21
  97488.2031250   4.8913173e-21
  97848.6015625   4.8343165e-21
  98209.0000000   4.8214678e-21
  98569.4062500   4.6995014e-21
  98929.8046875   4.7103909e-21
  99290.2031250   4.6487159e-21
  99650.6015625   4.5869819e-21
 100011.0000000   4.5090253e-21
 100371.4062500   4.5084906e-21
 100731.8046875   4.4852653e-21
 101092.2031250   4.4253521e-21
 101452.6015625   4.3452347e-21
 101813.0000000   4.3241795e-21
 102173.4062500   4.2871733e-21
 102533.8046875   4.2134601e-21
 102894.2031250   4.1784661e-21
 103254.6015625   4.1352172e-21
 103615.0000000   4.0680815e-21
 103975.4062500   4.0407672e-21
 104335.8046875   3.9884375e-21
 104696.2031250   3.9531583e-21
 105056.6015625   3.9076400e-21
 105417.0000000   3.8325334e-21
 105777.4062500   3.8154703e-21
 106137.8046875   3.7528833e-21
 106498.2031250   3.7073577e-21
 106858.6015625   3.6755011e-21
 107219.0000000   3.6311217e-21
 107579.4062500   3.5810450e-21
 107939.8046875   3.5389565e-21
 108300.2031250   3.4968402e-21
 108660.6015625   3.4649808e-21
 109021.0000000   3.4183360e-21
 109381.4062500   3.3557429e-21
 109741.8046875   3.3375322e-21
 110102.2031250   3.3033938e-21
 110462.6015625   3.2681260e-21
 110823.0000000   3.2373979e-21
 111183.4062500   3.1896117e-21
 111543.8046875   3.1566121e-21
 111904.2031250   3.1327056e-21
 112264.6015625   3.0826445e-21
 112625.0000000   3.0576057e-21
 112985.4062500   3.0246033e-21
 113345.8046875   2.9904726e-21
 113706.2031250   2.9540534e-21
 114066.6015625   2.9165017e-21
 114427.0000000   2.8926092e-21
 114787.4062500   2.8596038e-21
 115147.8046875   2.8311620e-21
 115688.4062500   2.7810909e-21
 116409.2031250   2.7196467e-21
 117130.0000000   2.6616051e-21
 117850.8046875   2.6024350e-21
 118571.6015625   2.5364354e-21
 119292.4062500   2.4897825e-21
 120013.2031250   2.4397090e-21
 120734.0000000   2.3964767e-21
 121454.8046875   2.3418531e-21
 122175.6015625   2.2929210e-21
 122896.4062500   2.2462641e-21
 123617.2031250   2.2087186e-21
 124338.0000000   2.1654767e-21
 125058.8046875   2.1199601e-21
 125779.6015625   2.0733048e-21
 126500.4062500   2.0368872e-21
 127221.2031250   1.9902325e-21
 127942.0000000   1.9481255e-21
 128662.8046875   1.9105810e-21
 129383.6015625   1.8707507e-21
 130104.4062500   1.8377538e-21
 130825.2031250   1.7979251e-21
 131546.0000000   1.7569599e-21
 132266.7968750   1.7216850e-21
 132987.6093750   1.6772998e-21
 133708.4062500   1.6420298e-21
 134429.2031250   1.6135772e-21
 135150.0000000   1.5691994e-21
 135870.7968750   1.5521326e-21
 136591.6093750   1.5214044e-21
 137312.4062500   1.4940969e-21
 138033.2031250   1.4679240e-21
 138754.0000000   1.4428875e-21
 139474.7968750   1.4110277e-21
 140195.6093750   1.3859935e-21
 140916.4062500   1.3598198e-21
 141637.2031250   1.3382014e-21
 142358.0000000   1.3086128e-21
 143078.7968750   1.2869942e-21
 143799.6093750   1.2574108e-21
 144520.4062500   1.2380618e-21
 145241.2031250   1.2175820e-21
 145962.0000000   1.1925443e-21
 146682.7968750   1.1754783e-21
 147403.6093750   1.1561303e-21
 148124.4062500   1.1379250e-21
 148845.2031250   1.1194899e-21
 149566.0000000   1.0971871e-21
 150286.7968750   1.0765904e-21
 151007.6093750   1.0608901e-21
 151728.4062500   1.0407462e-21
 152449.2031250   1.0284554e-21
 153170.0000000   1.0084312e-21
 153890.7968750   9.9375108e-22
 154611.6093750   9.4515977e-22
 155332.4062500   9.0226290e-22
 156053.2031250   9.0362717e-22
 156774.0000000   8.6095365e-22
 157494.7968750   8.3865138e-22
 158215.6093750   8.2078566e-22
 158936.4062500   7.8426002e-22
 159657.2031250   7.7811200e-22
 160378.0000000   7.6036291e-22
 161098.7968750   7.3271052e-22
 161819.6093750   7.3567053e-22
 162540.4062500   7.1643737e-22
 163261.2031250   6.9447568e-22
 163982.0000000   6.9185757e-22
 164702.7968750   6.7991116e-22
 165423.6093750   6.5658456e-22
 166144.4062500   6.5999602e-22
 166865.2031250   6.4497520e-22
 167586.0000000   6.3496391e-22
 168306.7968750   6.2938615e-22
 169027.6093750   6.1868960e-22
 169748.4062500   6.0708332e-22
 170469.2031250   6.0788107e-22
 171190.0000000   5.9502024e-22
 171910.7968750   5.8694321e-22
 172631.6093750   5.7829467e-22
 173352.4062500   5.6577649e-22
 174073.2031250   5.6714227e-22
 174794.0000000   5.5576298e-22
 175514.7968750   5.4517917e-22
 176235.6093750   5.3937765e-22
 176956.4062500   5.3015956e-22
 177677.2031250   5.2356044e-22
 178398.0000000   5.1411572e-22
 179118.7968750   5.1115738e-22
 179839.6093750   5.0193859e-22
 180560.4062500   4.9750092e-22
 181281.2031250   4.9056016e-22
 182002.0000000   4.7986315e-22
 182722.7968750   4.7531169e-22
 183443.6093750   4.6927985e-22
 184164.4062500   4.6154341e-22
 184885.2031250   4.5494247e-22
 185606.0000000   4.4925399e-22
 186326.8125000   4.4766062e-22
 187047.6093750   4.3969511e-22
 187768.4062500   4.3354937e-22
 188489.2031250   4.2729064e-22
 189210.0000000   4.2365062e-22
 189930.8125000   4.2205725e-22
 190651.6093750   4.1192845e-22
 191372.4062500   4.0555587e-22
 192093.2031250   4.0259757e-22
 192814.0000000   3.9724942e-22
 193534.8125000   3.9247016e-22
 194255.6093750   3.8814706e-22
 194976.4062500   3.8348066e-22
 195697.2031250   3.7699476e-22
 196418.0000000   3.7494728e-22
 197138.8125000   3.6811875e-22
 197859.6093750   3.6516081e-22
 198580.4062500   3.5890122e-22
 199301.2031250   3.5992565e-22
 200022.0000000   3.5070835e-22
 200742.8125000   3.4968402e-22
 201463.6093750   3.4354032e-22
 202184.4062500   3.4160552e-22
 202905.2031250   3.3477790e-22
 203626.0000000   3.3307086e-22
 204346.8125000   3.2863332e-22
 205067.6093750   3.2248818e-22
 205788.4062500   3.2100871e-22
 206509.2031250   3.1736682e-22
 207230.0000000   3.1315779e-22
 207950.8125000   3.0906018e-22
 208671.6093750   3.0689875e-22
 209392.4062500   3.0246033e-22
 210113.2031250   2.9927457e-22
 210834.0000000   2.9574673e-22
 211554.8125000   2.9108200e-22
 212275.6093750   2.8800850e-22
 212996.4062500   2.8391308e-22
 213717.2031250   2.8186439e-22
 214438.0000000   2.7765387e-22
 215158.8125000   2.7560553e-22
 215879.6093750   2.7230529e-22
 216600.4062500   2.6911903e-22
 217321.2031250   2.6593382e-22
 218042.0000000   2.6217766e-22
 218762.8125000   2.5944694e-22
 219483.6093750   2.5614662e-22
 220204.4062500   2.5296048e-22
 220925.2031250   2.5057105e-22
 221646.0000000   2.4784038e-22
 222366.8125000   2.4556402e-22
 223087.6093750   2.4237856e-22
 223808.4062500   2.3998893e-22
 224529.2031250   2.3657429e-22
 225250.0000000   2.3350235e-22
 225970.8125000   2.3088467e-22
 226691.6093750   2.2826825e-22
 227412.4062500   2.2553685e-22
 228133.2031250   2.2371671e-22
 228854.0000000   2.2087186e-22
 229574.8125000   2.1916447e-22
 230295.6093750   2.1597876e-22
 231376.8125000   2.1245087e-22
 232818.4062500   2.0744433e-22
 234260.0000000   2.0289234e-22
 235701.6093750   1.9834090e-22
 237143.2031250   1.9413015e-22
 238584.8125000   1.8957866e-22
 240026.4062500   1.8559551e-22
 241468.0000000   1.8161305e-22
 242909.6093750   1.7751635e-22
 244351.2031250   1.7364777e-22
 245792.8125000   1.6989258e-22
 247234.4062500   1.6647869e-22
 248676.0000000   1.6260979e-22
 250117.6093750   1.5919606e-22
 251559.2031250   1.5578213e-22
 253000.8125000   1.5248226e-22
 254442.4062500   1.4929556e-22
 255884.0000000   1.4622360e-22
 257325.6093750   1.4315136e-22
 258767.2031250   1.4019228e-22
 260208.8125000   1.3734745e-22
 261650.4062500   1.3450303e-22
 263092.0000000   1.3177191e-22
 264533.5937500   1.2904069e-22
 265975.2187500   1.2642383e-22
 267416.8125000   1.2369259e-22
 268858.4062500   1.2107512e-22
 270300.0000000   1.1868545e-22
 271741.5937500   1.1652344e-22
 273183.2187500   1.1424768e-22
 274624.8125000   1.1193768e-22
 276066.4062500   1.0968451e-22
 277508.0000000   1.0755696e-22
 278949.5937500   1.0549708e-22
 280391.2187500   1.0347166e-22
 281832.8125000   1.0143477e-22
 283274.4062500   9.9454578e-23
 284716.0000000   9.7543017e-23
 286157.5937500   9.5722414e-23
 287599.2187500   9.3924247e-23
 289040.8125000   9.2103613e-23
 290482.4062500   9.0340092e-23
 291924.0000000   8.8678467e-23
 293365.5937500   8.6983192e-23
 294807.2187500   8.5401318e-23
 296248.8125000   8.3785624e-23
 297690.4062500   8.2238049e-23
 299132.0000000   8.0747070e-23
 300573.5937500   7.9233701e-23
 302015.2187500   7.7822820e-23
 303456.8125000   7.6445790e-23
 304898.4062500   7.5057521e-23
 306340.0000000   7.3714861e-23
 307781.5937500   7.2417513e-23
 309223.2187500   7.1143004e-23
 310664.8125000   6.9902896e-23
 312106.4062500   6.8685311e-23
 313548.0000000   6.7479156e-23
 314989.5937500   6.6318350e-23
 316431.2187500   6.5191825e-23
 317872.8125000   6.4088095e-23
 319314.4062500   6.2995586e-23
 320756.0000000   6.1926042e-23
 322197.5937500   6.0878946e-23
 323639.2187500   5.9809345e-23
 325080.8125000   5.8842208e-23
 326522.4062500   5.7840903e-23
 327964.0000000   5.6805217e-23
 329405.5937500   5.5872178e-23
 330847.2187500   5.4950359e-23
 332288.8125000   5.4074149e-23
 333730.4062500   5.3220779e-23
 335172.0000000   5.2378815e-23
 336613.5937500   5.1479807e-23
 338055.2187500   5.0637799e-23
 339496.8125000   4.9806933e-23
 340938.4062500   4.8999177e-23
 342380.0000000   4.8248143e-23
 343821.5937500   4.7485681e-23
 345263.2187500   4.6723159e-23
 346704.8125000   4.5983579e-23
 348146.4062500   4.5243984e-23
 349588.0000000   4.4515702e-23
 351029.5937500   4.3810100e-23
 352471.2187500   4.3172915e-23
 353912.8125000   4.2501478e-23
 355354.4062500   4.1864378e-23
 356796.0000000   4.1238461e-23
 358237.5937500   4.0578393e-23
 359679.2187500   3.9929766e-23
 361120.8125000   3.9303938e-23
 720800.0000000   2.5773999e-24
1441600.0000000   1.6522658e-25
2162400.0000000   3.2783614e-26
2883200.0000000   1.0374468e-26
3604000.0000000   4.2444584e-27
4324800.0000000   2.0437154e-27
5045600.0000000   1.1012858e-27
5766400.0000000   6.4440610e-28
