    303.8489990   1.7099511e-23
    313.8659973   1.9516184e-23
    320.5440063   2.0836917e-23
    327.2219849   1.1463814e-22
    333.8999939   3.1641749e-22
    340.5780029   3.4325357e-22
    347.2560120   3.2597240e-22
    353.9339905   3.3145237e-22
    360.6119995   3.3819580e-22
    367.2900085   3.8624904e-22
    380.6459961   4.0057965e-22
    394.0019836   3.8905817e-22
    404.0190125   4.9275155e-22
    417.3750000   5.1157930e-22
    424.0530090   5.2239798e-22
    427.3919983   5.3068806e-22
    437.4089966   5.1172087e-22
    440.7479858   5.2956351e-22
    447.4259949   5.0581756e-22
    457.4429932   5.6244152e-22
    467.4599915   5.6384627e-22
    477.4769897   7.1207977e-22
    490.8330078   8.8588489e-22
    504.1889954   7.9301185e-22
    517.5449829   8.9501629e-22
    530.9010010   8.9839135e-22
    540.9179688   8.9979711e-22
    554.2739868   9.0541421e-22
    567.6300049   9.0471456e-22
    577.6469727   7.4383444e-22
    591.0029907   9.1159868e-22
    601.0200195   9.1286075e-22
    607.6979980   9.1286075e-22
    621.0540161   9.1440949e-22
    637.7490234   9.1524920e-22
    647.7659912   9.2086982e-22
    661.1220093   9.1848269e-22
    674.4780273   9.2171548e-22
    684.4949951   9.2073230e-22
    701.1900024   8.9248850e-22
    721.2239990   9.1988755e-22
    734.5800171   9.2311710e-22
    744.5969849   9.1215939e-22
    757.9530029   9.2536590e-22
    767.9699707   1.1590275e-21
    781.3259888   1.7324318e-21
    801.3599854   1.8883899e-21
    821.3939819   1.7619351e-21
    841.4279785   1.8195384e-21
    858.1229858   1.6776304e-21
    868.1400146   1.7605273e-21
    881.4959717   2.2129606e-21
    898.1909790   2.2705631e-21
    914.8859863   2.2929802e-21
    931.5809937   1.9164965e-21
    948.2760010   2.2120276e-21
    968.3099976   2.2203787e-21
    988.3439941   1.9781273e-21
   1005.0390015   1.7618422e-21
   1028.4119873   1.8269051e-21
   1061.8020020   1.7104092e-21
   1095.1920166   1.6833205e-21
   1128.5820312   1.5160875e-21
   1161.9720459   1.3694020e-21
   1192.0229492   1.7639637e-21
   1222.0739746   2.5679865e-21
   1252.1250000   2.4290377e-21
   1285.5150146   1.8465228e-21
   1318.9050293   2.6352815e-21
   1352.2950439   3.1353053e-21
   1382.3459473   3.0070784e-21
   1409.0579834   2.6457998e-21
   1435.7700195   2.4526856e-21
   1472.4990234   2.7565622e-21
   1505.8890381   2.7185584e-21
   1535.9399414   2.3222997e-21
   1569.3299561   2.2956807e-21
   1602.7199707   2.5110299e-21
   1636.1099854   2.0680836e-21
   1669.5000000   2.4940384e-21
   1689.5339355   2.1171861e-21
   1709.5679932   3.2926011e-21
   1736.2800293   3.0778672e-21
   1769.6700439   2.7855753e-21
   1803.0599365   2.2499357e-21
   1836.4499512   2.1488300e-21
   1869.8399658   2.7901057e-21
   1903.2299805   3.0906543e-21
   1936.6199951   2.9926781e-21
   1970.0100098   3.0249070e-21
   2003.4000244   2.5231680e-21
   2036.7900391   2.4426559e-21
   2070.1799316   3.1019000e-21
   2103.5700684   2.9250560e-21
   2136.9599609   3.2428461e-21
   2170.3500977   3.1412042e-21
   2197.0620117   2.9017052e-21
   2220.4350586   3.3081540e-21
   2253.8249512   3.5315483e-21
   2287.2150879   3.0736392e-21
   2320.6049805   3.6469097e-21
   2353.9948730   3.0094699e-21
   2390.7238770   3.9771878e-21
   2424.1140137   4.1443239e-21
   2454.1650391   4.2886209e-21
   2487.5549316   4.2959916e-21
   2520.9450684   4.4413540e-21
   2554.3349609   4.1602625e-21
   2587.7250977   4.8713555e-21
   2621.1149902   4.6929813e-21
   2654.5048828   5.3409711e-21
   2687.8950195   5.9403814e-21
   2721.2849121   6.6675770e-21
   2754.6750488   7.5989173e-21
   2788.0649414   6.7960327e-21
   2821.4550781   9.4756988e-21
   2854.8449707   1.0567833e-20
   2888.2351074   1.2477392e-20
   2921.6250000   1.4346092e-20
   2955.0148926   1.6510535e-20
   2988.4050293   1.9106807e-20
   3021.7949219   2.1720858e-20
   3055.1850586   2.4329238e-20
   3088.5749512   6.9694716e-20
   3121.9650879   1.2105749e-19
   3155.3549805   1.7274933e-19
   3188.7448730   2.1764497e-19
   3222.1350098   2.4129505e-19
   3255.5249023   1.0809389e-19
   3288.9150391   2.1848968e-19
   3322.3049316   2.1839566e-19
   3355.6950684   2.8117309e-19
   3389.0849609   2.9810036e-19
   3422.4750977   2.1764880e-19
   3455.8649902   3.1259008e-19
   3489.2548828   4.3560660e-19
   3522.6450195   4.2935583e-19
   3556.0349121   3.7120477e-19
   3589.4250488   4.1606458e-19
   3622.8149414   3.7231174e-19
   3656.2050781   4.4315534e-19
   3689.5949707   4.3021279e-19
   3722.9848633   4.2738796e-19
   3756.3750000   3.8299398e-19
   3789.7648926   4.6299682e-19
   3823.1550293   4.4672551e-19
   3856.5449219   4.5660964e-19
   3889.9350586   4.5753102e-19
   3923.3249512   3.1732065e-19
   3956.7150879   4.4965636e-19
   3990.1049805   3.9121192e-19
   4023.4948730   3.3772975e-19
   4056.8850098   2.7914047e-19
   4090.2749023   4.9654892e-19
   4123.6650391   6.0512382e-19
   4157.0551758   6.3098273e-19
   4190.4448242   6.2137963e-19
   4223.8349609   6.0569551e-19
   4257.2250977   7.1107036e-19
   4290.6147461   7.3477244e-19
   4324.0048828   6.3967423e-19
   4357.3950195   6.5159442e-19
   4390.7851562   7.5168322e-19
   4424.1748047   7.2909560e-19
   4457.5649414   6.9217326e-19
   4490.9550781   7.6240219e-19
   4524.3452148   7.5300490e-19
   4557.7348633   7.0830892e-19
   4591.1250000   7.1649671e-19
   4624.5151367   7.1789211e-19
   4657.9047852   5.5693797e-19
   4691.2949219   5.5256709e-19
   4724.6850586   6.9377716e-19
   4758.0751953   6.8500910e-19
   4791.4648438   7.1589282e-19
   4814.8378906   7.3370186e-19
   4831.5332031   7.3809078e-19
   4858.2451172   7.2075431e-19
   4891.6347656   6.8920363e-19
   4925.0249023   7.0470644e-19
   4958.4150391   7.1956819e-19
   4991.8051758   7.2269100e-19
   5025.1948242   6.8975774e-19
   5048.5678711   6.3699411e-19
   5065.2631836   6.6301127e-19
   5091.9750977   6.5783399e-19
   5125.3647461   5.7254769e-19
   5158.7548828   5.3338452e-19
   5192.1450195   5.2854117e-19
   5225.5351562   5.8150332e-19
   5258.9248047   6.1684699e-19
   5292.3149414   6.3228373e-19
   5325.7050781   6.3776675e-19
   5359.0952148   6.2722790e-19
   5392.4848633   6.2213324e-19
   5425.8750000   6.1259218e-19
   5459.2651367   6.4564931e-19
   5492.6547852   6.5111098e-19
   5526.0449219   6.3806370e-19
   5559.4350586   6.6615471e-19
   5582.8081055   6.1806729e-19
   5599.5029297   6.9087040e-19
   5626.2148438   6.9055793e-19
   5659.6049805   6.6088903e-19
   5692.9951172   6.4537433e-19
   5726.3847656   6.1266213e-19
   5759.7749023   6.0451290e-19
   5793.1650391   6.3640412e-19
   5826.5551758   6.2586031e-19
   5859.9448242   6.4297809e-19
   5893.3349609   6.1964095e-19
   5926.7250977   6.1157071e-19
   5960.1147461   6.2829212e-19
   5993.5048828   6.4791894e-19
   6026.8950195   6.5224432e-19
   6060.2851562   6.0620908e-19
   6093.6748047   6.2037073e-19
   6127.0649414   6.0722166e-19
   6160.4550781   5.6805682e-19
   6193.8452148   5.6840869e-19
   6227.2348633   5.7732502e-19
   6260.6250000   6.0409088e-19
   6294.0151367   5.5650023e-19
   6327.4047852   5.3243894e-19
   6360.7949219   5.6559483e-19
   6394.1850586   5.3924705e-19
   6427.5751953   5.1937373e-19
   6460.9648438   5.4766021e-19
   6494.3549805   5.5838538e-19
   6527.7451172   5.1463502e-19
   6567.8129883   5.5529663e-19
   6597.8637695   5.7153269e-19
   6624.5761719   5.4268487e-19
   6661.3051758   5.3071603e-19
   6694.6948242   5.4829796e-19
   6728.0849609   5.3725665e-19
   6761.4750977   5.5588471e-19
   6794.8647461   5.2119255e-19
   6828.2548828   5.3160013e-19
   6861.6450195   4.8006735e-19
   6895.0351562   4.9947755e-19
   6925.0859375   5.4601753e-19
   6938.4418945   5.1056700e-19
   6961.8149414   5.2855745e-19
   6995.2050781   5.0351032e-19
   7028.5952148   5.1332802e-19
   7061.9848633   5.1855772e-19
   7095.3750000   5.2121777e-19
   7128.7651367   5.0457288e-19
   7162.1547852   4.9752251e-19
   7195.5449219   5.1379042e-19
   7228.9350586   5.0349703e-19
   7262.3251953   5.0247205e-19
   7295.7148438   4.8996994e-19
   7329.1049805   5.0489430e-19
   7362.4951172   4.9846731e-19
   7395.8847656   4.8551015e-19
   7429.2749023   4.7630611e-19
   7462.6650391   4.8664374e-19
   7496.0551758   4.7971326e-19
   7529.4448242   4.6811862e-19
   7562.8349609   4.7775584e-19
   7596.2250977   4.8197079e-19
   7629.6147461   4.8472613e-19
   7663.0048828   4.5980525e-19
   7696.3950195   4.6695230e-19
   7729.7851562   4.5513406e-19
   7763.1748047   3.9518541e-19
   7796.5649414   4.3956936e-19
   7829.9550781   4.3742210e-19
   7863.3447266   4.4421734e-19
   7896.7348633   4.3079323e-19
   7930.1250000   4.2936337e-19
   7963.5151367   4.1427950e-19
   7996.9047852   4.2532265e-19
   8030.2949219   4.1424856e-19
   8063.6850586   4.1590199e-19
   8097.0751953   4.2122552e-19
   8130.4648438   4.0805872e-19
   8163.8549805   4.1690965e-19
   8197.2451172   4.1165695e-19
   8230.6347656   4.0794046e-19
   8264.0253906   3.9953775e-19
   8297.4150391   4.0163134e-19
   8330.8046875   3.5108722e-19
   8364.1953125   3.9775548e-19
   8390.9072266   3.7638078e-19
   8407.6015625   3.9090966e-19
   8430.9746094   3.8312188e-19
   8464.3652344   3.8330195e-19
   8497.7548828   3.7490917e-19
   8531.1445312   3.8306297e-19
   8564.5351562   3.7945628e-19
   8597.9248047   3.8689251e-19
   8631.3154297   3.8374323e-19
   8664.7050781   3.8041574e-19
   8698.0947266   3.7415253e-19
   8731.4853516   3.7027833e-19
   8764.8750000   3.7324496e-19
   8798.2646484   3.7360085e-19
   8831.6552734   3.8075002e-19
   8865.0449219   3.7949459e-19
   8898.4345703   3.6440599e-19
   8931.8251953   3.6907687e-19
   8965.2148438   3.6785833e-19
   8998.6044922   3.5867880e-19
   9031.9951172   3.5872605e-19
   9065.3847656   3.5333325e-19
   9098.7753906   3.5326340e-19
   9132.1650391   3.5620633e-19
   9165.5546875   3.4030554e-19
   9198.9453125   3.3960831e-19
   9232.3349609   3.4114653e-19
   9265.7246094   3.4677650e-19
   9299.1152344   3.4163681e-19
   9332.5048828   3.1446411e-19
   9365.8945312   3.2383772e-19
   9399.2851562   3.3802950e-19
   9432.6748047   3.3615674e-19
   9466.0654297   3.2417071e-19
   9499.4550781   3.2244976e-19
   9532.8447266   3.1970849e-19
   9566.2353516   3.2419920e-19
   9599.6250000   3.1976187e-19
   9633.0146484   3.1881953e-19
   9666.4052734   3.1488008e-19
   9716.4902344   3.1815093e-19
   9783.2695312   3.1321535e-19
   9850.0498047   3.0801525e-19
   9916.8300781   3.0694439e-19
   9983.6103516   3.0381545e-19
  10050.3896484   3.0113076e-19
  10117.1699219   2.9985592e-19
  10183.9501953   2.9679010e-19
  10250.7294922   2.9385110e-19
  10317.5097656   2.9016030e-19
  10384.2900391   2.8711669e-19
  10451.0703125   2.8261789e-19
  10517.8496094   2.8062043e-19
  10584.6298828   2.7574947e-19
  10651.4101562   2.6872911e-19
  10718.1904297   2.6761612e-19
  10784.9697266   2.6300900e-19
  10851.7500000   2.6109509e-19
  10918.5302734   2.5764024e-19
  10985.3095703   2.5417420e-19
  11052.0898438   2.5097841e-19
  11118.8701172   2.4619020e-19
  11185.6503906   2.4153361e-19
  11252.4296875   2.3723690e-19
  11319.2099609   2.3409364e-19
  11385.9902344   2.3151713e-19
  11452.7695312   2.2676430e-19
  11519.5498047   2.2357614e-19
  11586.3300781   2.2097652e-19
  11653.1103516   2.1799128e-19
  11719.8896484   2.1599002e-19
  11786.6699219   2.1282894e-19
  11853.4501953   2.1065479e-19
  11920.2294922   2.0573485e-19
  11987.0097656   2.0181068e-19
  12053.7900391   2.0009588e-19
  12120.5703125   1.9830421e-19
  12153.9599609   1.9745688e-19
  12187.3496094   1.9798832e-19
  12254.1298828   1.9427929e-19
  12320.9101562   1.8502001e-19
  12387.6904297   1.9093888e-19
  12454.4697266   1.8911869e-19
  12521.2500000   2.1180324e-19
  12588.0302734   2.1418202e-19
  12654.8095703   2.3224016e-19
  12721.5898438   2.4878793e-19
  12788.3701172   2.1384364e-19
  12855.1503906   2.5443553e-19
  12921.9296875   2.6326672e-19
  12988.7099609   2.0222857e-19
  13055.4902344   2.6317077e-19
  13122.2695312   2.4935018e-19
  13189.0498047   2.5437295e-19
  13255.8300781   1.8706428e-19
  13322.6103516   2.5260286e-19
  13389.3896484   2.6106986e-19
  13456.1699219   2.5524025e-19
  13522.9501953   2.5656643e-19
  13589.7294922   2.4790556e-19
  13656.5097656   2.2701543e-19
  13723.2900391   1.9612072e-19
  13790.0703125   2.3783885e-19
  13856.8496094   2.4123996e-19
  13923.6298828   2.3990133e-19
  13990.4101562   2.3852821e-19
  14057.1904297   2.3736302e-19
  14123.9697266   2.3419546e-19
  14190.7500000   2.3209742e-19
  14257.5302734   2.2600769e-19
  14324.3095703   2.2493822e-19
  14391.0898438   2.1606212e-19
  14457.8701172   1.9626805e-19
  14524.6503906   1.7846211e-19
  14591.4296875   2.1598432e-19
  14658.2099609   2.1303655e-19
  14724.9902344   2.1379575e-19
  14791.7695312   2.1327527e-19
  14858.5498047   2.1273083e-19
  14925.3300781   2.0874287e-19
  14992.1103516   2.0923024e-19
  15058.8896484   2.1237237e-19
  15125.6699219   2.0601694e-19
  15192.4501953   2.0382194e-19
  15259.2294922   2.0609840e-19
  15326.0097656   2.0146444e-19
  15392.7900391   2.0115409e-19
  15459.5703125   1.9688362e-19
  15526.3496094   1.9557369e-19
  15593.1298828   1.9577220e-19
  15659.9101562   1.9283673e-19
  15726.6894531   1.8787693e-19
  15793.4697266   1.9032687e-19
  15860.2500000   1.8997696e-19
  15927.0302734   1.8915109e-19
  15993.8095703   1.8653432e-19
  16060.5898438   1.8326510e-19
  16127.3701172   1.8092112e-19
  16194.1503906   1.6268042e-19
  16260.9296875   1.4309156e-19
  16327.7099609   1.7408061e-19
  16394.4902344   1.7512042e-19
  16461.2695312   1.7159243e-19
  16528.0507812   1.7390869e-19
  16594.8300781   1.7178923e-19
  16661.6093750   1.6722016e-19
  16728.3906250   1.6145830e-19
  16795.1699219   1.6421009e-19
  16861.9492188   1.6177983e-19
  16928.7304688   1.6402845e-19
  16995.5097656   1.6032912e-19
  17062.2890625   1.5970156e-19
  17129.0703125   1.5660452e-19
  17195.8496094   1.5383079e-19
  17262.6308594   1.5034297e-19
  17329.4101562   1.5031589e-19
  17396.1894531   1.5028685e-19
  17462.9707031   1.5074231e-19
  17529.7500000   1.5144038e-19
  17596.5292969   1.4570620e-19
  17663.3105469   1.4999408e-19
  17730.0898438   1.5027168e-19
  17796.8691406   1.4504028e-19
  17863.6503906   1.4749606e-19
  17930.4296875   1.4655398e-19
  17997.2089844   1.4400380e-19
  18063.9902344   1.4216011e-19
  18130.7695312   1.4162109e-19
  18197.5507812   1.4209521e-19
  18264.3300781   1.3924172e-19
  18331.1093750   1.3836754e-19
  18397.8906250   1.3718943e-19
  18464.6699219   1.3747773e-19
  18531.4492188   1.3741435e-19
  18598.2304688   1.3592638e-19
  18665.0097656   1.3357930e-19
  18731.7890625   1.3428339e-19
  18798.5703125   1.3240184e-19
  18865.3496094   1.3169488e-19
  18932.1308594   1.2995343e-19
  18998.9101562   1.3074975e-19
  19065.6894531   1.2874739e-19
  19132.4707031   1.3158562e-19
  19199.2500000   1.2838828e-19
  19266.0292969   1.2852199e-19
  19332.8105469   1.2579126e-19
  19399.5898438   1.2703544e-19
  19466.3691406   1.2759625e-19
  19533.1503906   1.2523122e-19
  19599.9296875   1.2316507e-19
  19666.7089844   1.1907800e-19
  19733.4902344   1.2192401e-19
  19800.2695312   1.2142757e-19
  19867.0507812   1.2041643e-19
  19933.8300781   1.2093900e-19
  20000.6093750   1.1899906e-19
  20067.3906250   1.1808174e-19
  20134.1699219   1.1880533e-19
  20200.9492188   1.1893792e-19
  20267.7304688   1.1847654e-19
  20334.5097656   1.1587322e-19
  20401.2890625   1.1548303e-19
  20468.0703125   1.1237749e-19
  20534.8496094   1.1195532e-19
  20601.6308594   1.0989901e-19
  20668.4101562   1.1126026e-19
  20735.1894531   1.1007919e-19
  20801.9707031   1.0770012e-19
  20868.7500000   1.0526284e-19
  20935.5292969   1.0755879e-19
  21002.3105469   1.0821597e-19
  21069.0898438   1.0647358e-19
  21135.8691406   1.0705076e-19
  21202.6503906   1.0590368e-19
  21269.4296875   1.0538125e-19
  21336.2089844   1.0616632e-19
  21402.9902344   1.0496001e-19
  21469.7695312   1.0493097e-19
  21536.5507812   1.0429740e-19
  21603.3300781   1.0395076e-19
  21670.1093750   1.0199758e-19
  21736.8906250   1.0283147e-19
  21803.6699219   1.0163672e-19
  21870.4492188   9.6848878e-20
  21937.2304688   8.7268983e-20
  22004.0097656   9.9065231e-20
  22070.7890625   1.0037425e-19
  22137.5703125   9.9618447e-20
  22204.3496094   9.8886573e-20
  22271.1308594   9.7012343e-20
  22337.9101562   9.7577237e-20
  22404.6894531   9.5484295e-20
  22471.4707031   9.6260714e-20
  22538.2500000   9.4934020e-20
  22605.0292969   9.5070033e-20
  22671.8105469   9.3979072e-20
  22738.5898438   9.4060414e-20
  22805.3691406   9.4167876e-20
  22872.1503906   9.2803978e-20
  22938.9296875   9.3337807e-20
  23005.7089844   9.3872644e-20
  23072.4902344   9.3334530e-20
  23139.2695312   9.2392417e-20
  23206.0507812   9.1475099e-20
  23272.8300781   9.1765608e-20
  23339.6093750   9.1168280e-20
  23406.3906250   8.9842296e-20
  23473.1699219   9.0184639e-20
  23539.9492188   8.9663729e-20
  23606.7304688   8.7387108e-20
  23673.5097656   8.5943827e-20
  23740.2890625   8.3848888e-20
  23807.0703125   8.2561892e-20
  23873.8496094   8.2599613e-20
  23940.6308594   8.2853570e-20
  24007.4101562   8.1995655e-20
  24074.1894531   8.3225924e-20
  24140.9707031   8.3724514e-20
  24207.7500000   8.3951323e-20
  24274.5292969   8.3742899e-20
  24341.3105469   8.2689620e-20
  24408.0898438   8.3814651e-20
  24474.8691406   8.3686283e-20
  24541.6503906   8.3693630e-20
  24608.4296875   8.4793199e-20
  24675.2089844   8.3352121e-20
  24741.9902344   8.3084961e-20
  24808.7695312   8.3418774e-20
  24875.5507812   8.3260291e-20
  24942.3300781   8.3155407e-20
  25009.1093750   8.2611581e-20
  25075.8906250   8.3054672e-20
  25142.6699219   8.3415478e-20
  25209.4492188   8.3446620e-20
  25276.2304688   8.2762283e-20
  25343.0097656   8.1691562e-20
  25409.7890625   8.1087113e-20
  25476.5703125   8.0509069e-20
  25543.3496094   7.9681720e-20
  25610.1308594   7.7748987e-20
  25676.9101562   7.8657755e-20
  25743.6894531   7.7494674e-20
  25810.4707031   7.7353213e-20
  25877.2500000   7.6906756e-20
  25944.0292969   7.6930401e-20
  26010.8105469   7.7369188e-20
  26077.5898438   7.7115102e-20
  26144.3691406   7.6749520e-20
  26211.1503906   7.5744606e-20
  26277.9296875   7.5626939e-20
  26344.7089844   7.3840856e-20
  26411.4902344   7.2664379e-20
  26478.2695312   7.2933581e-20
  26545.0507812   7.2088409e-20
  26611.8300781   7.3416286e-20
  26678.6093750   7.3155899e-20
  26745.3906250   7.3592540e-20
  26812.1699219   7.3359236e-20
  26878.9492188   7.2845867e-20
  26945.7304688   7.2387577e-20
  27012.5097656   7.1173276e-20
  27079.2890625   7.0852976e-20
  27146.0703125   7.1624503e-20
  27212.8496094   7.1583939e-20
  27279.6308594   7.1655025e-20
  27346.4101562   7.0519564e-20
  27413.1894531   7.0140573e-20
  27479.9707031   7.0379092e-20
  27546.7500000   7.0420839e-20
  27613.5292969   7.0659377e-20
  27680.3105469   7.0081759e-20
  27747.0898438   6.8235777e-20
  27813.8691406   6.8162998e-20
  27880.6503906   6.7920343e-20
  27947.4296875   6.8016160e-20
  28014.2089844   6.6897812e-20
  28080.9902344   6.7896484e-20
  28147.7695312   6.6606703e-20
  28214.5507812   6.6192027e-20
  28281.3300781   6.5663891e-20
  28348.1093750   6.6747840e-20
  28414.8906250   6.3556616e-20
  28481.6699219   6.6652346e-20
  28548.4492188   6.1245499e-20
  28615.2304688   6.7889330e-20
  28682.0097656   6.5315299e-20
  28748.7890625   6.5208968e-20
  28815.5703125   6.8256753e-20
  28882.3496094   6.7042814e-20
  28949.1308594   6.0166287e-20
  29015.9101562   6.6147268e-20
  29082.6894531   6.8033796e-20
  29149.4707031   6.7044578e-20
  29216.2500000   6.2518724e-20
  29283.0292969   6.6345404e-20
  29349.8105469   6.7807388e-20
  29416.5898438   6.6586514e-20
  29483.3691406   6.6735529e-20
  29550.1503906   6.5083650e-20
  29616.9296875   6.1428416e-20
  29683.7089844   6.5608838e-20
  29750.4902344   6.6730256e-20
  29817.2695312   6.5704862e-20
  29884.0507812   6.5795529e-20
  29950.8300781   6.5570814e-20
  30017.6093750   6.4657445e-20
  30084.3906250   6.0097890e-20
  30151.1699219   6.2626180e-20
  30217.9492188   6.5587803e-20
  30284.7304688   6.5102804e-20
  30351.5097656   6.3524802e-20
  30418.2890625   6.3815058e-20
  30485.0703125   6.4594715e-20
  30551.8496094   6.4079052e-20
  30618.6289062   6.3389920e-20
  30685.4101562   6.3074719e-20
  30752.1894531   6.0250117e-20
  30818.9707031   5.6700749e-20
  30885.7500000   5.9355308e-20
  30952.5292969   6.0769916e-20
  31019.3105469   6.1116524e-20
  31086.0898438   6.1290167e-20
  31152.8691406   6.1029890e-20
  31219.6503906   6.0855917e-20
  31286.4296875   6.0160478e-20
  31353.2089844   6.0478373e-20
  31419.9902344   5.9086377e-20
  31486.7695312   6.0215459e-20
  31553.5507812   5.9053949e-20
  31620.3300781   5.9777532e-20
  31687.1093750   5.9630694e-20
  31753.8906250   5.8699444e-20
  31820.6699219   5.7854330e-20
  31887.4492188   5.4246569e-20
  31954.2304688   5.7324715e-20
  32021.0097656   5.8718004e-20
  32087.7890625   5.8191213e-20
  32154.5703125   5.8129652e-20
  32221.3496094   5.7572979e-20
  32288.1289062   5.7336044e-20
  32354.9101562   5.7827660e-20
  32421.6894531   5.7444676e-20
  32488.4707031   5.7119645e-20
  32555.2500000   5.6618878e-20
  32622.0292969   5.6760294e-20
  32688.8105469   5.6024982e-20
  32755.5898438   5.6984589e-20
  32822.3710938   5.6570158e-20
  32889.1484375   5.6623848e-20
  32955.9296875   5.6121025e-20
  33022.7109375   5.5910443e-20
  33089.4882812   5.5640982e-20
  33156.2695312   5.5811078e-20
  33223.0507812   5.5687918e-20
  33289.8281250   5.5593594e-20
  33356.6093750   5.5264719e-20
  33473.4765625   5.3813747e-20
  33640.4257812   5.2582534e-20
  33807.3750000   5.3821311e-20
  33974.3242188   5.3176359e-20
  34141.2734375   5.3031761e-20
  34308.2265625   5.2884532e-20
  34475.1757812   5.2145130e-20
  34642.1250000   5.1581616e-20
  34809.0742188   5.1311160e-20
  34976.0234375   5.0715888e-20
  35142.9765625   5.0384208e-20
  35309.9257812   4.9843668e-20
  35476.8750000   4.9448809e-20
  35643.8242188   4.8516486e-20
  35810.7734375   4.8389659e-20
  35977.7265625   4.7989659e-20
  36144.6757812   4.6963212e-20
  36311.6250000   4.6143980e-20
  36478.5742188   4.4362465e-20
  36645.5234375   4.4226485e-20
  36812.4765625   4.4210367e-20
  36979.4257812   4.3653352e-20
  37146.3750000   4.3544403e-20
  37313.3242188   4.3314757e-20
  37480.2734375   4.3144833e-20
  37647.2265625   4.2552442e-20
  37814.1757812   4.2291050e-20
  37981.1250000   4.1938148e-20
  38148.0742188   4.1520848e-20
  38315.0234375   4.1771971e-20
  38481.9765625   4.1717158e-20
  38648.9257812   4.1271414e-20
  38815.8750000   4.0760733e-20
  38982.8242188   4.0492207e-20
  39149.7734375   4.0496653e-20
  39316.7265625   4.0014184e-20
  39483.6757812   3.9652757e-20
  39650.6250000   3.9077405e-20
  39817.5742188   3.9294074e-20
  39984.5234375   3.8196596e-20
  40151.4765625   3.8716786e-20
  40318.4257812   3.8107791e-20
  40485.3750000   3.8076174e-20
  40652.3242188   3.7983145e-20
  40819.2734375   3.7739873e-20
  40986.2265625   3.7400962e-20
  41153.1757812   3.6969500e-20
  41320.1250000   3.6875285e-20
  41487.0742188   3.6442521e-20
  41654.0234375   3.6163031e-20
  41820.9765625   3.5821444e-20
  41987.9257812   3.5633464e-20
  42154.8750000   3.5567015e-20
  42321.8242188   3.5006642e-20
  42488.7734375   3.5032172e-20
  42655.7265625   3.4717727e-20
  42822.6757812   3.3134468e-20
  42989.6250000   3.3994703e-20
  43156.5742188   3.3894226e-20
  43323.5234375   3.3918945e-20
  43490.4765625   3.3601059e-20
  43657.4257812   3.3563600e-20
  43824.3750000   3.3089532e-20
  43991.3242188   3.2894792e-20
  44158.2734375   3.2792955e-20
  44325.2265625   3.2284937e-20
  44492.1757812   3.2338293e-20
  44659.1250000   3.1922725e-20
  44826.0742188   3.2132022e-20
  44993.0234375   3.1902960e-20
  45159.9765625   3.1767480e-20
  45326.9257812   3.1156624e-20
  45493.8750000   3.0954630e-20
  45660.8242188   3.1024721e-20
  45827.7734375   3.0828727e-20
  45994.7265625   3.0754620e-20
  46161.6757812   3.0660351e-20
  46328.6250000   3.0317966e-20
  46495.5742188   2.9926257e-20
  46662.5234375   2.9667934e-20
  46829.4765625   2.9317953e-20
  46996.4257812   2.9077773e-20
  47163.3750000   2.8459579e-20
  47330.3242188   2.8432721e-20
  47497.2734375   2.8152401e-20
  47664.2265625   2.7914050e-20
  47831.1757812   2.8079176e-20
  47998.1250000   2.8154876e-20
  48165.0742188   2.7425306e-20
  48332.0234375   2.7700938e-20
  48498.9765625   2.7283305e-20
  48649.2304688   2.7490424e-20
  48816.1796875   2.7181762e-20
  48999.8242188   2.7015623e-20
  49166.7734375   2.6639890e-20
  49333.7265625   2.6692828e-20
  49500.6757812   2.6761729e-20
  49667.6250000   2.6639072e-20
  49834.5742188   2.6993800e-20
  50001.5234375   2.6670914e-20
  50168.4765625   2.6415620e-20
  50335.4257812   2.6314766e-20
  50502.3750000   2.6347491e-20
  50669.3242188   2.6520352e-20
  50836.2734375   2.6368329e-20
  51003.2265625   2.6496721e-20
  51170.1757812   2.6220283e-20
  51337.1250000   2.6233760e-20
  51504.0742188   2.6207966e-20
  51671.0234375   2.6185184e-20
  51837.9765625   2.5850391e-20
  52004.9257812   2.4856732e-20
  52171.8750000   2.5264060e-20
  52338.8242188   2.5158760e-20
  52505.7734375   2.5475867e-20
  52672.7265625   2.3987814e-20
  52839.6757812   2.3952126e-20
  53006.6250000   2.3779707e-20
  53173.5742188   2.4507366e-20
  53340.5234375   2.4001198e-20
  53590.9492188   2.4156865e-20
  53924.8515625   2.4270969e-20
  54258.7500000   2.3660117e-20
  54592.6484375   2.4182871e-20
  54926.5507812   2.3303302e-20
  55260.4492188   2.3513743e-20
  55594.3515625   2.2991618e-20
  55928.2500000   2.3088960e-20
  56262.1484375   2.2309942e-20
  56596.0507812   2.2492341e-20
  56929.9492188   2.2048504e-20
  57263.8515625   2.1893729e-20
  57597.7500000   2.1351238e-20
  57931.6484375   2.0812498e-20
  58265.5507812   2.0753897e-20
  58599.4492188   2.0571588e-20
  58933.3515625   2.0151398e-20
  59267.2500000   1.9704452e-20
  59601.1484375   1.9703413e-20
  59935.0507812   1.8970016e-20
  60268.9492188   1.8713742e-20
  60602.8515625   1.8393355e-20
  60936.7500000   1.7977819e-20
  61270.6484375   1.7661264e-20
  61604.5507812   1.7552312e-20
  61938.4492188   1.7357981e-20
  62272.3515625   1.6828993e-20
  62606.2500000   1.6368159e-20
  62940.1484375   1.6363057e-20
  63274.0507812   1.5850600e-20
  63607.9492188   1.6163922e-20
  63941.8515625   1.5688194e-20
  64275.7500000   1.5572594e-20
  64609.6484375   1.5270399e-20
  64943.5507812   1.4633594e-20
  65277.4492188   1.4738081e-20
  65611.3515625   1.4489576e-20
  65945.2500000   1.4182587e-20
  66279.1484375   1.3873934e-20
  66613.0468750   1.3842651e-20
  66946.9531250   1.3695524e-20
  67280.8515625   1.3636405e-20
  67614.7500000   1.3197512e-20
  67948.6484375   1.2947035e-20
  68282.5468750   1.2802286e-20
  68616.4531250   1.2566758e-20
  68950.3515625   1.2322026e-20
  69284.2500000   1.2145743e-20
  69618.1484375   1.2171964e-20
  69952.0468750   1.1813570e-20
  70285.9531250   1.1769757e-20
  70619.8515625   1.1512907e-20
  70953.7500000   1.1402304e-20
  71287.6484375   1.1279234e-20
  71621.5468750   1.1038322e-20
  71955.4531250   1.0910646e-20
  72289.3515625   1.0625028e-20
  72623.2500000   1.0470264e-20
  72957.1484375   1.0358755e-20
  73291.0468750   1.0183599e-20
  73624.9531250   9.9147056e-21
  73958.8515625   9.8788032e-21
  74292.7500000   9.7466732e-21
  74626.6484375   9.6244653e-21
  74960.5468750   9.5616061e-21
  75294.4531250   9.3419824e-21
  75628.3515625   9.1791409e-21
  75962.2500000   9.1469471e-21
  76296.1484375   8.9528367e-21
  76630.0468750   7.7181509e-21
  76963.9531250   8.2799366e-21
  77297.8515625   8.2835014e-21
  77631.7500000   7.1341016e-21
  77965.6484375   7.7738394e-21
  78299.5468750   7.3367608e-21
  78633.4531250   6.6190573e-21
  78967.3515625   7.1347591e-21
  79301.2500000   6.8788210e-21
  79635.1484375   6.2475635e-21
  79969.0468750   6.7672022e-21
  80302.9531250   6.5545763e-21
  80636.8515625   5.9802222e-21
  80970.7500000   6.2362964e-21
  81304.6484375   6.0738164e-21
  81638.5468750   5.8434761e-21
  81972.4531250   5.8290707e-21
  82306.3515625   5.8558079e-21
  82640.2500000   5.6894068e-21
  82974.1484375   5.1905676e-21
  83308.0468750   5.1758622e-21
  83641.9531250   5.3074869e-21
  83975.8515625   5.0793462e-21
  84309.7500000   5.2377864e-21
  84643.6484375   5.2676841e-21
  84977.5468750   5.2499926e-21
  85311.4531250   5.2493237e-21
  85645.3515625   5.2617876e-21
  85979.2500000   5.3155814e-21
  86313.1484375   5.1582070e-21
  86647.0468750   5.1706592e-21
  86980.9531250   5.2108497e-21
  87314.8515625   5.0872936e-21
  87648.7500000   5.0387089e-21
  87982.6484375   5.0955222e-21
  88316.5468750   5.0161436e-21
  88650.4531250   4.9811500e-21
  88984.3515625   4.9422317e-21
  89318.2500000   4.9208328e-21
  89652.1484375   4.8377973e-21
  89986.0468750   4.7717917e-21
  90319.9531250   4.7841303e-21
  90653.8515625   4.7214484e-21
  90987.7500000   4.7719177e-21
  91321.6484375   4.6504284e-21
  91655.5468750   4.6974557e-21
  91989.4531250   4.6002543e-21
  92323.3515625   4.5235814e-21
  92657.2500000   4.4773901e-21
  92991.1484375   4.4934648e-21
  93325.0468750   4.4820135e-21
  93658.9531250   4.4012956e-21
  93992.8515625   4.3174215e-21
  94326.7500000   4.3058705e-21
  94660.6484375   4.2287521e-21
  94994.5468750   4.0856619e-21
  95328.4531250   4.1205126e-21
  95662.3515625   4.0998080e-21
  95996.2500000   4.0100739e-21
  96330.1484375   3.9686728e-21
  96664.0468750   3.8893007e-21
  96997.9531250   3.8927524e-21
  97331.8515625   3.8168258e-21
  97665.7500000   3.7132869e-21
  97999.6484375   3.6891318e-21
  98333.5468750   3.6201172e-21
  98667.4531250   3.5614536e-21
  99001.3515625   3.5234925e-21
  99335.2500000   3.4786253e-21
  99669.1484375   3.4234122e-21
 100003.0468750   3.3844101e-21
 100336.9531250   3.3457634e-21
 100670.8515625   3.3126320e-21
 101004.7500000   3.2670765e-21
 101338.6484375   3.2070273e-21
 101672.5468750   3.1911511e-21
 102006.4531250   3.1604388e-21
 102340.3515625   3.1280019e-21
 102674.2500000   3.1000480e-21
 103008.1484375   3.0544900e-21
 103342.0468750   3.0220523e-21
 103675.9531250   3.0013522e-21
 104009.8515625   2.9544149e-21
 104343.7500000   2.9285265e-21
 104677.6484375   2.8960904e-21
 105011.5468750   2.8646931e-21
 105345.4531250   2.8301783e-21
 105679.3515625   2.7936000e-21
 106013.2500000   2.7711645e-21
 106347.1484375   2.7418319e-21
 106681.0468750   2.7169828e-21
 107181.8984375   2.6690132e-21
 107849.7031250   2.6113866e-21
 108517.5000000   2.5606549e-21
 109185.2968750   2.5061272e-21
 109853.1015625   2.4453931e-21
 110520.8984375   2.4025982e-21
 111188.7031250   2.3632595e-21
 111856.5000000   2.3384087e-21
 112524.2968750   2.2787047e-21
 113192.1015625   2.2445370e-21
 113859.8984375   2.2124454e-21
 114527.7031250   2.1931165e-21
 115195.5000000   2.1492925e-21
 115863.2968750   2.1054657e-21
 116531.1015625   2.0481798e-21
 117198.8984375   2.0236806e-21
 117866.7031250   1.9757051e-21
 118534.5000000   1.9187620e-21
 119202.2968750   1.8949532e-21
 119870.1015625   1.8476747e-21
 120537.8984375   1.8207536e-21
 121205.7031250   1.7686491e-21
 121873.5000000   1.7255066e-21
 122541.2968750   1.6913462e-21
 123209.1015625   1.6413006e-21
 123876.8984375   1.6002382e-21
 124544.7031250   1.5691777e-21
 125212.5000000   1.5205151e-21
 125880.2968750   1.5015359e-21
 126548.1015625   1.4715120e-21
 127215.8984375   1.4439075e-21
 127883.7031250   1.4183707e-21
 128551.5000000   1.3945530e-21
 129219.2968750   1.3648749e-21
 129887.1015625   1.3407184e-21
 130554.8984375   1.3162204e-21
 131222.7031250   1.2972363e-21
 131890.5000000   1.2710072e-21
 132558.2968750   1.2509929e-21
 133226.0937500   1.2244183e-21
 133893.9062500   1.2057836e-21
 134561.7031250   1.1881837e-21
 135229.5000000   1.1667905e-21
 135897.2968750   1.1529858e-21
 136565.0937500   1.1377993e-21
 137232.9062500   1.1243426e-21
 137900.7031250   1.1053604e-21
 138568.5000000   1.0798240e-21
 139236.2968750   1.0649836e-21
 139904.0937500   1.0539421e-21
 140571.9062500   1.0325461e-21
 141239.7031250   1.0246047e-21
 141907.5000000   1.0066606e-21
 142575.2968750   9.9354974e-22
 143243.0937500   9.4557861e-22
 143910.9062500   9.0140684e-22
 144578.7031250   9.0105858e-22
 145246.5000000   8.5550670e-22
 145914.2968750   8.3238351e-22
 146582.0937500   8.1375019e-22
 147249.9062500   7.8165650e-22
 147917.7031250   7.7578783e-22
 148585.5000000   7.5715339e-22
 149253.2968750   7.3161677e-22
 149921.0937500   7.3541163e-22
 150588.9062500   7.1643065e-22
 151256.7031250   6.9158383e-22
 151924.5000000   6.8330243e-22
 152592.2968750   6.6880769e-22
 153260.0937500   6.4706587e-22
 153927.9062500   6.5086220e-22
 154595.7031250   6.3705847e-22
 155263.5000000   6.2739600e-22
 155931.2968750   6.2083676e-22
 156599.0937500   6.0841487e-22
 157266.9062500   5.9737122e-22
 157934.7031250   6.0151232e-22
 158602.5000000   5.8839850e-22
 159270.2968750   5.7977182e-22
 159938.0937500   5.7079774e-22
 160605.9062500   5.5837554e-22
 161273.7031250   5.5940891e-22
 161941.5000000   5.4802114e-22
 162609.2968750   5.3801460e-22
 163277.0937500   5.3249272e-22
 163944.9062500   5.2282949e-22
 164612.7031250   5.1661645e-22
 165280.5000000   5.0557325e-22
 165948.2968750   5.0143372e-22
 166616.0937500   4.9384132e-22
 167283.9062500   4.8969885e-22
 167951.7031250   4.8245148e-22
 168619.5000000   4.7140929e-22
 169287.2968750   4.6692154e-22
 169955.0937500   4.6174591e-22
 170622.9062500   4.5484432e-22
 171290.7031250   4.4863264e-22
 171958.5000000   4.4311062e-22
 172626.2968750   4.4173101e-22
 173294.0937500   4.3413790e-22
 173961.9062500   4.2758134e-22
 174629.7031250   4.2136984e-22
 175297.5000000   4.1791791e-22
 175965.2968750   4.1653815e-22
 176633.0937500   4.0687406e-22
 177300.9062500   4.0066235e-22
 177968.7031250   3.9721257e-22
 178636.5000000   3.9168989e-22
 179304.2968750   3.8685852e-22
 179972.0937500   3.8271825e-22
 180639.9062500   3.7857571e-22
 181307.7031250   3.7270929e-22
 181975.5000000   3.7063952e-22
 182643.2968750   3.6408286e-22
 183311.0937500   3.6132074e-22
 183978.9062500   3.5545464e-22
 184646.7031250   3.5648963e-22
 185314.5000000   3.4717271e-22
 185982.2968750   3.4682677e-22
 186650.0937500   3.4020095e-22
 187317.9062500   3.3844099e-22
 187985.7031250   3.3150477e-22
 188653.5000000   3.3002017e-22
 189321.2968750   3.2532740e-22
 189989.0937500   3.1935765e-22
 190656.9062500   3.1749349e-22
 191324.7031250   3.1393837e-22
 191992.5000000   3.0955581e-22
 192660.2968750   3.0534574e-22
 193328.0937500   3.0386215e-22
 193995.9062500   2.9972029e-22
 194663.7031250   2.9682137e-22
 195331.5000000   2.9340494e-22
 195999.2968750   2.8923026e-22
 196667.0937500   2.8581332e-22
 197334.9062500   2.8160315e-22
 198002.7031250   2.7904976e-22
 198670.5000000   2.7504553e-22
 199338.2968750   2.7314838e-22
 200006.0937500   2.6966191e-22
 200673.9062500   2.6617669e-22
 201341.7031250   2.6327828e-22
 202009.5000000   2.6003428e-22
 202677.2968750   2.5761875e-22
 203345.0937500   2.5437407e-22
 204012.9062500   2.5092333e-22
 204680.7031250   2.4836981e-22
 205348.5000000   2.4567822e-22
 206016.2968750   2.4312362e-22
 206684.0937500   2.3953495e-22
 207351.9062500   2.3708484e-22
 208019.7031250   2.3390970e-22
 208687.5000000   2.3108033e-22
 209355.2968750   2.2818091e-22
 210023.0937500   2.2528229e-22
 210690.9062500   2.2248690e-22
 211358.7031250   2.2069236e-22
 212026.5000000   2.1827675e-22
 212694.2968750   2.1665506e-22
 213362.0937500   2.1347957e-22
 214363.7968750   2.0937271e-22
 215699.4062500   2.0426553e-22
 217035.0000000   1.9998608e-22
 218370.5937500   1.9549983e-22
 219706.2031250   1.9080643e-22
 221041.7968750   1.8621673e-22
 222377.4062500   1.8259347e-22
 223713.0000000   1.7886621e-22
 225048.5937500   1.7482841e-22
 226384.2031250   1.7079096e-22
 227719.7968750   1.6727085e-22
 229055.4062500   1.6385421e-22
 230391.0000000   1.5967841e-22
 231726.5937500   1.5626170e-22
 233062.2031250   1.5291473e-22
 234397.7968750   1.4977423e-22
 235733.4062500   1.4663382e-22
 237069.0000000   1.4359708e-22
 238404.5937500   1.4066338e-22
 239740.2031250   1.3786832e-22
 241075.7968750   1.3527962e-22
 242411.4062500   1.3265735e-22
 243747.0000000   1.2993060e-22
 245082.5937500   1.2716996e-22
 246418.2031250   1.2451280e-22
 247753.7968750   1.2192455e-22
 249089.4062500   1.1957796e-22
 250425.0000000   1.1719672e-22
 251760.5937500   1.1516043e-22
 253096.2031250   1.1257212e-22
 254431.7968750   1.1036334e-22
 255767.4062500   1.0794778e-22
 257103.0000000   1.0608430e-22
 258438.5937500   1.0415183e-22
 259774.2031250   1.0221911e-22
 261109.7968750   1.0014835e-22
 262445.4062500   9.8077764e-23
 263781.0000000   9.6248881e-23
 265116.5937500   9.4626819e-23
 266452.1875000   9.2866769e-23
 267787.8125000   9.1141449e-23
 269123.4062500   8.9346897e-23
 270459.0000000   8.7724722e-23
 271794.5937500   8.6033707e-23
 273130.1875000   8.4480970e-23
 274465.8125000   8.2755384e-23
 275801.4062500   8.1236827e-23
 277137.0000000   7.9822178e-23
 278472.5937500   7.8372586e-23
 279808.1875000   7.7061266e-23
 281143.8125000   7.5715343e-23
 282479.4062500   7.4334780e-23
 283815.0000000   7.3023642e-23
 285150.5937500   7.1815701e-23
 286486.1875000   7.0607885e-23
 287821.8125000   6.9399969e-23
 289157.4062500   6.8226491e-23
 290493.0000000   6.7053120e-23
 291828.5937500   6.5983336e-23
 293164.1875000   6.4948016e-23
 294499.8125000   6.4016321e-23
 295835.4062500   6.2981159e-23
 297171.0000000   6.1980151e-23
 298506.5937500   6.0910462e-23
 299842.1875000   5.9840578e-23
 301177.8125000   5.8943308e-23
 302513.4062500   5.7839092e-23
 303849.0000000   5.6803690e-23
 305184.5937500   5.5802992e-23
 306520.1875000   5.4905704e-23
 307855.8125000   5.4111889e-23
 309191.4062500   5.3456175e-23
 310527.0000000   5.2696972e-23
 311862.5937500   5.1696144e-23
 313198.1875000   5.0833408e-23
 314533.8125000   4.9970795e-23
 315869.4062500   4.9177005e-23
 317205.0000000   4.8590266e-23
 318540.5937500   4.7865682e-23
 319876.1875000   4.7071826e-23
 321211.8125000   4.6381699e-23
 322547.4062500   4.5588026e-23
 323883.0000000   4.4794157e-23
 325218.5937500   4.4207456e-23
 326554.1875000   4.3620774e-23
 327889.8125000   4.2965199e-23
 329225.4062500   4.2413069e-23
 330561.0000000   4.1826314e-23
 331896.5937500   4.1101562e-23
 333232.1875000   4.0376956e-23
 334567.8125000   3.9686731e-23
 667800.0000000   2.4133004e-24
1335600.0000000   1.5460563e-25
2003400.0000000   3.0672610e-26
2671200.0000000   9.7042595e-27
3339000.0000000   3.9721254e-27
4006800.0000000   1.9118643e-27
4674600.0000000   1.0301273e-27
5342400.0000000   6.0289287e-28
