    303.6669922   2.2732086e-23
    313.6779785   2.5870851e-23
    320.3519897   2.7588530e-23
    327.0260010   1.4916055e-22
    333.6999817   4.1060993e-22
    340.3739929   4.4541121e-22
    347.0479736   4.2303149e-22
    353.7219849   4.3002416e-22
    360.3959961   4.3875378e-22
    367.0699768   5.0091239e-22
    380.4179993   5.1959988e-22
    393.7659912   5.0460421e-22
    403.7769775   6.3893896e-22
    417.1250000   6.6299713e-22
    423.7989807   6.7754443e-22
    427.1359863   6.8817565e-22
    437.1469727   6.6355637e-22
    440.4839783   6.8649725e-22
    447.1579895   6.5572294e-22
    457.1689758   7.2901602e-22
    467.1799927   7.3069568e-22
    477.1909790   9.2316224e-22
    490.5389709   1.1486349e-21
    503.8869934   1.0283471e-21
    517.2349854   1.1603829e-21
    530.5830078   1.1648609e-21
    540.5939941   1.1665400e-21
    553.9419556   1.1738120e-21
    567.2899780   1.1726940e-21
    577.3009644   9.6456287e-22
    590.6489868   1.1816482e-21
    600.6599731   1.1833256e-21
    607.3339844   1.1833256e-21
    620.6820068   1.1855625e-21
    637.3670044   1.1866825e-21
    647.3779907   1.1939541e-21
    660.7259521   1.1905977e-21
    674.0739746   1.1950716e-21
    684.0849609   1.1933932e-21
    700.7699585   1.1570294e-21
    720.7919922   1.1922774e-21
    734.1399536   1.1967522e-21
    744.1510010   1.1822037e-21
    757.4989624   1.1995517e-21
    767.5099487   1.5022360e-21
    780.8579712   2.2463529e-21
    800.8800049   2.4477694e-21
    820.9019775   2.2838461e-21
    840.9239502   2.3576940e-21
    857.6089478   2.1713814e-21
    867.6199951   2.2799275e-21
    880.9679565   2.8590012e-21
    897.6529541   2.9322991e-21
    914.3379517   2.9643205e-21
    931.0229492   2.4794165e-21
    947.7079468   2.8562524e-21
    967.7299805   2.8653238e-21
    987.7519531   2.5539290e-21
   1004.4369507   2.2762956e-21
   1027.7960205   2.3589680e-21
   1061.1660156   2.2082243e-21
   1094.5360107   2.1717247e-21
   1127.9060059   1.9573793e-21
   1161.2760010   1.7676096e-21
   1191.3089600   2.2730588e-21
   1221.3419189   3.3055999e-21
   1251.3750000   3.1256558e-21
   1284.7449951   2.3777634e-21
   1318.1149902   3.3896779e-21
   1351.4849854   4.0318859e-21
   1381.5179443   3.8682479e-21
   1408.2139893   3.4039246e-21
   1434.9099121   3.1565012e-21
   1471.6169434   3.5444629e-21
   1504.9869385   3.4976852e-21
   1535.0198975   2.9876372e-21
   1568.3898926   2.9524063e-21
   1601.7600098   3.2299707e-21
   1635.1300049   2.6590579e-21
   1668.5000000   3.2061561e-21
   1688.5219727   2.7245124e-21
   1708.5439453   4.2365994e-21
   1735.2399902   3.9612226e-21
   1768.6099854   3.5842394e-21
   1801.9799805   2.8973774e-21
   1835.3499756   2.7681012e-21
   1868.7199707   3.5934600e-21
   1902.0899658   3.9794791e-21
   1935.4599609   3.8526498e-21
   1968.8299561   3.8953543e-21
   2002.1999512   3.2480650e-21
   2035.5699463   3.1465219e-21
   2068.9399414   3.9953098e-21
   2102.3098145   3.7666214e-21
   2135.6799316   4.1756409e-21
   2169.0500488   4.0446377e-21
   2195.7458496   3.7366668e-21
   2219.1049805   4.2600896e-21
   2252.4748535   4.5487458e-21
   2285.8449707   3.9585964e-21
   2319.2148438   4.6966544e-21
   2352.5849609   3.8763602e-21
   2389.2919922   5.1217085e-21
   2422.6618652   5.3384185e-21
   2452.6948242   5.5223264e-21
   2486.0649414   5.5344664e-21
   2519.4348145   5.7202524e-21
   2552.8049316   5.3609971e-21
   2586.1748047   6.2756994e-21
   2619.5449219   6.0470974e-21
   2652.9147949   6.8795206e-21
   2686.2849121   7.6028941e-21
   2719.6550293   8.4327550e-21
   2753.0249023   9.4913644e-21
   2786.3950195   8.3790779e-21
   2819.7648926   1.1540402e-20
   2853.1350098   1.2709801e-20
   2886.5048828   1.4831461e-20
   2919.8750000   1.6834694e-20
   2953.2448730   1.9144535e-20
   2986.6149902   2.1879804e-20
   3019.9848633   2.4569348e-20
   3053.3549805   2.7212000e-20
   3086.7248535   7.7262954e-20
   3120.0949707   1.3288193e-19
   3153.4648438   1.8792902e-19
   3186.8349609   2.3470322e-19
   3220.2048340   2.5736562e-19
   3253.5749512   1.1268744e-19
   3286.9448242   2.2810493e-19
   3320.3149414   2.2561214e-19
   3353.6848145   2.8803763e-19
   3387.0549316   3.0102382e-19
   3420.4248047   2.1460586e-19
   3453.7949219   3.0625111e-19
   3487.1647949   4.2665681e-19
   3520.5349121   4.1718099e-19
   3553.9047852   3.5662607e-19
   3587.2749023   3.9736635e-19
   3620.6447754   3.5134504e-19
   3654.0148926   4.1662805e-19
   3687.3847656   4.0270192e-19
   3720.7548828   3.9702444e-19
   3754.1250000   3.5383194e-19
   3787.4948730   4.2505400e-19
   3820.8649902   4.0603530e-19
   3854.2348633   4.1316958e-19
   3887.6049805   4.1210037e-19
   3920.9748535   2.8505259e-19
   3954.3449707   3.9860559e-19
   3987.7148438   3.3836094e-19
   4021.0849609   2.8959906e-19
   4054.4548340   2.3596312e-19
   4087.8249512   4.2228529e-19
   4121.1948242   5.2069867e-19
   4154.5649414   5.4490394e-19
   4187.9350586   5.3367775e-19
   4221.3046875   5.1089254e-19
   4254.6748047   6.0243802e-19
   4288.0449219   6.2234407e-19
   4321.4150391   5.3636345e-19
   4354.7846680   5.4032601e-19
   4388.1547852   6.2663631e-19
   4421.5249023   6.0567193e-19
   4454.8950195   5.6867369e-19
   4488.2646484   6.2932537e-19
   4521.6347656   6.1768776e-19
   4555.0048828   5.7557342e-19
   4588.3750000   5.8380676e-19
   4621.7446289   5.8366826e-19
   4655.1147461   4.5918398e-19
   4688.4848633   4.5509838e-19
   4721.8549805   5.5673288e-19
   4755.2246094   5.5068505e-19
   4788.5947266   5.6966610e-19
   4811.9536133   5.8503362e-19
   4828.6386719   5.8936355e-19
   4855.3349609   5.7331800e-19
   4888.7050781   5.4442071e-19
   4922.0747070   5.5247285e-19
   4955.4448242   5.6320314e-19
   4988.8149414   5.6516066e-19
   5022.1850586   5.3880472e-19
   5045.5439453   4.9509246e-19
   5062.2290039   5.1678471e-19
   5088.9248047   5.0823393e-19
   5122.2949219   4.4132603e-19
   5155.6650391   4.1986644e-19
   5189.0346680   4.1233211e-19
   5222.4047852   4.4838080e-19
   5255.7749023   4.7512386e-19
   5289.1450195   4.8830110e-19
   5322.5146484   4.9273241e-19
   5355.8847656   4.8232467e-19
   5389.2548828   4.7833141e-19
   5422.6250000   4.6740606e-19
   5455.9946289   4.9175526e-19
   5489.3647461   4.9531430e-19
   5522.7348633   4.8027430e-19
   5556.1049805   5.0313261e-19
   5579.4638672   4.6198151e-19
   5596.1489258   5.1792079e-19
   5622.8447266   5.2058664e-19
   5656.2148438   4.9641404e-19
   5689.5849609   4.8243060e-19
   5722.9545898   4.5701114e-19
   5756.3247070   4.5034639e-19
   5789.6948242   4.7406502e-19
   5823.0649414   4.6564809e-19
   5856.4345703   4.8020471e-19
   5889.8046875   4.5841021e-19
   5923.1748047   4.5452106e-19
   5956.5449219   4.6537616e-19
   5989.9150391   4.8090962e-19
   6023.2846680   4.8190545e-19
   6056.6547852   4.4771373e-19
   6090.0249023   4.5652568e-19
   6123.3950195   4.4545036e-19
   6156.7646484   4.1531268e-19
   6190.1347656   4.1556812e-19
   6223.5048828   4.2186082e-19
   6256.8750000   4.4278601e-19
   6290.2446289   4.0808764e-19
   6323.6147461   3.9045693e-19
   6356.9848633   4.1330387e-19
   6390.3549805   3.9485084e-19
   6423.7246094   3.8131253e-19
   6457.0947266   4.0030731e-19
   6490.4648438   4.0821312e-19
   6523.8349609   3.7689047e-19
   6563.8789062   4.0657243e-19
   6593.9116211   4.1758244e-19
   6620.6079102   3.9598312e-19
   6657.3149414   3.8619675e-19
   6690.6845703   3.9826787e-19
   6724.0546875   3.8873733e-19
   6757.4248047   4.0238547e-19
   6790.7949219   3.7762780e-19
   6824.1645508   3.8559166e-19
   6857.5346680   3.4979307e-19
   6890.9047852   3.6222185e-19
   6920.9379883   3.9397263e-19
   6934.2856445   3.6955884e-19
   6957.6450195   3.8193434e-19
   6991.0146484   3.6329245e-19
   7024.3847656   3.6900256e-19
   7057.7548828   3.7216156e-19
   7091.1250000   3.7403613e-19
   7124.4946289   3.5940597e-19
   7157.8647461   3.5631924e-19
   7191.2348633   3.6780847e-19
   7224.6049805   3.5916927e-19
   7257.9746094   3.5752938e-19
   7291.3447266   3.4849892e-19
   7324.7148438   3.5947540e-19
   7358.0849609   3.5366415e-19
   7391.4545898   3.4276118e-19
   7424.8247070   3.3495146e-19
   7458.1948242   3.4406128e-19
   7491.5649414   3.3654544e-19
   7524.9345703   3.2768788e-19
   7558.3046875   3.3410668e-19
   7591.6748047   3.3754907e-19
   7625.0449219   3.3959660e-19
   7658.4145508   3.2179071e-19
   7691.7846680   3.2488498e-19
   7725.1547852   3.1556139e-19
   7758.5249023   2.7099892e-19
   7791.8945312   3.0329037e-19
   7825.2646484   3.0053638e-19
   7858.6347656   3.0666431e-19
   7892.0048828   2.9554551e-19
   7925.3745117   2.9520432e-19
   7958.7446289   2.8331898e-19
   7992.1147461   2.9226307e-19
   8025.4848633   2.8381089e-19
   8058.8549805   2.8533688e-19
   8092.2246094   2.8998848e-19
   8125.5947266   2.8019451e-19
   8158.9648438   2.8745627e-19
   8192.3349609   2.8313237e-19
   8225.7050781   2.8070444e-19
   8259.0751953   2.7412197e-19
   8292.4443359   2.7671898e-19
   8325.8144531   2.4418209e-19
   8359.1845703   2.7519795e-19
   8385.8808594   2.5901090e-19
   8402.5654297   2.6879066e-19
   8425.9248047   2.6212816e-19
   8459.2949219   2.6212009e-19
   8492.6650391   2.5631543e-19
   8526.0351562   2.6275749e-19
   8559.4042969   2.5984948e-19
   8592.7744141   2.6594668e-19
   8626.1445312   2.6348318e-19
   8659.5146484   2.6094736e-19
   8692.8847656   2.5583859e-19
   8726.2548828   2.5305717e-19
   8759.6250000   2.5569817e-19
   8792.9951172   2.5588579e-19
   8826.3642578   2.6214773e-19
   8859.7343750   2.6090727e-19
   8893.1044922   2.4941713e-19
   8926.4746094   2.5324396e-19
   8959.8447266   2.5186967e-19
   8993.2148438   2.4522563e-19
   9026.5849609   2.4569025e-19
   9059.9550781   2.4100714e-19
   9093.3251953   2.4097327e-19
   9126.6943359   2.4411883e-19
   9160.0644531   2.3086135e-19
   9193.4345703   2.3042478e-19
   9226.8046875   2.3196714e-19
   9260.1748047   2.3644237e-19
   9293.5449219   2.3260166e-19
   9326.9150391   2.1062345e-19
   9360.2851562   2.1804693e-19
   9393.6542969   2.3091409e-19
   9427.0244141   2.3008398e-19
   9460.3945312   2.2152179e-19
   9493.7646484   2.1968195e-19
   9527.1347656   2.1775793e-19
   9560.5048828   2.2163953e-19
   9593.8750000   2.1825003e-19
   9627.2451172   2.1789760e-19
   9660.6142578   2.1494543e-19
   9710.6699219   2.1832003e-19
   9777.4101562   2.1420756e-19
   9844.1494141   2.1053190e-19
   9910.8896484   2.0968389e-19
   9977.6298828   2.0750995e-19
  10044.3701172   2.0585338e-19
  10111.1093750   2.0453586e-19
  10177.8496094   2.0221449e-19
  10244.5898438   1.9996424e-19
  10311.3300781   1.9762617e-19
  10378.0693359   1.9519795e-19
  10444.8095703   1.9209300e-19
  10511.5498047   1.9072947e-19
  10578.2900391   1.8747069e-19
  10645.0292969   1.8229231e-19
  10711.7695312   1.8187565e-19
  10778.5097656   1.7849592e-19
  10845.2500000   1.7755067e-19
  10911.9892578   1.7553633e-19
  10978.7294922   1.7326992e-19
  11045.4697266   1.7115375e-19
  11112.2099609   1.6796883e-19
  11178.9492188   1.6471653e-19
  11245.6894531   1.6179984e-19
  11312.4296875   1.5975077e-19
  11379.1699219   1.5825429e-19
  11445.9091797   1.5527054e-19
  11512.6494141   1.5319916e-19
  11579.3896484   1.5130352e-19
  11646.1298828   1.4951801e-19
  11712.8691406   1.4836804e-19
  11779.6093750   1.4609908e-19
  11846.3496094   1.4478516e-19
  11913.0898438   1.4118087e-19
  11979.8300781   1.3871383e-19
  12046.5693359   1.3775280e-19
  12113.3095703   1.3662611e-19
  12146.6796875   1.3609670e-19
  12180.0498047   1.3675698e-19
  12246.7900391   1.3405602e-19
  12313.5292969   1.2702770e-19
  12380.2695312   1.3207784e-19
  12447.0097656   1.3090324e-19
  12513.7500000   1.4855777e-19
  12580.4892578   1.5086824e-19
  12647.2294922   1.6573824e-19
  12713.9697266   1.7898026e-19
  12780.7099609   1.5180139e-19
  12847.4492188   1.8381495e-19
  12914.1894531   1.9198336e-19
  12980.9296875   1.4279532e-19
  13047.6699219   1.9192267e-19
  13114.4091797   1.8166333e-19
  13181.1494141   1.8555639e-19
  13247.8896484   1.3173026e-19
  13314.6298828   1.8405729e-19
  13381.3691406   1.9140835e-19
  13448.1093750   1.8752835e-19
  13514.8496094   1.8795132e-19
  13581.5898438   1.8134526e-19
  13648.3291016   1.6401559e-19
  13715.0693359   1.3975030e-19
  13781.8095703   1.7346637e-19
  13848.5498047   1.7640500e-19
  13915.2900391   1.7526595e-19
  13982.0292969   1.7403180e-19
  14048.7695312   1.7317179e-19
  14115.5097656   1.7072884e-19
  14182.2500000   1.6918895e-19
  14248.9892578   1.6463841e-19
  14315.7294922   1.6359619e-19
  14382.4697266   1.5668648e-19
  14449.2099609   1.4051158e-19
  14515.9492188   1.2693066e-19
  14582.6894531   1.5697509e-19
  14649.4296875   1.5482045e-19
  14716.1699219   1.5544793e-19
  14782.9091797   1.5502388e-19
  14849.6494141   1.5466548e-19
  14916.3896484   1.5207098e-19
  14983.1298828   1.5200886e-19
  15049.8691406   1.5453716e-19
  15116.6093750   1.4962573e-19
  15183.3496094   1.4792561e-19
  15250.0898438   1.4977366e-19
  15316.8291016   1.4623581e-19
  15383.5693359   1.4621463e-19
  15450.3095703   1.4284740e-19
  15517.0498047   1.4217520e-19
  15583.7890625   1.4213023e-19
  15650.5292969   1.3988847e-19
  15717.2695312   1.3615350e-19
  15784.0097656   1.3801258e-19
  15850.7490234   1.3778791e-19
  15917.4892578   1.3711661e-19
  15984.2294922   1.3519299e-19
  16050.9697266   1.3269472e-19
  16117.7099609   1.3079348e-19
  16184.4492188   1.1610660e-19
  16251.1894531   1.0137687e-19
  16317.9296875   1.2552203e-19
  16384.6699219   1.2655216e-19
  16451.4101562   1.2412577e-19
  16518.1503906   1.2584329e-19
  16584.8886719   1.2426104e-19
  16651.6289062   1.2083501e-19
  16718.3691406   1.1670320e-19
  16785.1093750   1.1857500e-19
  16851.8496094   1.1676217e-19
  16918.5898438   1.1842927e-19
  16985.3300781   1.1562166e-19
  17052.0703125   1.1514835e-19
  17118.8085938   1.1294408e-19
  17185.5488281   1.1085501e-19
  17252.2890625   1.0818183e-19
  17319.0292969   1.0827024e-19
  17385.7695312   1.0835776e-19
  17452.5097656   1.0865131e-19
  17519.2500000   1.0923407e-19
  17585.9902344   1.0483339e-19
  17652.7285156   1.0815474e-19
  17719.4687500   1.0840298e-19
  17786.2089844   1.0439782e-19
  17852.9492188   1.0635072e-19
  17919.6894531   1.0563200e-19
  17986.4296875   1.0374058e-19
  18053.1699219   1.0234585e-19
  18119.9101562   1.0199496e-19
  18186.6503906   1.0248078e-19
  18253.3886719   1.0036330e-19
  18320.1289062   9.9712177e-20
  18386.8691406   9.8805025e-20
  18453.6093750   9.9033533e-20
  18520.3496094   9.9007438e-20
  18587.0898438   9.7883759e-20
  18653.8300781   9.6164858e-20
  18720.5703125   9.6767724e-20
  18787.3085938   9.5381246e-20
  18854.0488281   9.4881558e-20
  18920.7890625   9.3573456e-20
  18987.5292969   9.4172904e-20
  19054.2695312   9.2648061e-20
  19121.0097656   9.4819907e-20
  19187.7500000   9.2439566e-20
  19254.4902344   9.2525263e-20
  19321.2285156   9.0477875e-20
  19387.9687500   9.1414508e-20
  19454.7089844   9.1882214e-20
  19521.4492188   9.0125703e-20
  19588.1894531   8.8750935e-20
  19654.9296875   8.5615746e-20
  19721.6699219   8.7749827e-20
  19788.4101562   8.7397519e-20
  19855.1484375   8.6656811e-20
  19921.8886719   8.7032493e-20
  19988.6289062   8.5600708e-20
  20055.3691406   8.4855102e-20
  20122.1093750   8.5400569e-20
  20188.8496094   8.5472237e-20
  20255.5898438   8.5111134e-20
  20322.3300781   8.3149985e-20
  20389.0703125   8.2915143e-20
  20455.8085938   8.0601810e-20
  20522.5488281   8.0320175e-20
  20589.2890625   7.8910387e-20
  20656.0292969   7.9971356e-20
  20722.7695312   7.9165527e-20
  20789.5097656   7.7446064e-20
  20856.2500000   7.5592450e-20
  20922.9902344   7.7261597e-20
  20989.7285156   7.7712843e-20
  21056.4687500   7.6377005e-20
  21123.2089844   7.6740130e-20
  21189.9492188   7.5881168e-20
  21256.6894531   7.5500878e-20
  21323.4296875   7.6081384e-20
  21390.1699219   7.5174969e-20
  21456.9101562   7.5142289e-20
  21523.6484375   7.4627595e-20
  21590.3886719   7.4374342e-20
  21657.1289062   7.2935869e-20
  21723.8691406   7.3558658e-20
  21790.6093750   7.2599988e-20
  21857.3496094   6.8868964e-20
  21924.0898438   6.1787768e-20
  21990.8300781   7.0682706e-20
  22057.5683594   7.1745123e-20
  22124.3085938   7.1221162e-20
  22191.0488281   7.0740156e-20
  22257.7890625   6.9419214e-20
  22324.5292969   6.9863306e-20
  22391.2695312   6.8318585e-20
  22458.0097656   6.8938874e-20
  22524.7500000   6.7966342e-20
  22591.4902344   6.8055051e-20
  22658.2285156   6.7257254e-20
  22724.9687500   6.7256666e-20
  22791.7089844   6.7344451e-20
  22858.4492188   6.6277000e-20
  22925.1894531   6.6630439e-20
  22991.9296875   6.6983987e-20
  23058.6699219   6.6581002e-20
  23125.4101562   6.5865827e-20
  23192.1484375   6.5193542e-20
  23258.8886719   6.5367864e-20
  23325.6289062   6.4917264e-20
  23392.3691406   6.3930108e-20
  23459.1093750   6.4192324e-20
  23525.8496094   6.3873698e-20
  23592.5898438   6.2346845e-20
  23659.3300781   6.1354571e-20
  23726.0683594   5.9958206e-20
  23792.8085938   5.9052689e-20
  23859.5488281   5.9042834e-20
  23926.2890625   5.9211882e-20
  23993.0292969   5.8483324e-20
  24059.7695312   5.9325368e-20
  24126.5097656   5.9673960e-20
  24193.2500000   5.9753162e-20
  24259.9882812   5.9562161e-20
  24326.7285156   5.8740480e-20
  24393.4687500   5.9494184e-20
  24460.2089844   5.9392369e-20
  24526.9492188   5.9335274e-20
  24593.6894531   6.0089747e-20
  24660.4296875   5.9039460e-20
  24727.1699219   5.8800877e-20
  24793.9101562   5.9058912e-20
  24860.6484375   5.8909955e-20
  24927.3886719   5.8896507e-20
  24994.1289062   5.8475362e-20
  25060.8691406   5.8778414e-20
  25127.6093750   5.9036087e-20
  25194.3496094   5.9021831e-20
  25261.0898438   5.8508501e-20
  25327.8300781   5.7767793e-20
  25394.5683594   5.7343637e-20
  25461.3085938   5.6964607e-20
  25528.0488281   5.6357431e-20
  25594.7890625   5.4976672e-20
  25661.5292969   5.5641751e-20
  25728.2695312   5.4805032e-20
  25795.0097656   5.4695864e-20
  25861.7500000   5.4358924e-20
  25928.4882812   5.4340306e-20
  25995.2285156   5.4640882e-20
  26061.9687500   5.4439916e-20
  26128.7089844   5.4147104e-20
  26195.4492188   5.3442595e-20
  26262.1894531   5.3377383e-20
  26328.9296875   5.2122951e-20
  26395.6699219   5.1278978e-20
  26462.4082031   5.1440711e-20
  26529.1484375   5.0778547e-20
  26595.8886719   5.1764565e-20
  26662.6289062   5.1514185e-20
  26729.3691406   5.1813463e-20
  26796.1093750   5.1654421e-20
  26862.8496094   5.1265245e-20
  26929.5898438   5.0967790e-20
  26996.3300781   5.0118308e-20
  27063.0683594   4.9865594e-20
  27129.8085938   5.0440256e-20
  27196.5488281   5.0417224e-20
  27263.2890625   5.0440036e-20
  27330.0292969   4.9588020e-20
  27396.7695312   4.9333869e-20
  27463.5097656   4.9447965e-20
  27530.2500000   4.9516204e-20
  27596.9882812   4.9676519e-20
  27663.7285156   4.9283198e-20
  27730.4687500   4.7919768e-20
  27797.2089844   4.7848266e-20
  27863.9492188   4.7684219e-20
  27930.6894531   4.7704953e-20
  27997.4296875   4.6846851e-20
  28064.1699219   4.7560817e-20
  28130.9082031   4.6609207e-20
  28197.6484375   4.6351182e-20
  28264.3886719   4.5926060e-20
  28331.1289062   4.6714747e-20
  28397.8691406   4.4411618e-20
  28464.6093750   4.6661022e-20
  28531.3496094   4.2689861e-20
  28598.0898438   4.7535343e-20
  28664.8281250   4.5627712e-20
  28731.5683594   4.5530228e-20
  28798.3085938   4.7826417e-20
  28865.0488281   4.6915826e-20
  28931.7890625   4.1859969e-20
  28998.5292969   4.6265152e-20
  29065.2695312   4.7671026e-20
  29132.0097656   4.6898317e-20
  29198.7500000   4.3506582e-20
  29265.4882812   4.6353014e-20
  29332.2285156   4.7513636e-20
  29398.9687500   4.6641354e-20
  29465.7089844   4.6711054e-20
  29532.4492188   4.5408015e-20
  29599.1894531   4.2712363e-20
  29665.9296875   4.5802987e-20
  29732.6699219   4.6666557e-20
  29799.4082031   4.5959757e-20
  29866.1484375   4.6024190e-20
  29932.8886719   4.5831160e-20
  29999.6289062   4.5137013e-20
  30066.3691406   4.1740458e-20
  30133.1093750   4.3573700e-20
  30199.8496094   4.5815867e-20
  30266.5898438   4.5542228e-20
  30333.3281250   4.4461775e-20
  30400.0683594   4.4708101e-20
  30466.8085938   4.5250150e-20
  30533.5488281   4.4891276e-20
  30600.2890625   4.4433276e-20
  30667.0292969   4.4219137e-20
  30733.7695312   4.2162559e-20
  30800.5097656   3.9507287e-20
  30867.2480469   4.1473304e-20
  30933.9882812   4.2513797e-20
  31000.7285156   4.2797236e-20
  31067.4687500   4.2906579e-20
  31134.2089844   4.2733382e-20
  31200.9492188   4.2597714e-20
  31267.6894531   4.2098905e-20
  31334.4296875   4.2321177e-20
  31401.1699219   4.1340555e-20
  31467.9082031   4.2147744e-20
  31534.6484375   4.1307884e-20
  31601.3886719   4.1841590e-20
  31668.1289062   4.1709490e-20
  31734.8691406   4.1019715e-20
  31801.6093750   4.0338871e-20
  31868.3496094   3.7686071e-20
  31935.0898438   3.9959415e-20
  32001.8281250   4.1018455e-20
  32068.5683594   4.0658312e-20
  32135.3085938   4.0600858e-20
  32202.0488281   4.0207104e-20
  32268.7890625   4.0045148e-20
  32335.5292969   4.0385316e-20
  32402.2695312   4.0085796e-20
  32469.0097656   3.9833435e-20
  32535.7480469   3.9471563e-20
  32602.4882812   3.9588919e-20
  32669.2285156   3.9041578e-20
  32735.9687500   3.9728435e-20
  32802.7070312   3.9427725e-20
  32869.4492188   3.9454573e-20
  32936.1875000   3.9091677e-20
  33002.9296875   3.8923449e-20
  33069.6679688   3.8755089e-20
  33136.4101562   3.8862467e-20
  33203.1484375   3.8774838e-20
  33269.8906250   3.8691826e-20
  33336.6289062   3.8460903e-20
  33453.4257812   3.7380130e-20
  33620.2734375   3.6492352e-20
  33787.1250000   3.7416756e-20
  33953.9726562   3.6947928e-20
  34120.8242188   3.6855717e-20
  34287.6757812   3.6743230e-20
  34454.5234375   3.6228068e-20
  34621.3750000   3.5812655e-20
  34788.2226562   3.5616119e-20
  34955.0742188   3.5185152e-20
  35121.9257812   3.4934784e-20
  35288.7734375   3.4530257e-20
  35455.6250000   3.4253850e-20
  35622.4726562   3.3581901e-20
  35789.3242188   3.3507801e-20
  35956.1757812   3.3228776e-20
  36123.0234375   3.2525617e-20
  36289.8750000   3.1951638e-20
  36456.7226562   3.0674785e-20
  36623.5742188   3.0639507e-20
  36790.4218750   3.0686507e-20
  36957.2734375   3.0292562e-20
  37124.1250000   3.0226779e-20
  37290.9726562   3.0039652e-20
  37457.8242188   2.9915239e-20
  37624.6718750   2.9484543e-20
  37791.5234375   2.9272038e-20
  37958.3750000   2.9005728e-20
  38125.2226562   2.8693409e-20
  38292.0742188   2.8874562e-20
  38458.9218750   2.8839581e-20
  38625.7734375   2.8498999e-20
  38792.6250000   2.8141415e-20
  38959.4726562   2.7934791e-20
  39126.3242188   2.7918603e-20
  39293.1718750   2.7564915e-20
  39460.0234375   2.7303581e-20
  39626.8750000   2.6904812e-20
  39793.7226562   2.7030119e-20
  39960.5742188   2.6251986e-20
  40127.4218750   2.6636282e-20
  40294.2734375   2.6172209e-20
  40461.1250000   2.6162899e-20
  40627.9726562   2.6114113e-20
  40794.8242188   2.5929316e-20
  40961.6718750   2.5688341e-20
  41128.5234375   2.5383076e-20
  41295.3750000   2.5319057e-20
  41462.2226562   2.5003352e-20
  41629.0742188   2.4800809e-20
  41795.9218750   2.4568269e-20
  41962.7734375   2.4414670e-20
  42129.6250000   2.4388522e-20
  42296.4726562   2.3971612e-20
  42463.3242188   2.4014498e-20
  42630.1718750   2.3775127e-20
  42797.0234375   2.2633961e-20
  42963.8750000   2.3261085e-20
  43130.7226562   2.3203641e-20
  43297.5742188   2.3211388e-20
  43464.4218750   2.3014866e-20
  43631.2734375   2.2972958e-20
  43798.1250000   2.2631972e-20
  43964.9726562   2.2484554e-20
  44131.8242188   2.2416619e-20
  44298.6718750   2.2054134e-20
  44465.5234375   2.2090487e-20
  44632.3750000   2.1802205e-20
  44799.2226562   2.1943124e-20
  44966.0742188   2.1779140e-20
  45132.9218750   2.1684939e-20
  45299.7734375   2.1246205e-20
  45466.6250000   2.1096599e-20
  45633.4726562   2.1156816e-20
  45800.3242188   2.1002121e-20
  45967.1718750   2.0967282e-20
  46134.0234375   2.0901730e-20
  46300.8750000   2.0665867e-20
  46467.7226562   2.0385340e-20
  46634.5742188   2.0179131e-20
  46801.4218750   1.9957645e-20
  46968.2734375   1.9796148e-20
  47135.1250000   1.9378601e-20
  47301.9726562   1.9377325e-20
  47468.8242188   1.9194626e-20
  47635.6718750   1.9037465e-20
  47802.5234375   1.9136547e-20
  47969.3750000   1.9194880e-20
  48136.2226562   1.8679759e-20
  48303.0742188   1.8859295e-20
  48469.9218750   1.8560120e-20
  48620.0898438   1.8718438e-20
  48786.9375000   1.8498925e-20
  48970.4726562   1.8376813e-20
  49137.3242188   1.8111523e-20
  49304.1718750   1.8144404e-20
  49471.0234375   1.8202508e-20
  49637.8750000   1.8108580e-20
  49804.7226562   1.8348588e-20
  49971.5742188   1.8123220e-20
  50138.4218750   1.7918475e-20
  50305.2734375   1.7859629e-20
  50472.1250000   1.7856414e-20
  50638.9726562   1.7989915e-20
  50805.8242188   1.7865277e-20
  50972.6718750   1.7973488e-20
  51139.5234375   1.7772698e-20
  51306.3750000   1.7749142e-20
  51473.2226562   1.7730053e-20
  51640.0742188   1.7710985e-20
  51806.9218750   1.7474253e-20
  51973.7734375   1.6826048e-20
  52140.6250000   1.7126052e-20
  52307.4726562   1.7026009e-20
  52474.3242188   1.7230844e-20
  52641.1718750   1.6239856e-20
  52808.0234375   1.6246204e-20
  52974.8750000   1.6078404e-20
  53141.7226562   1.6573315e-20
  53308.5742188   1.6283349e-20
  53558.8476562   1.6363570e-20
  53892.5468750   1.6404801e-20
  54226.2500000   1.6008297e-20
  54559.9492188   1.6350496e-20
  54893.6484375   1.5774635e-20
  55227.3476562   1.5887059e-20
  55561.0468750   1.5529032e-20
  55894.7500000   1.5626111e-20
  56228.4492188   1.5052343e-20
  56562.1484375   1.5194347e-20
  56895.8476562   1.4881113e-20
  57229.5468750   1.4792237e-20
  57563.2500000   1.4396214e-20
  57896.9492188   1.4029576e-20
  58230.6484375   1.3996650e-20
  58564.3476562   1.3886440e-20
  58898.0468750   1.3580653e-20
  59231.7500000   1.3264170e-20
  59565.4492188   1.3287317e-20
  59899.1484375   1.2727173e-20
  60232.8476562   1.2574660e-20
  60566.5468750   1.2354112e-20
  60900.2500000   1.2050697e-20
  61233.9492188   1.1830399e-20
  61567.6484375   1.1795172e-20
  61901.3476562   1.1656490e-20
  62235.0468750   1.1284790e-20
  62568.7460938   1.0954153e-20
  62902.4492188   1.0959784e-20
  63236.1484375   1.0617572e-20
  63569.8476562   1.0866706e-20
  63903.5468750   1.0514416e-20
  64237.2460938   1.0462089e-20
  64570.9492188   1.0265015e-20
  64904.6484375   9.7917723e-21
  65238.3476562   9.8949187e-21
  65572.0468750   9.7278209e-21
  65905.7500000   9.5143607e-21
  66239.4453125   9.2948839e-21
  66573.1484375   9.2990893e-21
  66906.8515625   9.1991241e-21
  67240.5468750   9.1818478e-21
  67574.2500000   8.8680030e-21
  67907.9453125   8.6842348e-21
  68241.6484375   8.5785875e-21
  68575.3515625   8.4200993e-21
  68909.0468750   8.2567739e-21
  69242.7500000   8.1345765e-21
  69576.4453125   8.1899968e-21
  69910.1484375   7.9218045e-21
  70243.8515625   7.8987364e-21
  70577.5468750   7.7186307e-21
  70911.2500000   7.6535823e-21
  71244.9453125   7.5679812e-21
  71578.6484375   7.3927862e-21
  71912.3515625   7.3170402e-21
  72246.0468750   7.1149254e-21
  72579.7500000   7.0075341e-21
  72913.4453125   6.9315328e-21
  73247.1484375   6.8082255e-21
  73580.8437500   6.6218235e-21
  73914.5468750   6.5977000e-21
  74248.2500000   6.5161771e-21
  74581.9453125   6.4398454e-21
  74915.6484375   6.4051236e-21
  75249.3437500   6.2445226e-21
  75583.0468750   6.1364273e-21
  75916.7500000   6.1230211e-21
  76250.4453125   5.9880574e-21
  76584.1484375   5.1869249e-21
  76917.8437500   5.5710465e-21
  77251.5468750   5.5886657e-21
  77585.2500000   4.8186736e-21
  77918.9453125   5.2579566e-21
  78252.6484375   4.9680884e-21
  78586.3437500   4.4860335e-21
  78920.0468750   4.8189701e-21
  79253.7500000   4.6744712e-21
  79587.4453125   4.2250790e-21
  79921.1484375   4.5815462e-21
  80254.8437500   4.4351974e-21
  80588.5468750   4.0241376e-21
  80922.2500000   4.1800078e-21
  81255.9453125   4.0751812e-21
  81589.6484375   3.9135999e-21
  81923.3437500   3.8910116e-21
  82257.0468750   3.9073653e-21
  82590.7500000   3.7884872e-21
  82924.4453125   3.4620453e-21
  83258.1484375   3.4520250e-21
  83591.8437500   3.5372473e-21
  83925.5468750   3.3718309e-21
  84259.2500000   3.4717598e-21
  84592.9453125   3.4895838e-21
  84926.6484375   3.4696559e-21
  85260.3437500   3.4656812e-21
  85594.0468750   3.4726593e-21
  85927.7500000   3.5112755e-21
  86261.4453125   3.4039997e-21
  86595.1484375   3.4162802e-21
  86928.8437500   3.4474493e-21
  87262.5468750   3.3634892e-21
  87596.2500000   3.3370635e-21
  87929.9453125   3.3797481e-21
  88263.6484375   3.3234174e-21
  88597.3437500   3.3092168e-21
  88931.0468750   3.2905360e-21
  89264.7500000   3.2677673e-21
  89598.4453125   3.2054240e-21
  89932.1484375   3.1729855e-21
  90265.8437500   3.1804216e-21
  90599.5468750   3.1356377e-21
  90933.2500000   3.1818187e-21
  91266.9453125   3.1009214e-21
  91600.6484375   3.1439112e-21
  91934.3437500   3.0658082e-21
  92268.0468750   3.0133865e-21
  92601.7500000   2.9886215e-21
  92935.4453125   3.0042685e-21
  93269.1484375   2.9984554e-21
  93602.8437500   2.9398296e-21
  93936.5468750   2.8818944e-21
  94270.2500000   2.8760278e-21
  94603.9453125   2.8131902e-21
  94937.6484375   2.7038787e-21
  95271.3437500   2.7427611e-21
  95605.0468750   2.7314734e-21
  95938.7500000   2.6664139e-21
  96272.4453125   2.6357577e-21
  96606.1484375   2.5750015e-21
  96939.8437500   2.5868351e-21
  97273.5468750   2.5282277e-21
  97607.2500000   2.4545619e-21
  97940.9453125   2.4378883e-21
  98274.6484375   2.3878830e-21
  98608.3437500   2.3491772e-21
  98942.0468750   2.3228215e-21
  99275.7500000   2.2921762e-21
  99609.4453125   2.2550814e-21
  99943.1484375   2.2292717e-21
 100276.8437500   2.2045323e-21
 100610.5468750   2.1830278e-21
 100944.2500000   2.1529122e-21
 101277.9453125   2.1125898e-21
 101611.6484375   2.1034522e-21
 101945.3437500   2.0846266e-21
 102279.0468750   2.0636571e-21
 102612.7500000   2.0459157e-21
 102946.4453125   2.0163450e-21
 103280.1484375   1.9953701e-21
 103613.8437500   1.9824686e-21
 103947.5468750   1.9518167e-21
 104281.2500000   1.9351470e-21
 104614.9453125   1.9141844e-21
 104948.6484375   1.8937480e-21
 105282.3437500   1.8711617e-21
 105616.0468750   1.8475055e-21
 105949.7500000   1.8329902e-21
 106283.4453125   1.8141694e-21
 106617.1484375   1.7991178e-21
 107117.6953125   1.7679279e-21
 107785.0937500   1.7302886e-21
 108452.5000000   1.6980307e-21
 109119.8984375   1.6630769e-21
 109787.2968750   1.6232867e-21
 110454.6953125   1.5964065e-21
 111122.0937500   1.5722070e-21
 111789.5000000   1.5593067e-21
 112456.8984375   1.5189742e-21
 113124.2968750   1.4990856e-21
 113791.6953125   1.4813365e-21
 114459.0937500   1.4727349e-21
 115126.5000000   1.4436990e-21
 115793.8984375   1.4152044e-21
 116461.2968750   1.3738004e-21
 117128.6953125   1.3603575e-21
 117796.0937500   1.3280958e-21
 118463.5000000   1.2856214e-21
 119130.8984375   1.2721752e-21
 119798.2968750   1.2383012e-21
 120465.6953125   1.2221734e-21
 121133.0937500   1.1839963e-21
 121800.5000000   1.1544203e-21
 122467.8984375   1.1307660e-21
 123135.2968750   1.0952758e-21
 123802.6953125   1.0667770e-21
 124470.0937500   1.0452721e-21
 125137.4921875   1.0119361e-21
 125804.8984375   9.9902860e-22
 126472.2968750   9.7913426e-22
 127139.6953125   9.6031489e-22
 127807.0937500   9.4364587e-22
 128474.4921875   9.2805666e-22
 129141.8984375   9.0815869e-22
 129809.2968750   8.9203058e-22
 130476.6953125   8.7590036e-22
 131144.0937500   8.6353253e-22
 131811.5000000   8.4632537e-22
 132478.8906250   8.3342289e-22
 133146.2968750   8.1567930e-22
 133813.7031250   8.0384750e-22
 134481.0937500   7.9255631e-22
 135148.5000000   7.7857689e-22
 135815.8906250   7.6997378e-22
 136483.2968750   7.6083390e-22
 137150.7031250   7.5276728e-22
 137818.0937500   7.4039965e-22
 138485.5000000   7.2265647e-22
 139152.8906250   7.1351719e-22
 139820.2968750   7.0760041e-22
 140487.7031250   6.9308330e-22
 141155.0937500   6.8878341e-22
 141822.5000000   6.7695247e-22
 142489.8906250   6.6888746e-22
 143157.2968750   6.3608876e-22
 143824.7031250   6.0544057e-22
 144492.0937500   6.0544057e-22
 145159.5000000   5.7371594e-22
 145826.8906250   5.5758683e-22
 146494.2968750   5.4521991e-22
 147161.6875000   5.2419547e-22
 147829.0937500   5.2037865e-22
 148496.5000000   5.0758032e-22
 149163.8906250   4.9037497e-22
 149831.2968750   4.9333220e-22
 150498.6875000   4.8058870e-22
 151166.0937500   4.6289747e-22
 151833.5000000   4.5644547e-22
 152500.8906250   4.4622966e-22
 153168.2968750   4.3149788e-22
 153835.6875000   4.3440139e-22
 154503.0937500   4.2520708e-22
 155170.5000000   4.1896935e-22
 155837.8906250   4.1450546e-22
 156505.2968750   4.0563430e-22
 157172.6875000   3.9858986e-22
 157840.0937500   4.0192450e-22
 158507.5000000   3.9299796e-22
 159174.8906250   3.8724465e-22
 159842.2968750   3.8133097e-22
 160509.6875000   3.7278156e-22
 161177.0937500   3.7369459e-22
 161844.5000000   3.6605999e-22
 162511.8906250   3.5933967e-22
 163179.2968750   3.5584382e-22
 163846.6875000   3.4944607e-22
 164514.0937500   3.4535868e-22
 165181.5000000   3.3750903e-22
 165848.8906250   3.3465885e-22
 166516.2968750   3.2992763e-22
 167183.6875000   3.2729236e-22
 167851.0937500   3.2239897e-22
 168518.5000000   3.1476416e-22
 169185.8906250   3.1175394e-22
 169853.2968750   3.0863427e-22
 170520.6875000   3.0406392e-22
 171188.0937500   2.9997727e-22
 171855.5000000   2.9626803e-22
 172522.8906250   2.9556886e-22
 173190.2968750   2.9035299e-22
 173857.6875000   2.8599808e-22
 174525.0937500   2.8175055e-22
 175192.5000000   2.7949150e-22
 175859.8906250   2.7873884e-22
 176527.2968750   2.7239385e-22
 177194.6875000   2.6814690e-22
 177862.0937500   2.6583459e-22
 178529.5000000   2.6196359e-22
 179196.8906250   2.5895176e-22
 179864.2968750   2.5604878e-22
 180531.6875000   2.5330624e-22
 181199.0937500   2.4954205e-22
 181866.5000000   2.4819876e-22
 182533.8906250   2.4389699e-22
 183201.2968750   2.4201478e-22
 183868.6875000   2.3808983e-22
 184536.0937500   2.3889634e-22
 185203.5000000   2.3244338e-22
 185870.8906250   2.3249750e-22
 186538.2968750   2.2792766e-22
 187205.6875000   2.2674455e-22
 187873.0937500   2.2206631e-22
 188540.5000000   2.2115240e-22
 189207.8906250   2.1797991e-22
 189875.2968750   2.1394710e-22
 190542.6875000   2.1265716e-22
 191210.0937500   2.1029072e-22
 191877.5000000   2.0733413e-22
 192544.8906250   2.0442988e-22
 193212.2968750   2.0362344e-22
 193879.6875000   2.0082762e-22
 194547.0937500   1.9899965e-22
 195214.5000000   1.9668755e-22
 195881.8906250   1.9394523e-22
 196549.2968750   1.9157906e-22
 197216.6875000   1.8867580e-22
 197884.0937500   1.8690180e-22
 198551.5000000   1.8426678e-22
 199218.8906250   1.8303033e-22
 199886.2968750   1.8066399e-22
 200553.6875000   1.7824446e-22
 201221.0937500   1.7636240e-22
 201888.5000000   1.7426585e-22
 202555.8906250   1.7270619e-22
 203223.2968750   1.7055572e-22
 203890.6875000   1.6818954e-22
 204558.0937500   1.6641511e-22
 205225.5000000   1.6458709e-22
 205892.8906250   1.6281276e-22
 206560.2968750   1.6039332e-22
 207227.6875000   1.5867256e-22
 207895.0937500   1.5657574e-22
 208562.5000000   1.5474771e-22
 209229.8906250   1.5275775e-22
 209897.2968750   1.5071460e-22
 210564.6875000   1.4883272e-22
 211232.0937500   1.4764976e-22
 211899.5000000   1.4609074e-22
 212566.8906250   1.4501553e-22
 213234.2968750   1.4286433e-22
 214235.3906250   1.4001507e-22
 215570.1875000   1.3657332e-22
 216905.0000000   1.3372380e-22
 218239.7968750   1.3071251e-22
 219574.5937500   1.2748655e-22
 220909.3906250   1.2436805e-22
 222244.1875000   1.2200229e-22
 223579.0000000   1.1958276e-22
 224913.7968750   1.1684013e-22
 226248.5937500   1.1409825e-22
 227583.3906250   1.1178588e-22
 228918.1875000   1.0952758e-22
 230253.0000000   1.0667771e-22
 231587.7968750   1.0436573e-22
 232922.5937500   1.0216127e-22
 234257.3906250   1.0006444e-22
 235592.1875000   9.7967191e-23
 236927.0000000   9.5924003e-23
 238261.7968750   9.3988214e-23
 239596.5937500   9.2160266e-23
 240931.3906250   9.0439735e-23
 242266.1875000   8.8718977e-23
 243601.0000000   8.6890807e-23
 244935.7968750   8.5009153e-23
 246270.5937500   8.3234746e-23
 247605.3906250   8.1513849e-23
 248940.1875000   7.9954846e-23
 250274.9843750   7.8395356e-23
 251609.7968750   7.7051169e-23
 252944.5937500   7.5276724e-23
 254279.3906250   7.3825011e-23
 255614.1875000   7.2158142e-23
 256948.9843750   7.0921511e-23
 258283.7968750   6.9684653e-23
 259618.5937500   6.8394228e-23
 260953.3906250   6.6996347e-23
 262288.1875000   6.5598221e-23
 263623.0000000   6.4361697e-23
 264957.7812500   6.3340141e-23
 266292.5937500   6.2157102e-23
 267627.4062500   6.1028053e-23
 268962.1875000   5.9791226e-23
 270297.0000000   5.8715977e-23
 271631.7812500   5.7586676e-23
 272966.5937500   5.6511345e-23
 274301.4062500   5.5382106e-23
 275636.1875000   5.4360601e-23
 276971.0000000   5.3403409e-23
 278305.7812500   5.2446493e-23
 279640.5937500   5.1602270e-23
 280975.4062500   5.0688084e-23
 282310.1875000   4.9774138e-23
 283645.0000000   4.8886972e-23
 284979.7812500   4.8107231e-23
 286314.5937500   4.7311447e-23
 287649.4062500   4.6515751e-23
 288984.1875000   4.5730630e-23
 290319.0000000   4.4951055e-23
 291653.7812500   4.4257407e-23
 292988.5937500   4.3606817e-23
 294323.3750000   4.3009971e-23
 295658.1875000   4.2321734e-23
 296993.0000000   4.1681836e-23
 298327.7812500   4.0950599e-23
 299662.5937500   4.0235368e-23
 300997.3750000   3.9638676e-23
 302332.1875000   3.8891152e-23
 303667.0000000   3.8192262e-23
 305001.7812500   3.7520099e-23
 306336.5937500   3.6912575e-23
 307671.3750000   3.6407032e-23
 309006.1875000   3.5998415e-23
 310341.0000000   3.5493074e-23
 311675.7812500   3.4826328e-23
 313010.5937500   3.4224074e-23
 314345.3750000   3.3637995e-23
 315680.1875000   3.3121830e-23
 317015.0000000   3.2756127e-23
 318349.7812500   3.2277585e-23
 319684.5937500   3.1734593e-23
 321019.3750000   3.1282926e-23
 322354.1875000   3.0723725e-23
 323689.0000000   3.0175182e-23
 325023.7812500   2.9825767e-23
 326358.5937500   2.9460077e-23
 327693.3750000   2.9019233e-23
 329028.1875000   2.8658903e-23
 330363.0000000   2.8277202e-23
 331697.7812500   2.7777099e-23
 333032.5937500   2.7260925e-23
 334367.3750000   2.6787735e-23
 667400.0000000   1.5781218e-24
1334800.0000000   1.0097829e-25
2002199.8750000   2.0029032e-26
2669600.0000000   6.3340142e-27
3337000.0000000   2.5916679e-27
4004399.7500000   1.2474440e-27
4671800.0000000   6.7211484e-28
5339200.0000000   3.9316023e-28
