    323.6869812   2.1691095e-23
    334.3580017   2.4698703e-23
    341.4719849   2.6345733e-23
    348.5859985   1.4261210e-22
    355.6999817   3.9290072e-22
    362.8139954   4.2591476e-22
    369.9279785   4.0450932e-22
    377.0419922   4.1140172e-22
    384.1560059   4.1974597e-22
    391.2699890   4.7888138e-22
    405.4979858   4.9701978e-22
    419.7259827   4.8250827e-22
    430.3970032   6.1093660e-22
    444.6250000   6.3415481e-22
    451.7389832   6.4757700e-22
    455.2959900   6.5809922e-22
    465.9669800   6.3451695e-22
    469.5239868   6.5628376e-22
    476.6380005   6.2726039e-22
    487.3089905   6.9728024e-22
    497.9799805   6.9873018e-22
    508.6510010   8.8266462e-22
    522.8789673   1.0985259e-21
    537.1069946   9.8352017e-22
    551.3349609   1.1097711e-21
    565.5629883   1.1141224e-21
    576.2340088   1.1159391e-21
    590.4619751   1.1228315e-21
    604.6900024   1.1221070e-21
    615.3609619   9.2293384e-22
    629.5889893   1.1304515e-21
    640.2600098   1.1322652e-21
    647.3739624   1.1322652e-21
    661.6019897   1.1340765e-21
    679.3869629   1.1351679e-21
    690.0579834   1.1420587e-21
    704.2860107   1.1391583e-21
    718.5139771   1.1431477e-21
    729.1849976   1.1420587e-21
    746.9699707   1.1072299e-21
    768.3120117   1.1409709e-21
    782.5399780   1.1453235e-21
    793.2109985   1.1315394e-21
    807.4389648   1.1478615e-21
    818.1099854   1.4380964e-21
    832.3379517   2.1502441e-21
    853.6799927   2.3436194e-21
    875.0219727   2.1865267e-21
    896.3639526   2.2580013e-21
    914.1489868   2.0717451e-21
    924.8200073   2.1243095e-21
    939.0479736   2.5927570e-21
    956.8330078   2.5735164e-21
    974.6179810   2.5279019e-21
    992.4029541   2.1162638e-21
   1010.1879883   2.4301773e-21
   1031.5300293   2.4239948e-21
   1052.8719482   2.1519069e-21
   1070.6569824   1.9097143e-21
   1095.5560303   1.9715947e-21
   1131.1259766   1.8307268e-21
   1166.6959229   1.7866663e-21
   1202.2659912   1.5976736e-21
   1237.8359375   1.4262339e-21
   1269.8489990   1.8219996e-21
   1301.8619385   2.6405273e-21
   1333.8750000   2.4815479e-21
   1369.4449463   1.8744981e-21
   1405.0150146   2.6528369e-21
   1440.5849609   3.1349719e-21
   1472.5980225   2.9882627e-21
   1501.0539551   2.6165962e-21
   1529.5100098   2.4137645e-21
   1568.6369629   2.6937995e-21
   1604.2069092   2.6405156e-21
   1636.2199707   2.2434903e-21
   1671.7899170   2.2055941e-21
   1707.3599854   2.4005603e-21
   1742.9299316   1.9664925e-21
   1778.5000000   2.3592752e-21
   1799.8419189   1.9981469e-21
   1821.1839600   3.0992281e-21
   1849.6400146   2.8880353e-21
   1885.2099609   2.6031055e-21
   1920.7799072   2.0956665e-21
   1956.3499756   1.9942107e-21
   1991.9199219   2.5814063e-21
   2027.4899902   2.8517233e-21
   2063.0600586   2.7548170e-21
   2098.6298828   2.7800611e-21
   2134.1999512   2.3147117e-21
   2169.7700195   2.2390412e-21
   2205.3398438   2.8411225e-21
   2240.9099121   2.6780754e-21
   2276.4799805   2.9699324e-21
   2312.0500488   2.8784494e-21
   2340.5058594   2.6612969e-21
   2365.4050293   3.0380318e-21
   2400.9748535   3.2478746e-21
   2436.5449219   2.8343055e-21
   2472.1149902   3.3723293e-21
   2507.6850586   2.7939657e-21
   2546.8120117   3.7086550e-21
   2582.3818359   3.8822321e-21
   2614.3950195   4.0370360e-21
   2649.9648438   4.0696842e-21
   2685.5349121   4.2344539e-21
   2721.1049805   3.9976031e-21
   2756.6750488   4.7178581e-21
   2792.2448730   4.5875190e-21
   2827.8149414   5.2680266e-21
   2863.3850098   5.8837208e-21
   2898.9548340   6.5968498e-21
   2934.5249023   7.5150756e-21
   2970.0949707   6.7218470e-21
   3005.6650391   9.3882043e-21
   3041.2348633   1.0493780e-20
   3076.8049316   1.2434437e-20
   3112.3750000   1.4351246e-20
   3147.9448242   1.6600680e-20
   3183.5148926   1.9323585e-20
   3219.0849609   2.2129586e-20
   3254.6550293   2.5047937e-20
   3290.2248535   7.4802376e-20
   3325.7949219   1.3074618e-19
   3361.3649902   1.8638510e-19
   3396.9348145   2.3524983e-19
   3432.5048828   2.5718555e-19
   3468.0749512   1.1513907e-19
   3503.6450195   2.3095937e-19
   3539.2148438   2.2781523e-19
   3574.7849121   2.8964949e-19
   3610.3549805   3.0251435e-19
   3645.9248047   2.1655400e-19
   3681.4948730   3.1630048e-19
   3717.0649414   4.3766959e-19
   3752.6350098   4.2703297e-19
   3788.2048340   3.6502718e-19
   3823.7749023   4.0557312e-19
   3859.3449707   3.5886913e-19
   3894.9147949   4.2398505e-19
   3930.4848633   4.0852452e-19
   3966.0549316   4.0216929e-19
   4001.6250000   3.5738281e-19
   4037.1948242   4.2831394e-19
   4072.7648926   4.0896259e-19
   4108.3349609   4.1481257e-19
   4143.9047852   4.1239123e-19
   4179.4750977   2.8412599e-19
   4215.0449219   3.9799976e-19
   4250.6147461   3.4046072e-19
   4286.1850586   2.9138600e-19
   4321.7548828   2.3806646e-19
   4357.3247070   4.4843917e-19
   4392.8950195   5.4776795e-19
   4428.4648438   5.7067940e-19
   4464.0346680   5.5891731e-19
   4499.6049805   5.3844903e-19
   4535.1748047   6.2900385e-19
   4570.7451172   6.4821719e-19
   4606.3149414   5.6009676e-19
   4641.8847656   5.6588501e-19
   4677.4550781   6.5309223e-19
   4713.0249023   6.3067186e-19
   4748.5947266   5.9392281e-19
   4784.1650391   6.5380966e-19
   4819.7348633   6.4213374e-19
   4855.3046875   5.9954956e-19
   4890.8750000   6.0603284e-19
   4926.4448242   6.0523492e-19
   4962.0146484   4.7205734e-19
   4997.5849609   4.6714674e-19
   5033.1547852   5.7753497e-19
   5068.7250977   5.6959766e-19
   5104.2949219   5.9085542e-19
   5129.1938477   6.0541835e-19
   5146.9790039   6.0897838e-19
   5175.4350586   5.9259142e-19
   5211.0048828   5.6324930e-19
   5246.5747070   5.7238877e-19
   5282.1450195   5.8274021e-19
   5317.7148438   5.8387764e-19
   5353.2846680   5.5628718e-19
   5378.1840820   5.1181480e-19
   5395.9687500   5.3334186e-19
   5424.4248047   5.2620836e-19
   5459.9951172   4.5681380e-19
   5495.5649414   4.3049211e-19
   5531.1347656   4.2413774e-19
   5566.7050781   4.6338084e-19
   5602.2749023   4.9139176e-19
   5637.8447266   5.0418028e-19
   5673.4150391   5.0837156e-19
   5708.9848633   4.9800083e-19
   5744.5546875   4.9312564e-19
   5780.1250000   4.8286865e-19
   5815.6948242   5.0782484e-19
   5851.2646484   5.1136316e-19
   5886.8349609   4.9713327e-19
   5922.4047852   5.1972688e-19
   5947.3037109   4.7824243e-19
   5965.0888672   5.3662179e-19
   5993.5449219   5.3777550e-19
   6029.1147461   5.1271922e-19
   6064.6850586   4.9905394e-19
   6100.2548828   4.7322594e-19
   6135.8247070   4.6636572e-19
   6171.3950195   4.9081806e-19
   6206.9648438   4.8188353e-19
   6242.5346680   4.9606244e-19
   6278.1049805   4.7461421e-19
   6313.6748047   4.6949970e-19
   6349.2446289   4.8081807e-19
   6384.8149414   4.9624979e-19
   6420.3847656   4.9753957e-19
   6455.9550781   4.6225882e-19
   6491.5249023   4.7148132e-19
   6527.0947266   4.5998056e-19
   6562.6650391   4.2909720e-19
   6598.2348633   4.2947427e-19
   6633.8046875   4.3628592e-19
   6669.3750000   4.5685992e-19
   6704.9448242   4.2109751e-19
   6740.5146484   4.0305518e-19
   6776.0849609   4.2675359e-19
   6811.6547852   4.0756223e-19
   6847.2246094   3.9296285e-19
   6882.7949219   4.1235140e-19
   6918.3647461   4.2116596e-19
   6953.9350586   3.8859679e-19
   6996.6186523   4.1899815e-19
   7028.6318359   4.3024453e-19
   7057.0878906   4.0833081e-19
   7096.2148438   3.9832851e-19
   7131.7846680   4.1062554e-19
   7167.3549805   4.0127834e-19
   7202.9248047   4.1475247e-19
   7238.4946289   3.8940313e-19
   7274.0649414   3.9747047e-19
   7309.6347656   3.5961700e-19
   7345.2050781   3.7274661e-19
   7377.2177734   4.0654500e-19
   7391.4458008   3.8138899e-19
   7416.3447266   3.9383878e-19
   7451.9150391   3.7476397e-19
   7487.4848633   3.8064267e-19
   7523.0546875   3.8391823e-19
   7558.6250000   3.8588418e-19
   7594.1948242   3.7112619e-19
   7629.7646484   3.6757701e-19
   7665.3349609   3.7900958e-19
   7700.9047852   3.7032677e-19
   7736.4746094   3.6882376e-19
   7772.0449219   3.5962807e-19
   7807.6147461   3.7095835e-19
   7843.1850586   3.6497589e-19
   7878.7548828   3.5391377e-19
   7914.3247070   3.4624356e-19
   7949.8950195   3.5500969e-19
   7985.4648438   3.4796004e-19
   8021.0346680   3.3855365e-19
   8056.6049805   3.4504888e-19
   8092.1748047   3.4818322e-19
   8127.7446289   3.5029525e-19
   8163.3149414   3.3153942e-19
   8198.8847656   3.3553253e-19
   8234.4550781   3.2616685e-19
   8270.0244141   2.8065344e-19
   8305.5947266   3.1310368e-19
   8341.1650391   3.1034914e-19
   8376.7343750   3.1698885e-19
   8412.3046875   3.0519664e-19
   8447.8750000   3.0498496e-19
   8483.4443359   2.9248734e-19
   8519.0146484   3.0149175e-19
   8554.5849609   2.9296044e-19
   8590.1552734   2.9457574e-19
   8625.7246094   2.9959500e-19
   8661.2949219   2.8951722e-19
   8696.8652344   2.9667644e-19
   8732.4345703   2.9253617e-19
   8768.0048828   2.8997406e-19
   8803.5751953   2.8317673e-19
   8839.1445312   2.8516734e-19
   8874.7148438   2.5070498e-19
   8910.2851562   2.8357000e-19
   8938.7412109   2.6665036e-19
   8956.5253906   2.7636270e-19
   8981.4248047   2.6994724e-19
   9016.9951172   2.7005632e-19
   9052.5644531   2.6403649e-19
   9088.1347656   2.7073441e-19
   9123.7050781   2.6757240e-19
   9159.2744141   2.7366084e-19
   9194.8447266   2.7114851e-19
   9230.4150391   2.6840568e-19
   9265.9843750   2.6320520e-19
   9301.5546875   2.6020424e-19
   9337.1250000   2.6323064e-19
   9372.6943359   2.6357769e-19
   9408.2646484   2.7024973e-19
   9443.8349609   2.6949829e-19
   9479.4052734   2.5717425e-19
   9514.9746094   2.6115105e-19
   9550.5449219   2.5987536e-19
   9586.1152344   2.5262592e-19
   9621.6845703   2.5336483e-19
   9657.2548828   2.4835103e-19
   9692.8251953   2.4811011e-19
   9728.3945312   2.5121418e-19
   9763.9648438   2.3740554e-19
   9799.5351562   2.3724398e-19
   9835.1044922   2.3894319e-19
   9870.6748047   2.4346534e-19
   9906.2451172   2.3886345e-19
   9941.8144531   2.1622519e-19
   9977.3847656   2.2360832e-19
  10012.9550781   2.3759745e-19
  10048.5244141   2.3733466e-19
  10084.0947266   2.2857288e-19
  10119.6650391   2.2672726e-19
  10155.2343750   2.2421211e-19
  10190.8046875   2.2878779e-19
  10226.3750000   2.2554542e-19
  10261.9443359   2.2501016e-19
  10297.5146484   2.2201233e-19
  10350.8701172   2.2584476e-19
  10422.0097656   2.2145044e-19
  10493.1494141   2.1753105e-19
  10564.2900391   2.1685093e-19
  10635.4296875   2.1464229e-19
  10706.5693359   2.1289231e-19
  10777.7099609   2.1159943e-19
  10848.8496094   2.0938082e-19
  10919.9902344   2.0725642e-19
  10991.1298828   2.0486100e-19
  11062.2695312   2.0255906e-19
  11133.4101562   1.9923722e-19
  11204.5498047   1.9793857e-19
  11275.6894531   1.9467457e-19
  11346.8300781   1.8906538e-19
  11417.9697266   1.8886619e-19
  11489.1093750   1.8497596e-19
  11560.2500000   1.8466590e-19
  11631.3896484   1.8291194e-19
  11702.5292969   1.8056377e-19
  11773.6699219   1.7840867e-19
  11844.8095703   1.7513794e-19
  11915.9501953   1.7175590e-19
  11987.0898438   1.6838144e-19
  12058.2294922   1.6648429e-19
  12129.3701172   1.6493417e-19
  12200.5097656   1.6196381e-19
  12271.6494141   1.5994077e-19
  12342.7900391   1.5801861e-19
  12413.9296875   1.5641123e-19
  12485.0693359   1.5539515e-19
  12556.2099609   1.5284543e-19
  12627.3496094   1.5189586e-19
  12698.4892578   1.4744606e-19
  12769.6298828   1.4491154e-19
  12840.7695312   1.4430820e-19
  12911.9101562   1.4330273e-19
  12947.4794922   1.4278634e-19
  12983.0498047   1.4389303e-19
  13054.1894531   1.4112859e-19
  13125.3300781   1.3377704e-19
  13196.4697266   1.3924954e-19
  13267.6093750   1.3728995e-19
  13338.7500000   1.5547569e-19
  13409.8896484   1.5838129e-19
  13481.0292969   1.7381843e-19
  13552.1699219   1.8764338e-19
  13623.3095703   1.5872389e-19
  13694.4492188   1.9270532e-19
  13765.5898438   2.0150761e-19
  13836.7294922   1.5057014e-19
  13907.8701172   2.0214579e-19
  13979.0097656   1.8723507e-19
  14050.1494141   1.9461130e-19
  14121.2900391   1.3785367e-19
  14192.4296875   1.9526197e-19
  14263.5693359   2.0415951e-19
  14334.7099609   2.0044666e-19
  14405.8496094   2.0062543e-19
  14476.9892578   1.9339207e-19
  14548.1298828   1.7535345e-19
  14619.2695312   1.4979251e-19
  14690.4101562   1.8582685e-19
  14761.5498047   1.8935954e-19
  14832.6894531   1.8832699e-19
  14903.8300781   1.8699759e-19
  14974.9697266   1.8635481e-19
  15046.1093750   1.8363553e-19
  15117.2500000   1.8237691e-19
  15188.3896484   1.7721618e-19
  15259.5292969   1.7608428e-19
  15330.6699219   1.6781004e-19
  15401.8095703   1.5169853e-19
  15472.9492188   1.3728695e-19
  15544.0898438   1.7017909e-19
  15615.2294922   1.6787786e-19
  15686.3701172   1.6867453e-19
  15757.5097656   1.6850721e-19
  15828.6494141   1.6835557e-19
  15899.7900391   1.6611764e-19
  15970.9296875   1.6609212e-19
  16042.0693359   1.6972975e-19
  16113.2099609   1.6364480e-19
  16184.3496094   1.6210330e-19
  16255.4892578   1.6475751e-19
  16326.6298828   1.6051710e-19
  16397.7695312   1.6077037e-19
  16468.9101562   1.5704794e-19
  16540.0488281   1.5647375e-19
  16611.1894531   1.5673166e-19
  16682.3300781   1.5399289e-19
  16753.4687500   1.4983922e-19
  16824.6093750   1.5241307e-19
  16895.7500000   1.5238898e-19
  16966.8886719   1.5159929e-19
  17038.0292969   1.4954339e-19
  17109.1699219   1.4680120e-19
  17180.3105469   1.4475507e-19
  17251.4492188   1.2826248e-19
  17322.5898438   1.1192817e-19
  17393.7304688   1.3873494e-19
  17464.8691406   1.4020316e-19
  17536.0097656   1.3761291e-19
  17607.1503906   1.3984893e-19
  17678.2890625   1.3816703e-19
  17749.4296875   1.3391988e-19
  17820.5703125   1.2924242e-19
  17891.7089844   1.3170808e-19
  17962.8496094   1.2984834e-19
  18033.9902344   1.3195763e-19
  18105.1289062   1.2865289e-19
  18176.2695312   1.2839323e-19
  18247.4101562   1.2576132e-19
  18318.5488281   1.2330081e-19
  18389.6894531   1.2008096e-19
  18460.8300781   1.2028523e-19
  18531.9687500   1.2082049e-19
  18603.1093750   1.2132511e-19
  18674.2500000   1.2228265e-19
  18745.3886719   1.1673430e-19
  18816.5292969   1.2113983e-19
  18887.6699219   1.2173289e-19
  18958.8105469   1.1667587e-19
  19029.9492188   1.1939052e-19
  19101.0898438   1.1857793e-19
  19172.2304688   1.1642300e-19
  19243.3691406   1.1480985e-19
  19314.5097656   1.1459727e-19
  19385.6503906   1.1533088e-19
  19456.7890625   1.1288193e-19
  19527.9296875   1.1226541e-19
  19599.0703125   1.1130806e-19
  19670.2089844   1.1160715e-19
  19741.3496094   1.1172044e-19
  19812.4902344   1.1038796e-19
  19883.6289062   1.0840472e-19
  19954.7695312   1.0928285e-19
  20025.9101562   1.0778614e-19
  20097.0488281   1.0733595e-19
  20168.1894531   1.0580176e-19
  20239.3300781   1.0664569e-19
  20310.4687500   1.0485855e-19
  20381.6093750   1.0768536e-19
  20452.7500000   1.0487053e-19
  20523.8886719   1.0502954e-19
  20595.0292969   1.0267118e-19
  20666.1699219   1.0388495e-19
  20737.3085938   1.0454036e-19
  20808.4492188   1.0245272e-19
  20879.5898438   1.0110905e-19
  20950.7304688   9.7139729e-20
  21021.8691406   9.9913240e-20
  21093.0097656   9.9499856e-20
  21164.1503906   9.8772325e-20
  21235.2890625   9.9233659e-20
  21306.4296875   9.7593431e-20
  21377.5703125   9.6703430e-20
  21448.7089844   9.7444390e-20
  21519.8496094   9.7620437e-20
  21590.9902344   9.7260536e-20
  21662.1289062   9.5010256e-20
  21733.2695312   9.4709886e-20
  21804.4101562   9.1979376e-20
  21875.5488281   9.1769556e-20
  21946.6894531   8.9978839e-20
  22017.8300781   9.1505149e-20
  22088.9687500   9.0627666e-20
  22160.1093750   8.8640565e-20
  22231.2500000   8.6459373e-20
  22302.3886719   8.8556128e-20
  22373.5292969   8.9099947e-20
  22444.6699219   8.7547988e-20
  22515.8085938   8.7995913e-20
  22586.9492188   8.7107689e-20
  22658.0898438   8.6695120e-20
  22729.2304688   8.7396627e-20
  22800.3691406   8.6217837e-20
  22871.5097656   8.6312549e-20
  22942.6503906   8.5768794e-20
  23013.7890625   8.5446956e-20
  23084.9296875   8.3781816e-20
  23156.0703125   8.4545471e-20
  23227.2089844   8.3516568e-20
  23298.3496094   7.9153236e-20
  23369.4902344   7.0966894e-20
  23440.6289062   8.1285287e-20
  23511.7695312   8.2657961e-20
  23582.9101562   8.2071956e-20
  23654.0488281   8.1516950e-20
  23725.1894531   7.9995823e-20
  23796.3300781   8.0628946e-20
  23867.4687500   7.8814331e-20
  23938.6093750   7.9608192e-20
  24009.7500000   7.8499285e-20
  24080.8886719   7.8712291e-20
  24152.0292969   7.7762235e-20
  24223.1699219   7.7812447e-20
  24294.3085938   7.7862705e-20
  24365.4492188   7.6585809e-20
  24436.5898438   7.7120453e-20
  24507.7285156   7.7493582e-20
  24578.8691406   7.7023304e-20
  24650.0097656   7.6260243e-20
  24721.1503906   7.5495786e-20
  24792.2890625   7.5704959e-20
  24863.4296875   7.5328863e-20
  24934.5703125   7.4074004e-20
  25005.7089844   7.4411804e-20
  25076.8496094   7.4033350e-20
  25147.9902344   7.2415818e-20
  25219.1289062   7.1154774e-20
  25290.2695312   6.9696183e-20
  25361.4101562   6.8659875e-20
  25432.5488281   6.8471665e-20
  25503.6894531   6.8674958e-20
  25574.8300781   6.7962658e-20
  25645.9687500   6.8852834e-20
  25717.1093750   6.9416364e-20
  25788.2500000   6.9390456e-20
  25859.3886719   6.9167731e-20
  25930.5292969   6.8222833e-20
  26001.6699219   6.9180191e-20
  26072.8085938   6.8989041e-20
  26143.9492188   6.8895783e-20
  26215.0898438   6.9986039e-20
  26286.2285156   6.8478586e-20
  26357.3691406   6.8450327e-20
  26428.5097656   6.8849810e-20
  26499.6503906   6.8590553e-20
  26570.7890625   6.8693356e-20
  26641.9296875   6.8202457e-20
  26713.0703125   6.8668017e-20
  26784.2089844   6.8935429e-20
  26855.3496094   6.8971774e-20
  26926.4902344   6.8313978e-20
  26997.6289062   6.7357653e-20
  27068.7695312   6.6962416e-20
  27139.9101562   6.6500533e-20
  27211.0488281   6.5607339e-20
  27282.1894531   6.4050572e-20
  27353.3300781   6.4978204e-20
  27424.4687500   6.3850324e-20
  27495.6093750   6.3849199e-20
  27566.7500000   6.3449464e-20
  27637.8886719   6.3414916e-20
  27709.0292969   6.3878370e-20
  27780.1699219   6.3610732e-20
  27851.3085938   6.3276099e-20
  27922.4492188   6.2508236e-20
  27993.5898438   6.2238956e-20
  28064.7285156   6.0802971e-20
  28135.8691406   5.9799013e-20
  28207.0097656   6.0194515e-20
  28278.1484375   5.9355773e-20
  28349.2890625   6.0385425e-20
  28420.4296875   6.0313868e-20
  28491.5703125   6.0776533e-20
  28562.7089844   6.0504094e-20
  28633.8496094   6.0030571e-20
  28704.9902344   5.9690645e-20
  28776.1289062   5.8680315e-20
  28847.2695312   5.8405969e-20
  28918.4101562   5.9136170e-20
  28989.5488281   5.9230255e-20
  29060.6894531   5.9223495e-20
  29131.8300781   5.8109438e-20
  29202.9687500   5.7934121e-20
  29274.1093750   5.8060712e-20
  29345.2500000   5.8086729e-20
  29416.3886719   5.8280419e-20
  29487.5292969   5.7936409e-20
  29558.6699219   5.6279676e-20
  29629.8085938   5.6236934e-20
  29700.9492188   5.6025667e-20
  29772.0898438   5.6083524e-20
  29843.2285156   5.5164274e-20
  29914.3691406   5.5929546e-20
  29985.5097656   5.4806874e-20
  30056.6484375   5.4391326e-20
  30127.7890625   5.3941950e-20
  30198.9296875   5.4808800e-20
  30270.0683594   5.2264302e-20
  30341.2089844   5.4888532e-20
  30412.3496094   5.0211421e-20
  30483.4902344   5.5779658e-20
  30554.6289062   5.3670667e-20
  30625.7695312   5.3591290e-20
  30696.9101562   5.6220881e-20
  30768.0488281   5.5261268e-20
  30839.1894531   4.9385823e-20
  30910.3300781   5.4424297e-20
  30981.4687500   5.6142422e-20
  31052.6093750   5.5078823e-20
  31123.7500000   5.1162601e-20
  31194.8886719   5.4545375e-20
  31266.0292969   5.6061849e-20
  31337.1699219   5.4622329e-20
  31408.3085938   5.4983594e-20
  31479.4492188   5.3440401e-20
  31550.5898438   5.0534415e-20
  31621.7285156   5.3685993e-20
  31692.8691406   5.4728467e-20
  31764.0097656   5.3999785e-20
  31835.1484375   5.4225082e-20
  31906.2890625   5.3938632e-20
  31977.4296875   5.3106530e-20
  32048.5683594   4.9304986e-20
  32119.7089844   5.1405627e-20
  32190.8496094   5.3815117e-20
  32261.9902344   5.3664302e-20
  32333.1289062   5.2317351e-20
  32404.2695312   5.2610202e-20
  32475.4101562   5.3245251e-20
  32546.5488281   5.2888436e-20
  32617.6894531   5.2360109e-20
  32688.8300781   5.2105247e-20
  32759.9687500   4.9452890e-20
  32831.1093750   4.6627153e-20
  32902.2500000   4.8734483e-20
  32973.3906250   5.0054873e-20
  33044.5273438   5.0484280e-20
  33115.6679688   5.0399213e-20
  33186.8085938   5.0348332e-20
  33257.9492188   5.0057074e-20
  33329.0898438   4.9628249e-20
  33400.2304688   4.9954733e-20
  33471.3710938   4.8769170e-20
  33542.5078125   4.9748930e-20
  33613.6484375   4.8459158e-20
  33684.7890625   4.9335960e-20
  33755.9296875   4.9146300e-20
  33827.0703125   4.8371341e-20
  33898.2109375   4.7699018e-20
  33969.3476562   4.4683301e-20
  34040.4882812   4.7317610e-20
  34111.6289062   4.8402370e-20
  34182.7695312   4.8073789e-20
  34253.9101562   4.8055210e-20
  34325.0507812   4.7450169e-20
  34396.1875000   4.7396641e-20
  34467.3281250   4.7723113e-20
  34538.4687500   4.7427874e-20
  34609.6093750   4.7098045e-20
  34680.7500000   4.6525691e-20
  34751.8906250   4.6852130e-20
  34823.0273438   4.6175358e-20
  34894.1679688   4.7089983e-20
  34965.3085938   4.6862832e-20
  35036.4492188   4.6704828e-20
  35107.5898438   4.6165629e-20
  35178.7304688   4.5972408e-20
  35249.8710938   4.5813582e-20
  35321.0078125   4.6070836e-20
  35392.1484375   4.5981293e-20
  35463.2890625   4.5891719e-20
  35534.4296875   4.5697835e-20
  35658.9257812   4.4338277e-20
  35836.7734375   4.3264906e-20
  36014.6250000   4.4276390e-20
  36192.4726562   4.3584156e-20
  36370.3242188   4.3517597e-20
  36548.1757812   4.3484358e-20
  36726.0234375   4.3032388e-20
  36903.8750000   4.2474729e-20
  37081.7226562   4.2089412e-20
  37259.5742188   4.1670057e-20
  37437.4257812   4.1318528e-20
  37615.2734375   4.0966365e-20
  37793.1250000   4.0682542e-20
  37970.9726562   3.9871705e-20
  38148.8242188   3.9833723e-20
  38326.6757812   3.9617211e-20
  38504.5234375   3.8698220e-20
  38682.3750000   3.7883150e-20
  38860.2226562   3.6431448e-20
  39038.0742188   3.6317546e-20
  39215.9257812   3.6379804e-20
  39393.7734375   3.5806623e-20
  39571.6250000   3.5938018e-20
  39749.4726562   3.5857456e-20
  39927.3242188   3.5741421e-20
  40105.1757812   3.5207356e-20
  40283.0234375   3.4863766e-20
  40460.8750000   3.4409851e-20
  40638.7226562   3.3992137e-20
  40816.5742188   3.4275466e-20
  40994.4257812   3.4457488e-20
  41172.2734375   3.4083770e-20
  41350.1250000   3.3678743e-20
  41527.9726562   3.3333815e-20
  41705.8242188   3.3162970e-20
  41883.6757812   3.2899241e-20
  42061.5234375   3.2527995e-20
  42239.3750000   3.2095606e-20
  42417.2226562   3.2048564e-20
  42595.0742188   3.1117488e-20
  42772.9257812   3.1783921e-20
  42950.7734375   3.1017066e-20
  43128.6250000   3.1171242e-20
  43306.4726562   3.1092624e-20
  43484.3242188   3.0987246e-20
  43662.1757812   3.0668002e-20
  43840.0234375   3.0201256e-20
  44017.8750000   3.0240411e-20
  44195.7226562   2.9783704e-20
  44373.5742188   2.9437917e-20
  44551.4257812   2.9271482e-20
  44729.2734375   2.9047371e-20
  44907.1250000   2.9250531e-20
  45084.9726562   2.8516984e-20
  45262.8242188   2.8763516e-20
  45440.6757812   2.8378803e-20
  45618.5234375   2.7116519e-20
  45796.3750000   2.7720141e-20
  45974.2226562   2.7926041e-20
  46152.0742188   2.7760592e-20
  46329.9257812   2.7727815e-20
  46507.7734375   2.7572983e-20
  46685.6250000   2.7214229e-20
  46863.4726562   2.6978370e-20
  47041.3242188   2.6908907e-20
  47219.1757812   2.6443223e-20
  47397.0234375   2.6471340e-20
  47574.8750000   2.6070297e-20
  47752.7226562   2.6425227e-20
  47930.5742188   2.6274554e-20
  48108.4257812   2.6192753e-20
  48286.2734375   2.5539699e-20
  48464.1250000   2.5297345e-20
  48641.9726562   2.5513578e-20
  48819.8242188   2.5194451e-20
  48997.6757812   2.5275801e-20
  49175.5234375   2.5203415e-20
  49353.3750000   2.4915730e-20
  49531.2226562   2.4632190e-20
  49709.0742188   2.4216006e-20
  49886.9257812   2.4117407e-20
  50064.7734375   2.3737321e-20
  50242.6250000   2.3137462e-20
  50420.4726562   2.3180790e-20
  50598.3242188   2.3095430e-20
  50776.1757812   2.3028988e-20
  50954.0234375   2.3002707e-20
  51131.8750000   2.3144371e-20
  51309.7226562   2.2468528e-20
  51487.5742188   2.2592411e-20
  51665.4257812   2.2154285e-20
  51825.4882812   2.2478496e-20
  52003.3398438   2.2222792e-20
  52198.9726562   2.1987467e-20
  52376.8242188   2.1687286e-20
  52554.6757812   2.1703770e-20
  52732.5234375   2.1900440e-20
  52910.3750000   2.1846357e-20
  53088.2226562   2.2153701e-20
  53266.0742188   2.1823534e-20
  53443.9218750   2.1431074e-20
  53621.7734375   2.1494699e-20
  53799.6250000   2.1292878e-20
  53977.4726562   2.1636767e-20
  54155.3242188   2.1397967e-20
  54333.1718750   2.1683095e-20
  54511.0234375   2.1340719e-20
  54688.8750000   2.1171657e-20
  54866.7226562   2.1338095e-20
  55044.5742188   2.1245800e-20
  55222.4218750   2.0906379e-20
  55400.2734375   2.0193107e-20
  55578.1250000   2.0610365e-20
  55755.9726562   2.0555493e-20
  55933.8242188   2.0781971e-20
  56111.6718750   1.9432691e-20
  56289.5234375   1.9569895e-20
  56467.3750000   1.9468739e-20
  56645.2226562   1.9943596e-20
  56823.0742188   1.9734831e-20
  57089.8476562   1.9801334e-20
  57445.5468750   1.9814210e-20
  57801.2500000   1.9207415e-20
  58156.9492188   1.9751827e-20
  58512.6484375   1.9211210e-20
  58868.3476562   1.9093285e-20
  59224.0468750   1.8654643e-20
  59579.7500000   1.9140300e-20
  59935.4492188   1.8230883e-20
  60291.1484375   1.8461805e-20
  60646.8476562   1.8085107e-20
  61002.5468750   1.8069466e-20
  61358.2500000   1.7497497e-20
  61713.9492188   1.7140850e-20
  62069.6484375   1.7079682e-20
  62425.3476562   1.7048356e-20
  62781.0468750   1.6559539e-20
  63136.7500000   1.6107711e-20
  63492.4492188   1.6319765e-20
  63848.1484375   1.5261469e-20
  64203.8476562   1.5228994e-20
  64559.5468750   1.5052584e-20
  64915.2500000   1.4477223e-20
  65270.9492188   1.4173234e-20
  65626.6484375   1.4372630e-20
  65982.3515625   1.4244373e-20
  66338.0468750   1.3697497e-20
  66693.7500000   1.3248140e-20
  67049.4453125   1.3300258e-20
  67405.1484375   1.2879649e-20
  67760.8515625   1.3396283e-20
  68116.5468750   1.2817351e-20
  68472.2500000   1.2826924e-20
  68827.9453125   1.2674665e-20
  69183.6484375   1.1889291e-20
  69539.3515625   1.2084013e-20
  69895.0468750   1.1918985e-20
  70250.7500000   1.1656011e-20
  70606.4453125   1.1255520e-20
  70962.1484375   1.1427561e-20
  71317.8515625   1.1273280e-20
  71673.5468750   1.1376384e-20
  72029.2500000   1.0899095e-20
  72384.9453125   1.0649358e-20
  72740.6484375   1.0437428e-20
  73096.3515625   1.0251303e-20
  73452.0468750   1.0019974e-20
  73807.7500000   9.8487743e-21
  74163.4453125   1.0134423e-20
  74519.1484375   9.6703432e-21
  74874.8515625   9.6855168e-21
  75230.5468750   9.4261730e-21
  75586.2500000   9.4107434e-21
  75941.9453125   9.2814487e-21
  76297.6484375   9.0101424e-21
  76653.3515625   8.9678221e-21
  77009.0468750   8.7185386e-21
  77364.7500000   8.5155498e-21
  77720.4453125   8.4308906e-21
  78076.1484375   8.2237925e-21
  78431.8515625   7.9476499e-21
  78787.5468750   7.9387189e-21
  79143.2500000   7.9341533e-21
  79498.9453125   7.8299584e-21
  79854.6484375   7.8554814e-21
  80210.3515625   7.5633510e-21
  80566.0468750   7.4358876e-21
  80921.7500000   7.4311216e-21
  81277.4453125   7.2608169e-21
  81633.1484375   6.3729577e-21
  81988.8515625   6.9016008e-21
  82344.5468750   6.9768145e-21
  82700.2500000   5.9956272e-21
  83055.9453125   6.6361950e-21
  83411.6484375   6.2002963e-21
  83767.3515625   5.6328391e-21
  84123.0468750   6.0083851e-21
  84478.7500000   5.9144476e-21
  84834.4453125   5.2654121e-21
  85190.1484375   5.7876390e-21
  85545.8515625   5.5624568e-21
  85901.5468750   4.9746089e-21
  86257.2500000   5.1189349e-21
  86612.9453125   5.0012907e-21
  86968.6484375   4.8102087e-21
  87324.3515625   4.7538405e-21
  87680.0468750   4.7595431e-21
  88035.7500000   4.6029378e-21
  88391.4453125   4.1948978e-21
  88747.1484375   4.1730494e-21
  89102.8515625   4.2636395e-21
  89458.5468750   4.0601684e-21
  89814.2500000   4.1815070e-21
  90169.9453125   4.1908649e-21
  90525.6484375   4.1692391e-21
  90881.3515625   4.1824990e-21
  91237.0468750   4.1838400e-21
  91592.7500000   4.2475288e-21
  91948.4453125   4.1443926e-21
  92304.1484375   4.1496198e-21
  92659.8515625   4.2172491e-21
  93015.5468750   4.1101163e-21
  93371.2500000   4.1155895e-21
  93726.9453125   4.1907728e-21
  94082.6484375   4.0796156e-21
  94438.3515625   4.1045425e-21
  94794.0468750   4.1214496e-21
  95149.7500000   4.0451640e-21
  95505.4453125   3.9221112e-21
  95861.1484375   3.9353101e-21
  96216.8515625   3.9443772e-21
  96572.5468750   3.8804081e-21
  96928.2500000   4.0020476e-21
  97283.9453125   3.9018889e-21
  97639.6484375   3.9892901e-21
  97995.3515625   3.8557247e-21
  98351.0468750   3.7724428e-21
  98706.7500000   3.7674094e-21
  99062.4453125   3.8087511e-21
  99418.1484375   3.8090524e-21
  99773.8515625   3.7105287e-21
 100129.5468750   3.6368304e-21
 100485.2500000   3.6405859e-21
 100840.9453125   3.5158839e-21
 101196.6484375   3.3034906e-21
 101552.3515625   3.4275166e-21
 101908.0468750   3.4404562e-21
 102263.7500000   3.3346702e-21
 102619.4453125   3.2798109e-21
 102975.1484375   3.1783361e-21
 103330.8515625   3.2351474e-21
 103686.5468750   3.1250470e-21
 104042.2500000   3.0000581e-21
 104397.9453125   2.9757685e-21
 104753.6484375   2.9005431e-21
 105109.3515625   2.8378553e-21
 105465.0468750   2.7971086e-21
 105820.7500000   2.7559667e-21
 106176.4453125   2.7015004e-21
 106532.1484375   2.6729051e-21
 106887.8437500   2.6450887e-21
 107243.5468750   2.6145285e-21
 107599.2500000   2.5780865e-21
 107954.9453125   2.5302900e-21
 108310.6484375   2.5200980e-21
 108666.3437500   2.4985530e-21
 109022.0468750   2.4754303e-21
 109377.7500000   2.4558415e-21
 109733.4453125   2.4201867e-21
 110089.1484375   2.3931496e-21
 110444.8437500   2.3802255e-21
 110800.5468750   2.3453491e-21
 111156.2500000   2.3226240e-21
 111511.9453125   2.2959810e-21
 111867.6484375   2.2724764e-21
 112223.3437500   2.2458366e-21
 112579.0468750   2.2164504e-21
 112934.7500000   2.1992103e-21
 113290.4453125   2.1796140e-21
 113646.1484375   2.1643421e-21
 114179.6953125   2.1267272e-21
 114891.0937500   2.0824549e-21
 115602.5000000   2.0499329e-21
 116313.8984375   2.0099673e-21
 117025.2968750   1.9664753e-21
 117736.6953125   1.9343453e-21
 118448.0937500   1.9174965e-21
 119159.5000000   1.9214164e-21
 119870.8984375   1.8638263e-21
 120582.2968750   1.8532400e-21
 121293.6953125   1.8469754e-21
 122005.0937500   1.8536388e-21
 122716.5000000   1.8148440e-21
 123427.8984375   1.7795870e-21
 124139.2968750   1.7157194e-21
 124850.6953125   1.7110162e-21
 125562.0937500   1.6675285e-21
 126273.5000000   1.5997448e-21
 126984.8984375   1.5981790e-21
 127696.2968750   1.5495966e-21
 128407.6953125   1.5343123e-21
 129119.0937500   1.4724094e-21
 129830.5000000   1.4344000e-21
 130541.8984375   1.4054100e-21
 131253.2968750   1.3556499e-21
 131964.7031250   1.3133321e-21
 132676.0937500   1.2831657e-21
 133387.5000000   1.2353660e-21
 134098.8906250   1.2157740e-21
 134810.2968750   1.1914851e-21
 135521.7031250   1.1671891e-21
 136233.0937500   1.1448559e-21
 136944.5000000   1.1268330e-21
 137655.8906250   1.1037197e-21
 138367.2968750   1.0845187e-21
 139078.7031250   1.0653195e-21
 139790.0937500   1.0527846e-21
 140501.5000000   1.0347604e-21
 141212.8906250   1.0210460e-21
 141924.2968750   1.0018478e-21
 142635.7031250   9.8735032e-22
 143347.0937500   9.7559572e-22
 144058.5000000   9.6266971e-22
 144769.8906250   9.5443960e-22
 145481.2968750   9.4699488e-22
 146192.7031250   9.4190133e-22
 146904.0937500   9.2583654e-22
 147615.5000000   8.9841033e-22
 148326.8906250   8.9331901e-22
 149038.2968750   8.9096813e-22
 149749.7031250   8.7059507e-22
 150461.0937500   8.6941822e-22
 151172.5000000   8.5688217e-22
 151883.8906250   8.4825908e-22
 152595.2968750   8.0672869e-22
 153306.7031250   7.6676341e-22
 154018.0937500   7.6480602e-22
 154729.5000000   7.2092461e-22
 155440.8906250   6.9976511e-22
 156152.2968750   6.8370103e-22
 156863.7031250   6.6137043e-22
 157575.0937500   6.5705954e-22
 158286.5000000   6.4021043e-22
 158997.8906250   6.2101347e-22
 159709.2968750   6.2610721e-22
 160420.7031250   6.1043511e-22
 161132.0937500   5.8457557e-22
 161843.5000000   5.7007820e-22
 162554.8906250   5.5440670e-22
 163266.2968750   5.3755825e-22
 163977.7031250   5.4147736e-22
 164689.0937500   5.3128926e-22
 165400.5000000   5.2462769e-22
 166111.8906250   5.1757666e-22
 166823.2968750   5.0386376e-22
 167534.7031250   4.9602756e-22
 168246.0937500   5.0386376e-22
 168957.5000000   4.9210880e-22
 169668.8906250   4.8427245e-22
 170380.2968750   4.7643745e-22
 171091.7031250   4.6507306e-22
 171803.0937500   4.6585808e-22
 172514.5000000   4.5606207e-22
 173225.8906250   4.4822653e-22
 173937.2968750   4.4391659e-22
 174648.7031250   4.3529643e-22
 175360.0937500   4.3059426e-22
 176071.5000000   4.1884180e-22
 176782.8906250   4.1413908e-22
 177494.2968750   4.0943704e-22
 178205.7031250   4.0630224e-22
 178917.0937500   4.0003427e-22
 179628.5000000   3.8953315e-22
 180339.8906250   3.8565547e-22
 181051.2968750   3.8283392e-22
 181762.7031250   3.7797562e-22
 182474.0937500   3.7342989e-22
 183185.5000000   3.6868935e-22
 183896.8906250   3.6810204e-22
 184608.2968750   3.6167604e-22
 185319.7031250   3.5595583e-22
 186031.0937500   3.5050918e-22
 186742.5000000   3.4772782e-22
 187453.8906250   3.4702299e-22
 188165.2968750   3.3981389e-22
 188876.7031250   3.3428964e-22
 189588.0937500   3.3084125e-22
 190299.5000000   3.2566877e-22
 191010.8906250   3.2206452e-22
 191722.2968750   3.1826385e-22
 192433.7031250   3.1528663e-22
 193145.0937500   3.1140727e-22
 193856.5000000   3.0968337e-22
 194567.8906250   3.0459005e-22
 195279.2968750   3.0235630e-22
 195990.7031250   2.9765527e-22
 196702.0937500   2.9894834e-22
 197413.5000000   2.9056302e-22
 198124.8906250   2.9158185e-22
 198836.2968750   2.8523496e-22
 199547.7031250   2.8390271e-22
 200259.0937500   2.7779009e-22
 200970.5000000   2.7684981e-22
 201681.8906250   2.7258009e-22
 202393.2968750   2.6768171e-22
 203104.7031250   2.6560545e-22
 203816.0937500   2.6274554e-22
 204527.5000000   2.5874900e-22
 205238.8906250   2.5490956e-22
 205950.2968750   2.5479203e-22
 206661.7031250   2.5153985e-22
 207373.0937500   2.4961950e-22
 208084.5000000   2.4687752e-22
 208795.8906250   2.4389984e-22
 209507.2968750   2.4064716e-22
 210218.7031250   2.3692537e-22
 210930.0937500   2.3398654e-22
 211641.5000000   2.3077382e-22
 212352.8906250   2.2936329e-22
 213064.2968750   2.2619020e-22
 213775.6875000   2.2289844e-22
 214487.0937500   2.2082208e-22
 215198.5000000   2.1878425e-22
 215909.8906250   2.1717788e-22
 216621.2968750   2.1443595e-22
 217332.6875000   2.1122248e-22
 218044.0937500   2.0879403e-22
 218755.5000000   2.0648235e-22
 219466.8906250   2.0385667e-22
 220178.2968750   2.0040880e-22
 220889.6875000   1.9813688e-22
 221601.0937500   1.9574624e-22
 222312.5000000   1.9370912e-22
 223023.8906250   1.9088840e-22
 223735.2968750   1.8794938e-22
 224446.6875000   1.8548114e-22
 225158.0937500   1.8403115e-22
 225869.5000000   1.8250350e-22
 226580.8906250   1.8136728e-22
 227292.2968750   1.7862426e-22
 228359.3906250   1.7435361e-22
 229782.1875000   1.6988710e-22
 231205.0000000   1.6651793e-22
 232627.7968750   1.6283467e-22
 234050.5937500   1.5821166e-22
 235473.3906250   1.5413633e-22
 236896.1875000   1.5162924e-22
 238319.0000000   1.4872990e-22
 239741.7968750   1.4536027e-22
 241164.5937500   1.4167694e-22
 242587.3906250   1.3905215e-22
 244010.1875000   1.3623104e-22
 245433.0000000   1.3215655e-22
 246855.7968750   1.2917830e-22
 248278.5937500   1.2643585e-22
 249701.3906250   1.2396760e-22
 251124.1875000   1.2126386e-22
 252547.0000000   1.1891327e-22
 253969.7968750   1.1644500e-22
 255392.5937500   1.1436850e-22
 256815.3906250   1.1248750e-22
 258238.1875000   1.1052865e-22
 259661.0000000   1.0821682e-22
 261083.7968750   1.0586591e-22
 262506.5937500   1.0355424e-22
 263929.4062500   1.0143863e-22
 265352.1875000   9.9871558e-23
 266775.0000000   9.7912418e-23
 268197.7812500   9.6305875e-23
 269620.5937500   9.3681044e-23
 271043.4062500   9.1917593e-23
 272466.1875000   8.9606180e-23
 273889.0000000   8.8391372e-23
 275311.7812500   8.6941818e-23
 276734.5937500   8.5413940e-23
 278157.4062500   8.3572341e-23
 279580.1875000   8.1691482e-23
 281003.0000000   8.0281257e-23
 282425.7812500   7.9184185e-23
 283848.5937500   7.7734227e-23
 285271.4062500   7.6402384e-23
 286694.1875000   7.4795809e-23
 288117.0000000   7.3502998e-23
 289539.7812500   7.2013982e-23
 290962.5937500   7.0721102e-23
 292385.4062500   6.9114590e-23
 293808.1875000   6.7900003e-23
 295231.0000000   6.6724632e-23
 296653.7812500   6.5588325e-23
 298076.5937500   6.4648009e-23
 299499.4062500   6.3511917e-23
 300922.1875000   6.2375509e-23
 302345.0000000   6.1239259e-23
 303767.7812500   6.0377470e-23
 305190.5937500   5.9436902e-23
 306613.4062500   5.8457553e-23
 308036.1875000   5.7477933e-23
 309459.0000000   5.6498357e-23
 310881.7812500   5.5714784e-23
 312304.5937500   5.5009682e-23
 313727.4062500   5.4461120e-23
 315150.1875000   5.3638383e-23
 316573.0000000   5.2893780e-23
 317995.7812500   5.1914292e-23
 319418.5937500   5.1013173e-23
 320841.4062500   5.0307878e-23
 322264.1875000   4.9250016e-23
 323687.0000000   4.8348830e-23
 325109.7812500   4.7408508e-23
 326532.5937500   4.6664231e-23
 327955.4062500   4.6115575e-23
 329378.1875000   4.5802116e-23
 330801.0000000   4.5253653e-23
 332223.7812500   4.4313356e-23
 333646.5937500   4.3490467e-23
 335069.4062500   4.2706859e-23
 336492.1875000   4.2079986e-23
 337915.0000000   4.1766619e-23
 339337.7812500   4.1217938e-23
 340760.5937500   4.0512804e-23
 342183.4062500   3.9964271e-23
 343606.1875000   3.9219731e-23
 345029.0000000   3.8448011e-23
 346451.7812500   3.8134543e-23
 347874.5937500   3.7730889e-23
 349297.4062500   3.7186367e-23
 350720.1875000   3.6798405e-23
 352143.0000000   3.6363509e-23
 353565.7812500   3.5662237e-23
 354988.5937500   3.4917707e-23
 356411.4062500   3.4263422e-23
 711400.0000000   1.8387442e-24
1422800.0000000   1.1769850e-25
2134200.0000000   2.3335951e-26
2845600.0000000   7.3816149e-27
3557000.0000000   3.0192634e-27
4268400.0000000   1.4532070e-27
4979800.0000000   7.8282735e-28
5691200.0000000   4.5802114e-28
