    269.9970093   1.0898913e-23
    278.8980103   1.2411916e-23
    284.8320007   1.3235358e-23
    290.7659912   7.1633000e-23
    296.7000122   1.9722462e-22
    302.6340027   2.1389437e-22
    308.5679932   2.0318293e-22
    314.5020142   2.0653061e-22
    320.4360046   2.1068069e-22
    326.3699951   2.4053962e-22
    338.2380066   2.4951014e-22
    350.1059875   2.4234648e-22
    359.0069885   3.0674900e-22
    370.8750000   3.1846547e-22
    376.8089905   3.2522741e-22
    379.7760010   3.3038131e-22
    388.6770020   3.1859840e-22
    391.6440125   3.2964500e-22
    397.5780029   3.1491744e-22
    406.4790039   3.5006335e-22
    415.3800049   3.5093463e-22
    424.2810059   4.4318655e-22
    436.1489868   5.5157306e-22
    448.0169983   4.9393244e-22
    459.8850098   5.5726336e-22
    471.7529907   5.5947288e-22
    480.6539917   5.6027693e-22
    492.5220032   5.6382406e-22
    504.3900146   5.6342304e-22
    513.2910156   4.6347085e-22
    525.1589966   5.6770768e-22
    534.0599976   5.6844368e-22
    539.9940186   5.6844368e-22
    551.8619995   5.6944812e-22
    566.6970215   5.7005119e-22
    575.5980225   5.7353172e-22
    587.4660034   5.7206007e-22
    599.3339844   5.7406849e-22
    608.2349854   5.7346371e-22
    623.0700073   5.5592379e-22
    640.8720093   5.7293006e-22
    652.7399902   5.7500463e-22
    661.6409912   5.6817660e-22
    673.5089722   5.7641044e-22
    682.4099731   7.2235466e-22
    694.2780151   1.0798477e-21
    712.0800171   1.1769240e-21
    729.8820190   1.0979240e-21
    747.6840210   1.1340776e-21
    762.5189819   1.0443674e-21
    771.4199829   1.0965844e-21
    783.2880249   1.3757557e-21
    798.1229858   1.4112377e-21
    812.9580078   1.4319907e-21
    827.7930298   1.2365071e-21
    842.6279907   1.4641245e-21
    860.4299927   1.5163406e-21
    878.2319946   1.3944980e-21
    893.0670166   1.2739972e-21
    913.8359985   1.3660563e-21
    943.5059814   1.2856885e-21
    973.1760254   1.2769043e-21
   1002.8460083   1.1639551e-21
   1032.5159912   1.0608337e-21
   1059.2189941   1.3777208e-21
   1085.9219971   2.0298938e-21
   1112.6250000   1.9377825e-21
   1142.2950439   1.4890389e-21
   1171.9649658   2.1446063e-21
   1201.6350098   2.5763009e-21
   1228.3380127   2.4823785e-21
   1252.0739746   2.2000720e-21
   1275.8100586   2.0540894e-21
   1308.4470215   2.3297059e-21
   1338.1169434   2.3158935e-21
   1364.8199463   1.9923479e-21
   1394.4899902   1.9841573e-21
   1424.1600342   2.1852135e-21
   1453.8299561   1.8113979e-21
   1483.5000000   2.1975226e-21
   1501.3020020   1.8725992e-21
   1519.1040039   2.9222441e-21
   1542.8399658   2.7436511e-21
   1572.5100098   2.4953424e-21
   1602.1800537   2.0247564e-21
   1631.8499756   1.9416671e-21
   1661.5200195   2.5295480e-21
   1691.1900635   2.8102003e-21
   1720.8599854   2.7273484e-21
   1750.5300293   2.7621491e-21
   1780.1999512   2.3066866e-21
   1809.8699951   2.2348580e-21
   1839.5400391   2.8385062e-21
   1869.2099609   2.6752917e-21
   1898.8800049   2.9617422e-21
   1928.5500488   2.8633598e-21
   1952.2860107   2.6401240e-21
   1973.0550537   3.0036996e-21
   2002.7249756   3.1942361e-21
   2032.3950195   2.7677106e-21
   2062.0649414   3.2670912e-21
   2091.7351074   2.6797251e-21
   2124.3720703   3.5146521e-21
   2154.0419922   3.6337362e-21
   2180.7451172   3.7306960e-21
   2210.4150391   3.7026208e-21
   2240.0849609   3.7869879e-21
   2269.7551270   3.5084522e-21
   2299.4250488   4.0561803e-21
   2329.0949707   3.8569647e-21
   2358.7648926   4.3253929e-21
   2388.4350586   4.7562049e-21
   2418.1049805   5.2929151e-21
   2447.7749023   5.9751295e-21
   2477.4450684   5.2838573e-21
   2507.1149902   7.2812291e-21
   2536.7849121   8.0137605e-21
   2566.4550781   9.3287814e-21
   2596.1250000   1.0555960e-20
   2625.7949219   1.1945986e-20
   2655.4650879   1.3571045e-20
   2685.1350098   1.5121973e-20
   2714.8049316   1.6546469e-20
   2744.4750977   4.4622355e-20
   2774.1450195   7.6383667e-20
   2803.8149414   1.0860688e-19
   2833.4851074   1.3598610e-19
   2863.1550293   1.5256926e-19
   2892.8249512   6.6977777e-20
   2922.4951172   1.3782655e-19
   2952.1650391   1.3942837e-19
   2981.8349609   1.8181646e-19
   3011.5051270   1.9466791e-19
   3041.1750488   1.4266299e-19
   3070.8449707   1.9989299e-19
   3100.5148926   2.8256699e-19
   3130.1850586   2.8117927e-19
   3159.8549805   2.4480046e-19
   3189.5249023   2.7684037e-19
   3219.1950684   2.4916298e-19
   3248.8649902   2.9921659e-19
   3278.5349121   2.9319626e-19
   3308.2050781   2.9345264e-19
   3337.8750000   2.6529792e-19
   3367.5449219   3.2342982e-19
   3397.2150879   3.1412458e-19
   3426.8850098   3.2418925e-19
   3456.5549316   3.2770929e-19
   3486.2250977   2.2934236e-19
   3515.8950195   3.2627894e-19
   3545.5649414   2.8280537e-19
   3575.2351074   2.4541293e-19
   3604.9050293   2.0318561e-19
   3634.5749512   3.3790633e-19
   3664.2451172   4.1698107e-19
   3693.9150391   4.3839140e-19
   3723.5849609   4.3352632e-19
   3753.2551270   4.2135319e-19
   3782.9250488   5.0412543e-19
   3812.5949707   5.2490473e-19
   3842.2648926   4.5720159e-19
   3871.9350586   4.6595265e-19
   3901.6049805   5.4242756e-19
   3931.2749023   5.2837180e-19
   3960.9450684   5.0241027e-19
   3990.6149902   5.5835844e-19
   4020.2849121   5.5366755e-19
   4049.9550781   5.2131848e-19
   4079.6250000   5.3073004e-19
   4109.2949219   5.3390249e-19
   4138.9648438   4.2004878e-19
   4168.6352539   4.1871709e-19
   4198.3051758   5.2053147e-19
   4227.9750977   5.1725672e-19
   4257.6450195   5.4031148e-19
   4278.4140625   5.5645877e-19
   4293.2490234   5.6210567e-19
   4316.9848633   5.5034865e-19
   4346.6547852   5.2697206e-19
   4376.3251953   5.3950529e-19
   4405.9951172   5.5372587e-19
   4435.6650391   5.5920754e-19
   4465.3349609   5.3524071e-19
   4486.1040039   4.9406262e-19
   4500.9389648   5.1625810e-19
   4524.6748047   5.1075988e-19
   4554.3452148   4.4562422e-19
   4584.0151367   4.2154385e-19
   4613.6850586   4.1593306e-19
   4643.3549805   4.5500615e-19
   4673.0249023   4.8328286e-19
   4702.6948242   4.9720364e-19
   4732.3652344   5.0334669e-19
   4762.0351562   4.9515745e-19
   4791.7050781   4.9240113e-19
   4821.3750000   4.8402412e-19
   4851.0449219   5.1167144e-19
   4880.7148438   5.1800464e-19
   4910.3852539   5.0592868e-19
   4940.0551758   5.3181034e-19
   4960.8242188   4.9090481e-19
   4975.6591797   5.5164809e-19
   4999.3950195   5.5449732e-19
   5029.0649414   5.3041778e-19
   5058.7348633   5.1794322e-19
   5088.4047852   4.9266283e-19
   5118.0751953   4.8679129e-19
   5147.7451172   5.1372502e-19
   5177.4150391   5.0572649e-19
   5207.0849609   5.2224198e-19
   5236.7548828   5.0136766e-19
   5266.4248047   4.9838418e-19
   5296.0952148   5.1256883e-19
   5325.7651367   5.3156281e-19
   5355.4350586   5.3511844e-19
   5385.1049805   4.9863812e-19
   5414.7749023   5.1023974e-19
   5444.4448242   4.9948640e-19
   5474.1152344   4.6726420e-19
   5503.7851562   4.6853614e-19
   5533.4550781   4.7660115e-19
   5563.1250000   4.9990996e-19
   5592.7949219   4.6144188e-19
   5622.4648438   4.4240669e-19
   5652.1352539   4.6901792e-19
   5681.8051758   4.4854794e-19
   5711.4750977   4.3316660e-19
   5741.1450195   4.5530399e-19
   5770.8149414   4.6582578e-19
   5800.4848633   4.3080652e-19
   5836.0888672   4.6556604e-19
   5862.7919922   4.7905012e-19
   5886.5278320   4.5530006e-19
   5919.1650391   4.4524082e-19
   5948.8349609   4.5990823e-19
   5978.5048828   4.5039757e-19
   6008.1748047   4.6657924e-19
   6037.8452148   4.3903692e-19
   6067.5151367   4.4907620e-19
   6097.1850586   4.0744983e-19
   6126.8549805   4.2308701e-19
   6153.5581055   4.6224915e-19
   6165.4257812   4.3398920e-19
   6186.1948242   4.4893025e-19
   6215.8652344   4.2796650e-19
   6245.5351562   4.3562195e-19
   6275.2050781   4.4032484e-19
   6304.8750000   4.4346104e-19
   6334.5449219   4.2737486e-19
   6364.2148438   4.2407482e-19
   6393.8852539   4.3835677e-19
   6423.5551758   4.2912398e-19
   6453.2250977   4.2851569e-19
   6482.8950195   4.1873366e-19
   6512.5649414   4.3281292e-19
   6542.2348633   4.2716468e-19
   6571.9047852   4.1539457e-19
   6601.5751953   4.0769507e-19
   6631.2451172   4.1938887e-19
   6660.9150391   4.1227574e-19
   6690.5849609   4.0246302e-19
   6720.2548828   4.1148888e-19
   6749.9248047   4.1685110e-19
   6779.5952148   4.2070233e-19
   6809.2651367   3.9952376e-19
   6838.9350586   4.0541675e-19
   6868.6049805   3.9512293e-19
   6898.2749023   3.4081410e-19
   6927.9448242   3.8133406e-19
   6957.6152344   3.7838956e-19
   6987.2851562   3.8728526e-19
   7016.9550781   3.7351392e-19
   7046.6250000   3.7388812e-19
   7076.2949219   3.5898930e-19
   7105.9648438   3.7039545e-19
   7135.6352539   3.6034616e-19
   7165.3051758   3.6255267e-19
   7194.9750977   3.6917580e-19
   7224.6450195   3.5729214e-19
   7254.3149414   3.6653438e-19
   7283.9848633   3.6171771e-19
   7313.6547852   3.5889627e-19
   7343.3251953   3.5093156e-19
   7372.9951172   3.5394363e-19
   7402.6650391   3.1175103e-19
   7432.3349609   3.5316417e-19
   7456.0708008   3.3236637e-19
   7470.9062500   3.4478410e-19
   7491.6748047   3.3710146e-19
   7521.3452148   3.3768677e-19
   7551.0151367   3.3085172e-19
   7580.6850586   3.3991124e-19
   7610.3549805   3.3651866e-19
   7640.0249023   3.4467207e-19
   7669.6948242   3.4207075e-19
   7699.3652344   3.3914777e-19
   7729.0351562   3.3322283e-19
   7758.7050781   3.2982167e-19
   7788.3750000   3.3418280e-19
   7818.0449219   3.3544443e-19
   7847.7148438   3.4450713e-19
   7877.3852539   3.4394172e-19
   7907.0551758   3.2884105e-19
   7936.7250977   3.3446469e-19
   7966.3950195   3.3344682e-19
   7996.0649414   3.2475212e-19
   8025.7348633   3.2601395e-19
   8055.4047852   3.2012159e-19
   8085.0751953   3.2050987e-19
   8114.7451172   3.2491474e-19
   8144.4150391   3.0729375e-19
   8174.0849609   3.0749085e-19
   8203.7548828   3.1000617e-19
   8233.4248047   3.1630911e-19
   8263.0947266   3.1037262e-19
   8292.7646484   2.8118423e-19
   8322.4345703   2.9096810e-19
   8352.1054688   3.0929084e-19
   8381.7753906   3.0914823e-19
   8411.4453125   2.9804538e-19
   8441.1152344   2.9575827e-19
   8470.7851562   2.9260069e-19
   8500.4550781   2.9879242e-19
   8530.1250000   2.9487115e-19
   8559.7949219   2.9443117e-19
   8589.4648438   2.9070368e-19
   8633.9697266   2.9641885e-19
   8693.3095703   2.9145923e-19
   8752.6503906   2.8717095e-19
   8811.9902344   2.8725672e-19
   8871.3300781   2.8529914e-19
   8930.6699219   2.8395288e-19
   8990.0097656   2.8326655e-19
   9049.3496094   2.8104472e-19
   9108.6904297   2.7913189e-19
   9168.0302734   2.7656936e-19
   9227.3701172   2.7413986e-19
   9286.7099609   2.7012302e-19
   9346.0498047   2.6890858e-19
   9405.3896484   2.6498700e-19
   9464.7304688   2.5767193e-19
   9524.0703125   2.5771156e-19
   9583.4101562   2.5271384e-19
   9642.7500000   2.5251968e-19
   9702.0898438   2.5034872e-19
   9761.4296875   2.4727055e-19
   9820.7705078   2.4444162e-19
   9880.1103516   2.4017437e-19
   9939.4501953   2.3557677e-19
   9998.7900391   2.3107120e-19
  10058.1298828   2.2846571e-19
  10117.4697266   2.2647867e-19
  10176.8095703   2.2241853e-19
  10236.1503906   2.1976483e-19
  10295.4902344   2.1723815e-19
  10354.8300781   2.1510964e-19
  10414.1699219   2.1375446e-19
  10473.5097656   2.1035711e-19
  10532.8496094   2.0916410e-19
  10592.1904297   2.0306607e-19
  10651.5302734   1.9970172e-19
  10710.8701172   1.9897509e-19
  10770.2099609   1.9775541e-19
  10799.8798828   1.9701251e-19
  10829.5498047   1.9865376e-19
  10888.8896484   1.9501703e-19
  10948.2304688   1.8493309e-19
  11007.5703125   1.9280709e-19
  11066.9101562   1.9027506e-19
  11126.2500000   2.1579280e-19
  11185.5898438   2.2004878e-19
  11244.9296875   2.4187650e-19
  11304.2705078   2.6145657e-19
  11363.6103516   2.2139424e-19
  11422.9501953   2.6929860e-19
  11482.2900391   2.8196082e-19
  11541.6298828   2.1086583e-19
  11600.9697266   2.8362010e-19
  11660.3095703   2.6311067e-19
  11719.6503906   2.7380177e-19
  11778.9902344   1.9410531e-19
  11838.3300781   2.7563809e-19
  11897.6699219   2.8861740e-19
  11957.0097656   2.8379701e-19
  12016.3496094   2.8440716e-19
  12075.6904297   2.7457968e-19
  12135.0302734   2.4922647e-19
  12194.3701172   2.1327436e-19
  12253.7099609   2.6496257e-19
  12313.0498047   2.7046371e-19
  12372.3896484   2.6938377e-19
  12431.7304688   2.6782896e-19
  12491.0703125   2.6727433e-19
  12550.4101562   2.6376786e-19
  12609.7500000   2.6227196e-19
  12669.0898438   2.5516180e-19
  12728.4296875   2.5387075e-19
  12787.7705078   2.4221136e-19
  12847.1103516   2.1918552e-19
  12906.4501953   1.9866685e-19
  12965.7900391   2.4661873e-19
  13025.1298828   2.4353937e-19
  13084.4697266   2.4491334e-19
  13143.8095703   2.4493811e-19
  13203.1503906   2.4508550e-19
  13262.4902344   2.4204654e-19
  13321.8300781   2.4231031e-19
  13381.1699219   2.4775101e-19
  13440.5097656   2.3913972e-19
  13499.8496094   2.3721193e-19
  13559.1904297   2.4126116e-19
  13618.5302734   2.3529240e-19
  13677.8701172   2.3593396e-19
  13737.2099609   2.3066764e-19
  13796.5498047   2.3003536e-19
  13855.8896484   2.3062512e-19
  13915.2304688   2.2684203e-19
  13974.5703125   2.2083101e-19
  14033.9101562   2.2483255e-19
  14093.2500000   2.2506672e-19
  14152.5898438   2.2402925e-19
  14211.9296875   2.2124166e-19
  14271.2705078   2.1731927e-19
  14330.6103516   2.1448700e-19
  14389.9501953   1.9013139e-19
  14449.2900391   1.6614335e-19
  14508.6298828   2.0601697e-19
  14567.9697266   2.0839479e-19
  14627.3095703   2.0466693e-19
  14686.6503906   2.0816429e-19
  14745.9902344   2.0586049e-19
  14805.3300781   1.9966137e-19
  14864.6699219   1.9278337e-19
  14924.0097656   1.9674705e-19
  14983.3496094   1.9405418e-19
  15042.6904297   1.9737278e-19
  15102.0302734   1.9253885e-19
  15161.3701172   1.9225663e-19
  15220.7099609   1.8853073e-19
  15280.0498047   1.8494690e-19
  15339.3896484   1.8019557e-19
  15398.7304688   1.8053222e-19
  15458.0703125   1.8152683e-19
  15517.4101562   1.8235624e-19
  15576.7500000   1.8401274e-19
  15636.0898438   1.7570901e-19
  15695.4296875   1.8250929e-19
  15754.7705078   1.8349947e-19
  15814.1103516   1.7597157e-19
  15873.4501953   1.8012437e-19
  15932.7900391   1.7909181e-19
  15992.1298828   1.7587269e-19
  16051.4697266   1.7364691e-19
  16110.8095703   1.7343275e-19
  16170.1503906   1.7456295e-19
  16229.4902344   1.7096359e-19
  16288.8300781   1.7022709e-19
  16348.1699219   1.6878883e-19
  16407.5097656   1.6934869e-19
  16466.8496094   1.6963303e-19
  16526.1894531   1.6768717e-19
  16585.5292969   1.6475840e-19
  16644.8691406   1.6622655e-19
  16704.2109375   1.6401694e-19
  16763.5507812   1.6344383e-19
  16822.8906250   1.6116783e-19
  16882.2304688   1.6256044e-19
  16941.5703125   1.5992758e-19
  17000.9101562   1.6429955e-19
  17060.2500000   1.6006881e-19
  17119.5898438   1.6043831e-19
  17178.9296875   1.5691296e-19
  17238.2695312   1.5885236e-19
  17297.6093750   1.5992828e-19
  17356.9492188   1.5681375e-19
  17416.2910156   1.5480403e-19
  17475.6308594   1.4882936e-19
  17534.9707031   1.5313584e-19
  17594.3105469   1.5259271e-19
  17653.6503906   1.5155549e-19
  17712.9902344   1.5231953e-19
  17772.3300781   1.4990650e-19
  17831.6699219   1.4859423e-19
  17891.0097656   1.4979133e-19
  17950.3496094   1.5014502e-19
  18009.6894531   1.4965062e-19
  18069.0292969   1.4623829e-19
  18128.3691406   1.4587651e-19
  18187.7109375   1.4172127e-19
  18247.0507812   1.4145636e-19
  18306.3906250   1.3875580e-19
  18365.7304688   1.4118576e-19
  18425.0703125   1.3988101e-19
  18484.4101562   1.3686265e-19
  18543.7500000   1.3356640e-19
  18603.0898438   1.3683562e-19
  18662.4296875   1.3776786e-19
  18721.7695312   1.3540683e-19
  18781.1093750   1.3615761e-19
  18840.4492188   1.3484542e-19
  18899.7910156   1.3424743e-19
  18959.1308594   1.3539137e-19
  19018.4707031   1.3362039e-19
  19077.8105469   1.3382595e-19
  19137.1503906   1.3302140e-19
  19196.4902344   1.3259211e-19
  19255.8300781   1.3008135e-19
  19315.1699219   1.3132986e-19
  19374.5097656   1.2975270e-19
  19433.8496094   1.2301480e-19
  19493.1894531   1.1033767e-19
  19552.5292969   1.2642875e-19
  19611.8691406   1.2865866e-19
  19671.2109375   1.2779367e-19
  19730.5507812   1.2696181e-19
  19789.8906250   1.2464849e-19
  19849.2304688   1.2569298e-19
  19908.5703125   1.2287657e-19
  19967.9101562   1.2417641e-19
  20027.2500000   1.2246982e-19
  20086.5898438   1.2285175e-19
  20145.9296875   1.2139612e-19
  20205.2695312   1.2151882e-19
  20264.6093750   1.2169559e-19
  20323.9492188   1.1973403e-19
  20383.2910156   1.2060909e-19
  20442.6308594   1.2119049e-19
  20501.9707031   1.2051378e-19
  20561.3105469   1.1937280e-19
  20620.6503906   1.1820940e-19
  20679.9902344   1.1860149e-19
  20739.3300781   1.1800968e-19
  20798.6699219   1.1607798e-19
  20858.0097656   1.1669033e-19
  20917.3496094   1.1612948e-19
  20976.6894531   1.1362963e-19
  21036.0292969   1.1170238e-19
  21095.3691406   1.0945347e-19
  21154.7109375   1.0781607e-19
  21214.0507812   1.0759706e-19
  21273.3906250   1.0793830e-19
  21332.7304688   1.0681783e-19
  21392.0703125   1.0828302e-19
  21451.4101562   1.0918700e-19
  21510.7500000   1.0920906e-19
  21570.0898438   1.0887289e-19
  21629.4296875   1.0740679e-19
  21688.7695312   1.0893219e-19
  21748.1093750   1.0870662e-19
  21807.4492188   1.0859305e-19
  21866.7910156   1.1036771e-19
  21926.1308594   1.0800469e-19
  21985.4707031   1.0796438e-19
  22044.8105469   1.0864266e-19
  22104.1503906   1.0827969e-19
  22163.4902344   1.0846483e-19
  22222.8300781   1.0770154e-19
  22282.1699219   1.0847436e-19
  22341.5097656   1.0894415e-19
  22400.8496094   1.0903366e-19
  22460.1894531   1.0803695e-19
  22519.5292969   1.0656245e-19
  22578.8691406   1.0596137e-19
  22638.2109375   1.0524528e-19
  22697.5507812   1.0385814e-19
  22756.8906250   1.0141690e-19
  22816.2304688   1.0291326e-19
  22875.5703125   1.0115578e-19
  22934.9101562   1.0119666e-19
  22994.2500000   1.0056575e-19
  23053.5898438   1.0056707e-19
  23112.9296875   1.0131718e-19
  23172.2695312   1.0093389e-19
  23231.6093750   1.0043379e-19
  23290.9492188   9.9220237e-20
  23350.2910156   9.8832735e-20
  23409.6308594   9.6593163e-20
  23468.9707031   9.5005765e-20
  23528.3105469   9.5637059e-20
  23587.6503906   9.4335535e-20
  23646.9902344   9.6010776e-20
  23706.3300781   9.5926475e-20
  23765.6699219   9.6713292e-20
  23825.0097656   9.6280166e-20
  23884.3496094   9.5554353e-20
  23943.6894531   9.5041230e-20
  24003.0292969   9.3438703e-20
  24062.3691406   9.3039046e-20
  24121.7109375   9.4213810e-20
  24181.0507812   9.4417187e-20
  24240.3906250   9.4425071e-20
  24299.7304688   9.2639472e-20
  24359.0703125   9.2392023e-20
  24418.4101562   9.2612214e-20
  24477.7500000   9.2715579e-20
  24537.0898438   9.2994520e-20
  24596.4296875   9.2471587e-20
  24655.7695312   8.9871894e-20
  24715.1093750   8.9815865e-20
  24774.4492188   8.9523651e-20
  24833.7910156   8.9603506e-20
  24893.1308594   8.8171624e-20
  24952.4707031   8.9428558e-20
  25011.8105469   8.7660414e-20
  25071.1503906   8.6990404e-20
  25130.4902344   8.6300128e-20
  25189.8300781   8.7735131e-20
  25249.1699219   8.3653951e-20
  25308.5097656   8.7849256e-20
  25367.8496094   8.0368817e-20
  25427.1894531   8.9364561e-20
  25486.5292969   8.6004243e-20
  25545.8691406   8.5861212e-20
  25605.2109375   9.0109818e-20
  25664.5507812   8.8563210e-20
  25723.8906250   7.9190866e-20
  25783.2304688   8.7287769e-20
  25842.5703125   9.0078961e-20
  25901.9101562   8.8368946e-20
  25961.2500000   8.2108810e-20
  26020.5898438   8.7564222e-20
  26079.9296875   9.0003429e-20
  26139.2695312   8.7711247e-20
  26198.6093750   8.8321997e-20
  26257.9492188   8.5886098e-20
  26317.2910156   8.1194382e-20
  26376.6308594   8.6328556e-20
  26435.9707031   8.7996385e-20
  26495.3105469   8.6870909e-20
  26554.6503906   8.7202324e-20
  26613.9902344   8.6794259e-20
  26673.3300781   8.5485323e-20
  26732.6699219   7.9351365e-20
  26792.0097656   8.2781922e-20
  26851.3496094   8.6657141e-20
  26910.6894531   8.6406699e-20
  26970.0292969   8.4249767e-20
  27029.3691406   8.4780177e-20
  27088.7109375   8.5812583e-20
  27148.0507812   8.5238642e-20
  27207.3906250   8.4422738e-20
  27266.7304688   8.4027688e-20
  27326.0703125   7.9787832e-20
  27385.4101562   7.5220503e-20
  27444.7500000   7.8668127e-20
  27504.0898438   8.0788882e-20
  27563.4296875   8.1479087e-20
  27622.7695312   8.1382888e-20
  27682.1093750   8.1306432e-20
  27741.4492188   8.0886166e-20
  27800.7910156   8.0202747e-20
  27860.1308594   8.0711580e-20
  27919.4707031   7.8832413e-20
  27978.8105469   8.0393884e-20
  28038.1503906   7.8350218e-20
  28097.4902344   7.9770662e-20
  28156.8300781   7.9488787e-20
  28216.1699219   7.8272838e-20
  28275.5097656   7.7197445e-20
  28334.8496094   7.2321810e-20
  28394.1894531   7.6567049e-20
  28453.5292969   7.8376727e-20
  28512.8691406   7.7847732e-20
  28572.2109375   7.7827220e-20
  28631.5507812   7.6889876e-20
  28690.8906250   7.6786614e-20
  28750.2304688   7.7356283e-20
  28809.5703125   7.6865565e-20
  28868.9101562   7.6353482e-20
  28928.2500000   7.5453102e-20
  28987.5898438   7.6001859e-20
  29046.9296875   7.4854701e-20
  29106.2695312   7.6405478e-20
  29165.6093750   7.6014208e-20
  29224.9492188   7.5806508e-20
  29284.2910156   7.4922453e-20
  29343.6308594   7.4611168e-20
  29402.9707031   7.4401742e-20
  29462.3105469   7.4828077e-20
  29521.6503906   7.4659681e-20
  29580.9902344   7.4531578e-20
  29640.3300781   7.4239195e-20
  29744.1757812   7.2071956e-20
  29892.5253906   7.0357779e-20
  30040.8750000   7.2020374e-20
  30189.2246094   7.0920540e-20
  30337.5742188   7.0892823e-20
  30485.9257812   7.0820005e-20
  30634.2753906   7.0166455e-20
  30782.6250000   6.9282419e-20
  30930.9746094   6.8683772e-20
  31079.3242188   6.8024535e-20
  31227.6757812   6.7464004e-20
  31376.0253906   6.6943953e-20
  31524.3750000   6.6481617e-20
  31672.7246094   6.5202667e-20
  31821.0742188   6.5158872e-20
  31969.4257812   6.4857099e-20
  32117.7753906   6.3361247e-20
  32266.1250000   6.2050973e-20
  32414.4746094   5.9724263e-20
  32562.8242188   5.9540680e-20
  32711.1757812   5.9693851e-20
  32859.5234375   5.8749734e-20
  33007.8750000   5.9004952e-20
  33156.2265625   5.8858457e-20
  33304.5742188   5.8711819e-20
  33452.9257812   5.7843920e-20
  33601.2734375   5.7313393e-20
  33749.6250000   5.6590541e-20
  33897.9765625   5.5924195e-20
  34046.3242188   5.6411876e-20
  34194.6757812   5.6724660e-20
  34343.0234375   5.6146913e-20
  34491.3750000   5.5477265e-20
  34639.7265625   5.4934170e-20
  34788.0742188   5.4689828e-20
  34936.4257812   5.4252049e-20
  35084.7734375   5.3663177e-20
  35233.1250000   5.2987067e-20
  35381.4765625   5.2932867e-20
  35529.8242188   5.1391678e-20
  35678.1757812   5.2517222e-20
  35826.5234375   5.1276923e-20
  35974.8750000   5.1539049e-20
  36123.2265625   5.1434582e-20
  36271.5742188   5.1269944e-20
  36419.9257812   5.0753993e-20
  36568.2734375   4.9998680e-20
  36716.6250000   5.0087247e-20
  36864.9765625   4.9351612e-20
  37013.3242188   4.8788279e-20
  37161.6757812   4.8528211e-20
  37310.0234375   4.8180573e-20
  37458.3750000   4.8526719e-20
  37606.7265625   4.7326176e-20
  37755.0742188   4.7737207e-20
  37903.4257812   4.7123336e-20
  38051.7734375   4.5022753e-20
  38200.1250000   4.6044989e-20
  38348.4765625   4.6410228e-20
  38496.8242188   4.6143375e-20
  38645.1757812   4.6092940e-20
  38793.5234375   4.5868991e-20
  38941.8750000   4.5269204e-20
  39090.2265625   4.4888100e-20
  39238.5742188   4.4792392e-20
  39386.9257812   4.4033839e-20
  39535.2734375   4.4091315e-20
  39683.6250000   4.3441448e-20
  39831.9765625   4.4027654e-20
  39980.3242188   4.3796034e-20
  40128.6757812   4.3674451e-20
  40277.0234375   4.2601996e-20
  40425.3750000   4.2213670e-20
  40573.7265625   4.2577681e-20
  40722.0742188   4.2055824e-20
  40870.4257812   4.2198470e-20
  41018.7734375   4.2094998e-20
  41167.1250000   4.1613770e-20
  41315.4765625   4.1156297e-20
  41463.8242188   4.0473718e-20
  41612.1757812   4.0324147e-20
  41760.5234375   3.9706783e-20
  41908.8750000   3.8709477e-20
  42057.2265625   3.8781287e-20
  42205.5742188   3.8650531e-20
  42353.9257812   3.8543741e-20
  42502.2734375   3.8503810e-20
  42650.6250000   3.8752513e-20
  42798.9765625   3.7636757e-20
  42947.3242188   3.7864722e-20
  43095.6757812   3.7127656e-20
  43229.1914062   3.7688197e-20
  43377.5390625   3.7262257e-20
  43540.7265625   3.6886139e-20
  43689.0742188   3.6369293e-20
  43837.4257812   3.6415483e-20
  43985.7734375   3.6754184e-20
  44134.1250000   3.6663902e-20
  44282.4765625   3.7205841e-20
  44430.8242188   3.6642330e-20
  44579.1757812   3.6012310e-20
  44727.5234375   3.6124302e-20
  44875.8750000   3.5784964e-20
  45024.2265625   3.6371212e-20
  45172.5742188   3.5963629e-20
  45320.9257812   3.6460296e-20
  45469.2734375   3.5893884e-20
  45617.6250000   3.5621263e-20
  45765.9765625   3.5890103e-20
  45914.3242188   3.5751189e-20
  46062.6757812   3.5183126e-20
  46211.0234375   3.4001275e-20
  46359.3750000   3.4699742e-20
  46507.7265625   3.4629710e-20
  46656.0742188   3.5014332e-20
  46804.4257812   3.2734390e-20
  46952.7734375   3.2981733e-20
  47101.1250000   3.2816152e-20
  47249.4765625   3.3633545e-20
  47397.8242188   3.3285573e-20
  47620.3515625   3.3405366e-20
  47917.0507812   3.3438980e-20
  48213.7500000   3.2424052e-20
  48510.4492188   3.3349370e-20
  48807.1484375   3.2446841e-20
  49103.8515625   3.2272888e-20
  49400.5507812   3.1547670e-20
  49697.2500000   3.2360882e-20
  49993.9492188   3.0852027e-20
  50290.6484375   3.1248305e-20
  50587.3515625   3.0611244e-20
  50884.0507812   3.0592832e-20
  51180.7500000   2.9630563e-20
  51477.4492188   2.9033241e-20
  51774.1484375   2.8943741e-20
  52070.8515625   2.8900553e-20
  52367.5507812   2.8092252e-20
  52664.2500000   2.7328878e-20
  52960.9492188   2.7701914e-20
  53257.6484375   2.5911543e-20
  53554.3515625   2.5865267e-20
  53851.0507812   2.5560147e-20
  54147.7500000   2.4602158e-20
  54444.4492188   2.4088109e-20
  54741.1484375   2.4434179e-20
  55037.8515625   2.4220285e-20
  55334.5507812   2.3300130e-20
  55631.2500000   2.2542185e-20
  55927.9492188   2.2639912e-20
  56224.6484375   2.1927217e-20
  56521.3515625   2.2812383e-20
  56818.0507812   2.1831128e-20
  57114.7500000   2.1855879e-20
  57411.4492188   2.1596157e-20
  57708.1484375   2.0273100e-20
  58004.8515625   2.0607397e-20
  58301.5507812   2.0327574e-20
  58598.2500000   1.9881872e-20
  58894.9492188   1.9207179e-20
  59191.6484375   1.9503932e-20
  59488.3515625   1.9248389e-20
  59785.0507812   1.9423067e-20
  60081.7500000   1.8616031e-20
  60378.4492188   1.8191230e-20
  60675.1484375   1.7839316e-20
  60971.8515625   1.7525430e-20
  61268.5507812   1.7134620e-20
  61565.2500000   1.6845927e-20
  61861.9492188   1.7335736e-20
  62158.6484375   1.6547194e-20
  62455.3515625   1.6573814e-20
  62752.0507812   1.6136544e-20
  63048.7500000   1.6115367e-20
  63345.4492188   1.5895634e-20
  63642.1484375   1.5433292e-20
  63938.8515625   1.5363838e-20
  64235.5507812   1.4937286e-20
  64532.2500000   1.4595342e-20
  64828.9492188   1.4451254e-20
  65125.6484375   1.4106179e-20
  65422.3515625   1.3636287e-20
  65719.0468750   1.3624015e-20
  66015.7500000   1.3615462e-20
  66312.4531250   1.3439196e-20
  66609.1484375   1.3479509e-20
  66905.8515625   1.2986330e-20
  67202.5468750   1.2768538e-20
  67499.2500000   1.2766634e-20
  67795.9531250   1.2472680e-20
  68092.6484375   1.0948760e-20
  68389.3515625   1.1857492e-20
  68686.0468750   1.1988611e-20
  68982.7500000   1.0307610e-20
  69279.4531250   1.1405460e-20
  69576.1484375   1.0662425e-20
  69872.8515625   9.6859093e-21
  70169.5468750   1.0338712e-20
  70466.2500000   1.0173452e-20
  70762.9531250   9.0645271e-21
  71059.6484375   9.9622394e-21
  71356.3515625   9.5738765e-21
  71653.0468750   8.5677017e-21
  71949.7500000   8.8190604e-21
  72246.4531250   8.6208077e-21
  72543.1484375   8.2913265e-21
  72839.8515625   8.1984496e-21
  73136.5468750   8.2106642e-21
  73433.2500000   7.9362866e-21
  73729.9531250   7.2337373e-21
  74026.6484375   7.1960303e-21
  74323.3515625   7.3585438e-21
  74620.0468750   7.0099316e-21
  74916.7500000   7.2180604e-21
  75213.4531250   7.2370420e-21
  75510.1484375   7.2023852e-21
  75806.8515625   7.2262434e-21
  76103.5468750   7.2323390e-21
  76400.2500000   7.3393070e-21
  76696.9531250   7.1603751e-21
  76993.6484375   7.1713271e-21
  77290.3515625   7.2931343e-21
  77587.0468750   7.1089558e-21
  77883.7500000   7.1181412e-21
  78180.4531250   7.2467427e-21
  78477.1484375   7.0573483e-21
  78773.8515625   7.1057723e-21
  79070.5468750   7.1363586e-21
  79367.2500000   7.0006089e-21
  79663.9531250   6.7933775e-21
  79960.6484375   6.8146830e-21
  80257.3515625   6.8304439e-21
  80554.0468750   6.7237130e-21
  80850.7500000   6.9347866e-21
  81147.4531250   6.7632213e-21
  81444.1484375   6.9153220e-21
  81740.8515625   6.6849651e-21
  82037.5468750   6.5408027e-21
  82334.2500000   6.5341989e-21
  82630.9531250   6.6073818e-21
  82927.6484375   6.6088908e-21
  83224.3515625   6.4389088e-21
  83521.0468750   6.3139851e-21
  83817.7500000   6.3202835e-21
  84114.4531250   6.1058583e-21
  84411.1484375   5.7392226e-21
  84707.8515625   5.9532051e-21
  85004.5468750   5.9755487e-21
  85301.2500000   5.7918912e-21
  85597.9531250   5.6976083e-21
  85894.6484375   5.5214261e-21
  86191.3515625   5.6206866e-21
  86488.0468750   5.4295905e-21
  86784.7500000   5.2137113e-21
  87081.4531250   5.1715223e-21
  87378.1484375   5.0399925e-21
  87674.8515625   4.9308063e-21
  87971.5468750   4.8613324e-21
  88268.2500000   4.7893648e-21
  88564.9531250   4.6950634e-21
  88861.6484375   4.6454273e-21
  89158.3515625   4.5958118e-21
  89455.0468750   4.5436914e-21
  89751.7500000   4.4816593e-21
  90048.4531250   4.3972772e-21
  90345.1484375   4.3799116e-21
  90641.8515625   4.3426954e-21
  90938.5468750   4.3029786e-21
  91235.2500000   4.2682338e-21
  91531.9531250   4.2062106e-21
  91828.6484375   4.1590568e-21
  92125.3515625   4.1367230e-21
  92422.0468750   4.0746776e-21
  92718.7500000   4.0374653e-21
  93015.4531250   3.9903100e-21
  93312.1484375   3.9506049e-21
  93608.8515625   3.9034524e-21
  93905.5468750   3.8513449e-21
  94202.2500000   3.8215563e-21
  94498.9531250   3.7893007e-21
  94795.6484375   3.7620065e-21
  95240.7031250   3.6950021e-21
  95834.1015625   3.6180827e-21
  96427.5000000   3.5634876e-21
  97020.8984375   3.4939984e-21
  97614.2968750   3.4170734e-21
  98207.7031250   3.3624829e-21
  98801.1015625   3.3326970e-21
  99394.5000000   3.3401406e-21
  99987.8984375   3.2384058e-21
 100581.2968750   3.2210300e-21
 101174.7031250   3.2086195e-21
 101768.1015625   3.2210300e-21
 102361.5000000   3.1540330e-21
 102954.8984375   3.0919983e-21
 103548.2968750   2.9803229e-21
 104141.7031250   2.9728843e-21
 104735.1015625   2.8959506e-21
 105328.5000000   2.7793190e-21
 105921.8984375   2.7768421e-21
 106515.2968750   2.6924656e-21
 107108.7031250   2.6651713e-21
 107702.1015625   2.5584630e-21
 108295.5000000   2.4914660e-21
 108888.8984375   2.4415835e-21
 109482.2968750   2.3557262e-21
 110075.7031250   2.2820199e-21
 110669.1015625   2.2299071e-21
 111262.5000000   2.1470285e-21
 111855.8984375   2.1127835e-21
 112449.2968750   2.0703464e-21
 113042.7031250   2.0284056e-21
 113636.1015625   1.9899431e-21
 114229.5000000   1.9581778e-21
 114822.8984375   1.9179784e-21
 115416.2968750   1.8847278e-21
 116009.7031250   1.8514764e-21
 116603.1015625   1.8296351e-21
 117196.5000000   1.7981214e-21
 117789.8984375   1.7745468e-21
 118383.2968750   1.7410433e-21
 118976.7031250   1.7157360e-21
 119570.1015625   1.6951388e-21
 120163.5000000   1.6728041e-21
 120756.8984375   1.6584081e-21
 121350.2968750   1.6452556e-21
 121943.7031250   1.6363272e-21
 122537.1015625   1.6082844e-21
 123130.5000000   1.5608886e-21
 123723.8984375   1.5522000e-21
 124317.2968750   1.5477345e-21
 124910.7031250   1.5122504e-21
 125504.1015625   1.5100140e-21
 126097.5000000   1.4881759e-21
 126690.8984375   1.4732905e-21
 127284.2968750   1.4013249e-21
 127877.7031250   1.3320907e-21
 128471.1015625   1.3286142e-21
 129064.5000000   1.2521803e-21
 129657.8984375   1.2154550e-21
 130251.2968750   1.1876620e-21
 130844.7031250   1.1491993e-21
 131438.0937500   1.1415082e-21
 132031.5000000   1.1119775e-21
 132624.9062500   1.0784733e-21
 133218.2968750   1.0874099e-21
 133811.7031250   1.0603585e-21
 134405.0937500   1.0156934e-21
 134998.5000000   9.9013469e-22
 135591.9062500   9.6308501e-22
 136185.2968750   9.3429677e-22
 136778.7031250   9.4099671e-22
 137372.0937500   9.2312932e-22
 137965.5000000   9.1121851e-22
 138558.9062500   8.9930729e-22
 139152.2968750   8.7573446e-22
 139745.7031250   8.6158878e-22
 140339.0937500   8.7548455e-22
 140932.5000000   8.5513865e-22
 141525.9062500   8.4124051e-22
 142119.2968750   8.2734303e-22
 142712.7031250   8.0798819e-22
 143306.0937500   8.0897890e-22
 143899.5000000   7.9235401e-22
 144492.9062500   7.7870644e-22
 145086.2968750   7.7151011e-22
 145679.7031250   7.5612330e-22
 146273.0937500   7.4818214e-22
 146866.5000000   7.2758583e-22
 147459.9062500   7.1939763e-22
 148053.2968750   7.1170470e-22
 148646.7031250   7.0624639e-22
 149240.0937500   6.9482919e-22
 149833.5000000   6.7696398e-22
 150426.9062500   6.7001312e-22
 151020.2968750   6.6530105e-22
 151613.7031250   6.5661303e-22
 152207.0937500   6.4892137e-22
 152800.5000000   6.4048387e-22
 153393.9062500   6.3949170e-22
 153987.2968750   6.2832526e-22
 154580.7031250   6.1839859e-22
 155174.0937500   6.0896826e-22
 155767.5000000   6.0425276e-22
 156360.9062500   6.0276582e-22
 156954.2968750   5.9035795e-22
 157547.7031250   5.8067907e-22
 158141.0937500   5.7472437e-22
 158734.5000000   5.6579114e-22
 159327.9062500   5.5958592e-22
 159921.2968750   5.5288512e-22
 160514.7031250   5.4767470e-22
 161108.0937500   5.4097395e-22
 161701.5000000   5.3799572e-22
 162294.9062500   5.2931244e-22
 162888.2968750   5.2534062e-22
 163481.7031250   5.1715227e-22
 164075.0937500   5.1938516e-22
 164668.5000000   5.0474355e-22
 165261.9062500   5.0648222e-22
 165855.2968750   4.9556207e-22
 166448.7031250   4.9332973e-22
 167042.0937500   4.8265923e-22
 167635.5000000   4.8092202e-22
 168228.9062500   4.7347800e-22
 168822.2968750   4.6503883e-22
 169415.7031250   4.6156552e-22
 170009.0937500   4.5635500e-22
 170602.5000000   4.4940565e-22
 171195.9062500   4.4295497e-22
 171789.2968750   4.4270601e-22
 172382.7031250   4.3699774e-22
 172976.0937500   4.3377202e-22
 173569.5000000   4.2880934e-22
 174162.9062500   4.2359831e-22
 174756.2968750   4.1813829e-22
 175349.7031250   4.1168586e-22
 175943.0937500   4.0647577e-22
 176536.5000000   4.0101622e-22
 177129.9062500   3.9853538e-22
 177723.2968750   3.9307538e-22
 178316.7031250   3.8736688e-22
 178910.0937500   3.8364552e-22
 179503.5000000   3.8017191e-22
 180096.9062500   3.7719327e-22
 180690.2968750   3.7247861e-22
 181283.7031250   3.6701921e-22
 181877.0937500   3.6280114e-22
 182470.5000000   3.5858118e-22
 183063.9062500   3.5411469e-22
 183657.2968750   3.4815910e-22
 184250.7031250   3.4418953e-22
 184844.0937500   3.3997095e-22
 185437.5000000   3.3649648e-22
 186030.9062500   3.3153246e-22
 186624.2968750   3.2656996e-22
 187217.7031250   3.2235207e-22
 187811.0937500   3.1987002e-22
 188404.5000000   3.1713955e-22
 188997.9062500   3.1515543e-22
 189591.2968750   3.1019139e-22
 190481.4062500   3.0299597e-22
 191668.2031250   2.9505511e-22
 192855.0000000   2.8934716e-22
 194041.7968750   2.8289484e-22
 195228.5937500   2.7495375e-22
 196415.4062500   2.6775721e-22
 197602.2031250   2.6353859e-22
 198789.0000000   2.5832799e-22
 199975.7968750   2.5262063e-22
 201162.5937500   2.4611885e-22
 202349.4062500   2.4157713e-22
 203536.2031250   2.3666355e-22
 204723.0000000   2.2959126e-22
 205909.7968750   2.2447934e-22
 207096.5937500   2.1966543e-22
 208283.4062500   2.1539702e-22
 209470.2031250   2.1070754e-22
 210657.0000000   2.0658776e-22
 211843.7968750   2.0231919e-22
 213030.5937500   1.9874625e-22
 214217.4062500   1.9547066e-22
 215404.2031250   1.9207094e-22
 216591.0000000   1.8800074e-22
 217777.7968750   1.8393114e-22
 218964.5937500   1.7991168e-22
 220151.4062500   1.7623841e-22
 221338.2031250   1.7350893e-22
 222525.0000000   1.7010901e-22
 223711.7968750   1.6730538e-22
 224898.5937500   1.6278907e-22
 226085.4062500   1.5968684e-22
 227272.2031250   1.5571638e-22
 228459.0000000   1.5358238e-22
 229645.7968750   1.5107569e-22
 230832.5937500   1.4842075e-22
 232019.4062500   1.4519453e-22
 233206.2031250   1.4196858e-22
 234393.0000000   1.3951167e-22
 235579.7968750   1.3757619e-22
 236766.5937500   1.3504515e-22
 237953.4062500   1.3273719e-22
 239140.2031250   1.2995801e-22
 240327.0000000   1.2767474e-22
 241513.7968750   1.2511908e-22
 242700.5937500   1.2288575e-22
 243887.4062500   1.2005683e-22
 245074.2031250   1.1794752e-22
 246261.0000000   1.1593737e-22
 247447.7968750   1.1395195e-22
 248634.5937500   1.1233899e-22
 249821.4062500   1.1032894e-22
 251008.2031250   1.0834391e-22
 252195.0000000   1.0640812e-22
 253381.7968750   1.0486970e-22
 254568.5937500   1.0323194e-22
 255755.4062500   1.0151939e-22
 256942.2031250   9.9807193e-23
 258129.0000000   9.8144558e-23
 259315.7968750   9.6780005e-23
 260502.5937500   9.5564005e-23
 261689.4062500   9.4571157e-23
 262876.1875000   9.3156799e-23
 264063.0000000   9.1866431e-23
 265249.8125000   9.0203663e-23
 266436.5937500   8.8615737e-23
 267623.4062500   8.7374833e-23
 268810.1875000   8.5563451e-23
 269997.0000000   8.3950218e-23
 271183.8125000   8.2386942e-23
 272370.5937500   8.1071810e-23
 273557.4062500   8.0128812e-23
 274744.1875000   7.9582756e-23
 275931.0000000   7.8614937e-23
 277117.8125000   7.6952372e-23
 278304.5937500   7.5562866e-23
 279491.4062500   7.4197795e-23
 280678.1875000   7.3106119e-23
 281865.0000000   7.2560101e-23
 283051.8125000   7.1592434e-23
 284238.5937500   7.0351600e-23
 285425.4062500   6.9433505e-23
 286612.1875000   6.8093281e-23
 287799.0000000   6.6778048e-23
 288985.8125000   6.6232156e-23
 290172.5937500   6.5537422e-23
 291359.4062500   6.4594436e-23
 292546.1875000   6.3924460e-23
 293733.0000000   6.3155106e-23
 294919.8125000   6.1939067e-23
 296106.5937500   6.0648605e-23
 297293.4062500   5.9507218e-23
 593400.0000000   3.1962147e-24
1186800.0000000   2.0462739e-25
1780200.0000000   4.0573024e-26
2373600.0000000   1.2836969e-26
2967000.0000000   5.2509382e-27
3560400.0000000   2.5262063e-27
4153800.0000000   1.3613729e-27
4747200.0000000   7.9632393e-28
