    361.9070129   1.6036725e-23
    373.8380127   1.8335939e-23
    381.7919922   1.9605969e-23
    389.7460022   1.0944295e-22
    397.7000122   3.0276335e-22
    405.6539917   3.2853664e-22
    413.6080017   3.1197722e-22
    421.5620117   3.1712299e-22
    429.5159912   3.2359766e-22
    437.4700012   3.6966598e-22
    453.3779907   3.8352784e-22
    469.2860107   3.7244607e-22
    481.2170105   4.7188806e-22
    497.1250000   4.8973358e-22
    505.0790100   5.0052535e-22
    509.0559998   5.0841028e-22
    520.9869995   4.9014889e-22
    524.9639893   5.0716587e-22
    532.9180298   4.8433914e-22
    544.8489990   5.3870768e-22
    556.7800293   5.3995123e-22
    568.7109985   6.8230723e-22
    584.6190186   8.4914745e-22
    600.5269775   7.6033282e-22
    616.4349976   8.5786253e-22
    632.3430176   8.6118438e-22
    644.2739868   8.6242959e-22
    660.1820068   8.6782485e-22
    676.0900269   8.6699444e-22
    688.0209961   7.1301904e-22
    703.9290161   8.7363369e-22
    715.8599854   8.7488153e-22
    723.8140259   8.7488153e-22
    739.7219849   8.7653912e-22
    759.6069946   8.7737105e-22
    771.5380249   8.8276681e-22
    787.4459839   8.8027345e-22
    803.3540039   8.8359681e-22
    815.2849731   8.8235200e-22
    835.1699829   8.5537200e-22
    859.0319824   8.8151927e-22
    874.9400024   8.8483950e-22
    886.8709717   8.7446663e-22
    902.7789917   8.8691715e-22
    914.7100220   1.1039782e-21
    930.6179810   1.5856109e-21
    954.4799805   1.6347480e-21
    978.3419800   1.4457930e-21
   1002.2039795   1.4174810e-21
   1022.0889893   1.2514278e-21
   1034.0200195   1.2784932e-21
   1049.9279785   1.5516827e-21
   1069.8129883   1.5269537e-21
   1089.6979980   1.4873078e-21
   1109.5830078   1.2334811e-21
   1129.4680176   1.4032842e-21
   1153.3299561   1.3864440e-21
   1177.1920166   1.2172826e-21
   1197.0770264   1.0706023e-21
   1224.9160156   1.0871097e-21
   1264.6860352   9.9101407e-22
   1304.4560547   9.4967433e-22
   1344.2259521   8.3397214e-22
   1383.9959717   7.3400854e-22
   1419.7889404   9.2329199e-22
   1455.5820312   1.3182980e-21
   1491.3750000   1.2197282e-21
   1531.1450195   9.0582043e-22
   1570.9150391   1.2614708e-21
   1610.6850586   1.4667125e-21
   1646.4780273   1.3790051e-21
   1678.2939453   1.1921830e-21
   1710.1099854   1.0865512e-21
   1753.8570557   1.1933198e-21
   1793.6269531   1.1528751e-21
   1829.4200439   9.6727363e-22
   1869.1899414   9.3861977e-22
   1908.9599609   1.0072981e-21
   1948.7299805   8.1540702e-22
   1988.5000000   9.6672998e-22
   2012.3619385   8.1278634e-22
   2036.2239990   1.2532153e-21
   2068.0400391   1.1577207e-21
   2107.8100586   1.0327281e-21
   2147.5800781   8.2309595e-22
   2187.3500977   7.7674632e-22
   2227.1201172   9.9731890e-22
   2266.8898926   1.0941267e-21
   2306.6599121   1.0498219e-21
   2346.4299316   1.0525781e-21
   2386.1999512   8.7257538e-22
   2425.9699707   8.4024410e-22
   2465.7399902   1.0637454e-21
   2505.5100098   1.0004863e-21
   2545.2800293   1.1081462e-21
   2585.0500488   1.0740780e-21
   2616.8659668   9.9395626e-22
   2644.7050781   1.1358378e-21
   2684.4750977   1.2186039e-21
   2724.2451172   1.0674473e-21
   2764.0148926   1.2770902e-21
   2803.7849121   1.0648906e-21
   2847.5319824   1.4261670e-21
   2887.3020020   1.5080994e-21
   2923.0949707   1.5832590e-21
   2962.8649902   1.6163222e-21
   3002.6350098   1.7055196e-21
   3042.4050293   1.6355881e-21
   3082.1750488   1.9638976e-21
   3121.9450684   1.9457572e-21
   3161.7150879   2.2818506e-21
   3201.4851074   2.5957687e-21
   3241.2548828   2.9592734e-21
   3281.0249023   3.4326432e-21
   3320.7949219   3.1319354e-21
   3360.5649414   4.4721063e-21
   3400.3349609   5.1211685e-21
   3440.1049805   6.2329323e-21
   3479.8750000   7.4017527e-21
   3519.6450195   8.8358520e-21
   3559.4150391   1.0636147e-20
   3599.1850586   1.2622909e-20
   3638.9550781   1.4951275e-20
   3678.7250977   5.0225612e-20
   3718.4951172   9.0949975e-20
   3758.2648926   1.3185701e-19
   3798.0349121   1.7033188e-19
   3837.8049316   1.8376166e-19
   3877.5749512   8.4442810e-20
   3917.3449707   1.6828633e-19
   3957.1149902   1.6405809e-19
   3996.8850098   2.0632946e-19
   4036.6550293   2.1267583e-19
   4076.4250488   1.4961258e-19
   4116.1948242   2.3118806e-19
   4155.9648438   3.1799883e-19
   4195.7348633   3.0736139e-19
   4235.5048828   2.6005271e-19
   4275.2749023   2.8676780e-19
   4315.0449219   2.5120573e-19
   4354.8149414   2.9483891e-19
   4394.5849609   2.8101401e-19
   4434.3549805   2.7380671e-19
   4474.1250000   2.4098385e-19
   4513.8950195   2.8673758e-19
   4553.6650391   2.7128947e-19
   4593.4350586   2.7271222e-19
   4633.2050781   2.6882372e-19
   4672.9750977   1.8329096e-19
   4712.7451172   2.5573411e-19
   4752.5151367   2.1716864e-19
   4792.2851562   1.8392153e-19
   4832.0551758   1.4887129e-19
   4871.8251953   3.2166353e-19
   4911.5952148   3.9177267e-19
   4951.3652344   4.0519272e-19
   4991.1347656   3.9461853e-19
   5030.9047852   3.7954316e-19
   5070.6748047   4.3619074e-19
   5110.4448242   4.4620811e-19
   5150.2148438   3.8323821e-19
   5189.9848633   3.8800047e-19
   5229.7548828   4.4456501e-19
   5269.5249023   4.2641517e-19
   5309.2949219   4.0048492e-19
   5349.0649414   4.3778177e-19
   5388.8349609   4.2851215e-19
   5428.6049805   3.9900491e-19
   5468.3750000   4.0073651e-19
   5508.1450195   3.9901719e-19
   5547.9150391   3.0777881e-19
   5587.6850586   3.0395576e-19
   5627.4550781   3.7722166e-19
   5667.2250977   3.6981051e-19
   5706.9951172   3.8382775e-19
   5734.8339844   3.9141496e-19
   5754.7192383   3.9192932e-19
   5786.5351562   3.8056636e-19
   5826.3051758   3.6106082e-19
   5866.0751953   3.6628193e-19
   5905.8452148   3.7068207e-19
   5945.6152344   3.6930735e-19
   5985.3847656   3.5043429e-19
   6013.2241211   3.2233243e-19
   6033.1088867   3.3486318e-19
   6064.9248047   3.3160109e-19
   6104.6948242   2.8736415e-19
   6144.4648438   2.6687801e-19
   6184.2348633   2.6409140e-19
   6224.0048828   2.9008529e-19
   6263.7749023   3.0685159e-19
   6303.5449219   3.1364228e-19
   6343.3149414   3.1478487e-19
   6383.0849609   3.0860718e-19
   6422.8549805   3.0507383e-19
   6462.6250000   2.9915762e-19
   6502.3950195   3.1384344e-19
   6542.1650391   3.1472542e-19
   6581.9350586   3.0704975e-19
   6621.7050781   3.1873570e-19
   6649.5439453   2.9593775e-19
   6669.4291992   3.2861166e-19
   6701.2451172   3.2753966e-19
   6741.0151367   3.1256007e-19
   6780.7851562   3.0420417e-19
   6820.5551758   2.8749417e-19
   6860.3251953   2.8291239e-19
   6900.0952148   2.9709673e-19
   6939.8652344   2.9119198e-19
   6979.6347656   2.9816206e-19
   7019.4047852   2.8667211e-19
   7059.1748047   2.8118438e-19
   7098.9448242   2.8787824e-19
   7138.7148438   2.9509803e-19
   7178.4848633   2.9631750e-19
   7218.2548828   2.7392820e-19
   7258.0249023   2.7988703e-19
   7297.7949219   2.7301063e-19
   7337.5649414   2.5451169e-19
   7377.3349609   2.5369035e-19
   7417.1049805   2.5747413e-19
   7456.8750000   2.6949040e-19
   7496.6450195   2.4737061e-19
   7536.4150391   2.3588849e-19
   7576.1850586   2.5102597e-19
   7615.9550781   2.3839743e-19
   7655.7250977   2.2916325e-19
   7695.4951172   2.4189788e-19
   7735.2651367   2.4571398e-19
   7775.0351562   2.2571619e-19
   7822.7587891   2.4325086e-19
   7858.5517578   2.5020598e-19
   7890.3681641   2.3696321e-19
   7934.1152344   2.3121141e-19
   7973.8847656   2.3864256e-19
   8013.6547852   2.3326457e-19
   8053.4248047   2.4122740e-19
   8093.1948242   2.2515187e-19
   8132.9648438   2.2907973e-19
   8172.7348633   2.0668590e-19
   8212.5048828   2.1465488e-19
   8248.2978516   2.3386567e-19
   8264.2060547   2.1793107e-19
   8292.0449219   2.2576178e-19
   8331.8154297   2.1441274e-19
   8371.5849609   2.1850803e-19
   8411.3554688   2.2029448e-19
   8451.1250000   2.2092136e-19
   8490.8945312   2.1389169e-19
   8530.6650391   2.0999352e-19
   8570.4345703   2.1647256e-19
   8610.2050781   2.1180245e-19
   8649.9746094   2.1097618e-19
   8689.7451172   2.0507013e-19
   8729.5146484   2.1065769e-19
   8769.2851562   2.0743248e-19
   8809.0546875   2.0180904e-19
   8848.8251953   1.9716496e-19
   8888.5947266   2.0058345e-19
   8928.3652344   1.9750121e-19
   8968.1347656   1.9200613e-19
   9007.9052734   1.9537462e-19
   9047.6748047   1.9631043e-19
   9087.4453125   1.9652953e-19
   9127.2148438   1.8598390e-19
   9166.9853516   1.8834463e-19
   9206.7548828   1.8303597e-19
   9246.5253906   1.5840449e-19
   9286.2949219   1.7605826e-19
   9326.0654297   1.7515975e-19
   9365.8349609   1.7705932e-19
   9405.6054688   1.7182329e-19
   9445.3750000   1.7077307e-19
   9485.1445312   1.6496411e-19
   9524.9150391   1.6901590e-19
   9564.6845703   1.6440936e-19
   9604.4550781   1.6481566e-19
   9644.2246094   1.6652257e-19
   9683.9951172   1.6108443e-19
   9723.7646484   1.6431408e-19
   9763.5351562   1.6214697e-19
   9803.3046875   1.6047434e-19
   9843.0751953   1.5699920e-19
   9882.8447266   1.5761545e-19
   9922.6152344   1.3774312e-19
   9962.3847656   1.5535306e-19
   9994.2011719   1.4716487e-19
  10014.0859375   1.5285505e-19
  10041.9248047   1.4965990e-19
  10081.6953125   1.4944644e-19
  10121.4648438   1.4587980e-19
  10161.2353516   1.4863283e-19
  10201.0048828   1.4699885e-19
  10240.7753906   1.4948648e-19
  10280.5449219   1.4803414e-19
  10320.3154297   1.4665386e-19
  10360.0849609   1.4405575e-19
  10399.8554688   1.4235763e-19
  10439.6250000   1.4292144e-19
  10479.3945312   1.4276084e-19
  10519.1650391   1.4482714e-19
  10558.9345703   1.4405955e-19
  10598.7050781   1.3841503e-19
  10638.4746094   1.3982704e-19
  10678.2451172   1.3908656e-19
  10718.0146484   1.3550446e-19
  10757.7851562   1.3517102e-19
  10797.5546875   1.3306296e-19
  10837.3251953   1.3282008e-19
  10877.0947266   1.3356121e-19
  10916.8652344   1.2793694e-19
  10956.6347656   1.2741546e-19
  10996.4052734   1.2771744e-19
  11036.1748047   1.2950568e-19
  11075.9453125   1.2773932e-19
  11115.7148438   1.1855416e-19
  11155.4853516   1.2170794e-19
  11195.2548828   1.2587700e-19
  11235.0253906   1.2481509e-19
  11274.7949219   1.2023101e-19
  11314.5654297   1.1969836e-19
  11354.3349609   1.1877514e-19
  11394.1054688   1.2004422e-19
  11433.8750000   1.1831801e-19
  11473.6445312   1.1783988e-19
  11513.4150391   1.1638535e-19
  11573.0703125   1.1684835e-19
  11652.6103516   1.1483272e-19
  11732.1503906   1.1251484e-19
  11811.6904297   1.1166125e-19
  11891.2304688   1.1006379e-19
  11970.7695312   1.0856306e-19
  12050.3095703   1.0776122e-19
  12129.8496094   1.0631944e-19
  12209.3896484   1.0486285e-19
  12288.9296875   1.0311962e-19
  12368.4697266   1.0182979e-19
  12448.0097656   9.9995040e-20
  12527.5498047   9.8958318e-20
  12607.0898438   9.7024757e-20
  12686.6298828   9.4541723e-20
  12766.1699219   9.3868992e-20
  12845.7099609   9.2208039e-20
  12925.2500000   9.1278909e-20
  13004.7900391   8.9849050e-20
  13084.3300781   8.8521657e-20
  13163.8701172   8.7275930e-20
  13243.4101562   8.5580035e-20
  13322.9501953   8.3892399e-20
  13402.4902344   8.2431146e-20
  13482.0302734   8.1283271e-20
  13561.5703125   8.0236261e-20
  13641.1103516   7.8507680e-20
  13720.6503906   7.7307757e-20
  13800.1904297   7.6319658e-20
  13879.7304688   7.5227152e-20
  13959.2695312   7.4389044e-20
  14038.8095703   7.3279420e-20
  14118.3496094   7.2360926e-20
  14197.8896484   7.0851464e-20
  14277.4296875   6.9406405e-20
  14356.9697266   6.8606929e-20
  14436.5097656   6.7875656e-20
  14476.2802734   6.7541714e-20
  14516.0498047   6.7512058e-20
  14595.5898438   6.6235395e-20
  14675.1298828   6.3113280e-20
  14754.6699219   6.4721687e-20
  14834.2099609   6.4075711e-20
  14913.7500000   7.1153630e-20
  14993.2900391   7.1586498e-20
  15072.8300781   7.6871348e-20
  15152.3701172   8.1808654e-20
  15231.9101562   7.0807914e-20
  15311.4501953   8.3083908e-20
  15390.9902344   8.5090945e-20
  15470.5302734   6.6673756e-20
  15550.0703125   8.4658181e-20
  15629.6103516   8.0777580e-20
  15709.1503906   8.1554315e-20
  15788.6904297   6.1428720e-20
  15868.2304688   8.0368862e-20
  15947.7695312   8.2234800e-20
  16027.3095703   8.0081707e-20
  16106.8496094   8.0535287e-20
  16186.3896484   7.7835809e-20
  16265.9296875   7.1896219e-20
  16345.4697266   6.2518763e-20
  16425.0097656   7.4266957e-20
  16504.5507812   7.4930388e-20
  16584.0898438   7.4384139e-20
  16663.6308594   7.3831175e-20
  16743.1699219   7.3321270e-20
  16822.7109375   7.2240578e-20
  16902.2500000   7.1403439e-20
  16981.7890625   6.9449399e-20
  17061.3300781   6.9074641e-20
  17140.8691406   6.6582171e-20
  17220.4101562   6.0912643e-20
  17299.9492188   5.5519212e-20
  17379.4902344   6.5846446e-20
  17459.0292969   6.4742153e-20
  17538.5703125   6.4867665e-20
  17618.1093750   6.4557317e-20
  17697.6503906   6.4265659e-20
  17777.1894531   6.2728615e-20
  17856.7304688   6.2960458e-20
  17936.2695312   6.3653590e-20
  18015.8105469   6.1802696e-20
  18095.3496094   6.1079533e-20
  18174.8906250   6.1513215e-20
  18254.4296875   6.0157343e-20
  18333.9707031   5.9867423e-20
  18413.5097656   5.8619098e-20
  18493.0507812   5.8043464e-20
  18572.5898438   5.8048052e-20
  18652.1308594   5.7186951e-20
  18731.6699219   5.5666683e-20
  18811.2109375   5.6227880e-20
  18890.7500000   5.6014687e-20
  18970.2890625   5.5753052e-20
  19049.8300781   5.4901877e-20
  19129.3691406   5.3929711e-20
  19208.9101562   5.3261468e-20
  19288.4492188   4.8435616e-20
  19367.9902344   4.2842747e-20
  19447.5292969   5.1240711e-20
  19527.0703125   5.1297221e-20
  19606.6093750   5.0143181e-20
  19686.1503906   5.0719035e-20
  19765.6894531   5.0036049e-20
  19845.2304688   4.8732415e-20
  19924.7695312   4.6997078e-20
  20004.3105469   4.7759880e-20
  20083.8496094   4.6997078e-20
  20163.3906250   4.7568963e-20
  20242.9296875   4.6492672e-20
  20322.4707031   4.6250528e-20
  20402.0097656   4.5313390e-20
  20481.5507812   4.4517264e-20
  20561.0898438   4.3551696e-20
  20640.6308594   4.3448153e-20
  20720.1699219   4.3296145e-20
  20799.7109375   4.3431936e-20
  20879.2500000   4.3519571e-20
  20958.7890625   4.1991804e-20
  21038.3300781   4.3042469e-20
  21117.8691406   4.3032262e-20
  21197.4101562   4.1619460e-20
  21276.9492188   4.2187930e-20
  21356.4902344   4.1909083e-20
  21436.0292969   4.1145295e-20
  21515.5703125   4.0622081e-20
  21595.1093750   4.0389039e-20
  21674.6503906   4.0422400e-20
  21754.1894531   3.9604568e-20
  21833.7304688   3.9320512e-20
  21913.2695312   3.8962611e-20
  21992.8105469   3.9018265e-20
  22072.3496094   3.8951492e-20
  22151.8906250   3.8518376e-20
  22231.4296875   3.7839807e-20
  22310.9707031   3.7966986e-20
  22390.5097656   3.7384395e-20
  22470.0507812   3.7143330e-20
  22549.5898438   3.6656838e-20
  22629.1308594   3.6831445e-20
  22708.6699219   3.6245258e-20
  22788.2109375   3.6983972e-20
  22867.7500000   3.6077234e-20
  22947.2890625   3.6078659e-20
  23026.8300781   3.5317055e-20
  23106.3691406   3.5612991e-20
  23185.9101562   3.5736768e-20
  23265.4492188   3.5046660e-20
  23344.9902344   3.4379995e-20
  23424.5292969   3.3317035e-20
  23504.0703125   3.4031920e-20
  23583.6093750   3.3881893e-20
  23663.1503906   3.3558314e-20
  23742.6894531   3.3679828e-20
  23822.2304688   3.3132303e-20
  23901.7695312   3.2881379e-20
  23981.3105469   3.3051788e-20
  24060.8496094   3.3073279e-20
  24140.3906250   3.2920683e-20
  24219.9296875   3.2195892e-20
  24299.4707031   3.2067194e-20
  24379.0097656   3.1216087e-20
  24458.5507812   3.1061414e-20
  24538.0898438   3.0457579e-20
  24617.6308594   3.0750724e-20
  24697.1699219   3.0395311e-20
  24776.7109375   2.9714635e-20
  24856.2500000   2.9058005e-20
  24935.7890625   2.9650625e-20
  25015.3300781   2.9843326e-20
  25094.8691406   2.9360362e-20
  25174.4101562   2.9527950e-20
  25253.9492188   2.9194493e-20
  25333.4902344   2.9035933e-20
  25413.0292969   2.9228233e-20
  25492.5703125   2.8918725e-20
  25572.1093750   2.8884963e-20
  25651.6503906   2.8700214e-20
  25731.1894531   2.8590512e-20
  25810.7304688   2.8053061e-20
  25890.2695312   2.8269999e-20
  25969.8105469   2.7958113e-20
  26049.3496094   2.6789026e-20
  26128.8906250   2.4236686e-20
  26208.4296875   2.7246919e-20
  26287.9707031   2.7513995e-20
  26367.5097656   2.7276132e-20
  26447.0507812   2.7037835e-20
  26526.5898438   2.6495923e-20
  26606.1308594   2.6611024e-20
  26685.6699219   2.6042757e-20
  26765.2109375   2.6233431e-20
  26844.7500000   2.5841665e-20
  26924.2890625   2.5880169e-20
  27003.8300781   2.5563640e-20
  27083.3691406   2.5601841e-20
  27162.9101562   2.5614774e-20
  27242.4492188   2.5254199e-20
  27321.9902344   2.5383522e-20
  27401.5292969   2.5551181e-20
  27481.0703125   2.5400918e-20
  27560.6093750   2.5128188e-20
  27640.1503906   2.4865374e-20
  27719.6894531   2.4953768e-20
  27799.2304688   2.4761844e-20
  27878.7695312   2.4421748e-20
  27958.3105469   2.4494577e-20
  28037.8496094   2.4330002e-20
  28117.3906250   2.3636659e-20
  28196.9296875   2.3231172e-20
  28276.4707031   2.2585105e-20
  28356.0097656   2.2222239e-20
  28435.5507812   2.2263072e-20
  28515.0898438   2.2334563e-20
  28594.6308594   2.2101450e-20
  28674.1699219   2.2457215e-20
  28753.7109375   2.2569736e-20
  28833.2500000   2.2669474e-20
  28912.7890625   2.2623128e-20
  28992.3300781   2.2345651e-20
  29071.8691406   2.2655840e-20
  29151.4101562   2.2622034e-20
  29230.9492188   2.2636941e-20
  29310.4902344   2.2906263e-20
  29390.0292969   2.2566366e-20
  29469.5703125   2.2457610e-20
  29549.1093750   2.2518646e-20
  29628.6503906   2.2486923e-20
  29708.1894531   2.2426761e-20
  29787.7304688   2.2276274e-20
  29867.2695312   2.2375799e-20
  29946.8105469   2.2470142e-20
  30026.3496094   2.2463925e-20
  30105.8906250   2.2282049e-20
  30185.4296875   2.2004407e-20
  30264.9707031   2.1816953e-20
  30344.5097656   2.1660380e-20
  30424.0507812   2.1462187e-20
  30503.5898438   2.0930114e-20
  30583.1308594   2.1142883e-20
  30662.6699219   2.0845716e-20
  30742.2109375   2.0781365e-20
  30821.7500000   2.0657337e-20
  30901.2890625   2.0678305e-20
  30980.8300781   2.0769230e-20
  31060.3691406   2.0702022e-20
  31139.9101562   2.0608766e-20
  31219.4492188   2.0323303e-20
  31298.9902344   2.0315449e-20
  31378.5292969   1.9813977e-20
  31458.0703125   1.9504371e-20
  31537.6093750   1.9542869e-20
  31617.1503906   1.9339491e-20
  31696.6894531   1.9700397e-20
  31776.2304688   1.9611394e-20
  31855.7695312   1.9701869e-20
  31935.3105469   1.9643893e-20
  32014.8496094   1.9512939e-20
  32094.3906250   1.9368817e-20
  32173.9296875   1.9042063e-20
  32253.4707031   1.8941972e-20
  32333.0097656   1.9128733e-20
  32412.5507812   1.9085936e-20
  32492.0898438   1.9103126e-20
  32571.6308594   1.8832975e-20
  32651.1699219   1.8716713e-20
  32730.7109375   1.8796369e-20
  32810.2500000   1.8802891e-20
  32889.7890625   1.8861699e-20
  32969.3281250   1.8687635e-20
  33048.8710938   1.8199390e-20
  33128.4101562   1.8184609e-20
  33207.9492188   1.8112239e-20
  33287.4882812   1.8147113e-20
  33367.0312500   1.7841362e-20
  33446.5703125   1.8125209e-20
  33526.1093750   1.7779801e-20
  33605.6484375   1.7683394e-20
  33685.1914062   1.7547465e-20
  33764.7304688   1.7815758e-20
  33844.2695312   1.6965549e-20
  33923.8085938   1.7743296e-20
  34003.3515625   1.6369534e-20
  34082.8906250   1.8077987e-20
  34162.4296875   1.7421227e-20
  34241.9687500   1.7400505e-20
  34321.5117188   1.8134843e-20
  34401.0507812   1.7814194e-20
  34480.5898438   1.6058644e-20
  34560.1289062   1.7567361e-20
  34639.6718750   1.8015373e-20
  34719.2109375   1.7810203e-20
  34798.7500000   1.6706024e-20
  34878.2890625   1.7620832e-20
  34957.8281250   1.7908405e-20
  35037.3710938   1.7647473e-20
  35116.9101562   1.7652821e-20
  35196.4492188   1.7291262e-20
  35275.9882812   1.6359043e-20
  35355.5312500   1.7449559e-20
  35435.0703125   1.7703210e-20
  35514.6093750   1.7399206e-20
  35594.1484375   1.7391185e-20
  35673.6914062   1.7343438e-20
  35753.2304688   1.7131618e-20
  35832.7695312   1.5988201e-20
  35912.3085938   1.6625511e-20
  35991.8515625   1.7361117e-20
  36071.3906250   1.7164831e-20
  36150.9296875   1.6735324e-20
  36230.4687500   1.6798431e-20
  36310.0117188   1.6996721e-20
  36389.5507812   1.6847785e-20
  36469.0898438   1.6648381e-20
  36548.6289062   1.6570840e-20
  36628.1718750   1.5898785e-20
  36707.7109375   1.5021963e-20
  36787.2500000   1.5679318e-20
  36866.7890625   1.5991783e-20
  36946.3281250   1.6054695e-20
  37025.8710938   1.6130885e-20
  37105.4101562   1.6028980e-20
  37184.9492188   1.5998807e-20
  37264.4882812   1.5790438e-20
  37344.0312500   1.5861193e-20
  37423.5703125   1.5498303e-20
  37503.1093750   1.5784614e-20
  37582.6484375   1.5522621e-20
  37662.1914062   1.5665277e-20
  37741.7304688   1.5634760e-20
  37821.2695312   1.5404454e-20
  37900.8085938   1.5203290e-20
  37980.3515625   1.4287500e-20
  38059.8906250   1.5029949e-20
  38139.4296875   1.5391334e-20
  38218.9687500   1.5227212e-20
  38298.5117188   1.5196481e-20
  38378.0507812   1.5066959e-20
  38457.5898438   1.4980063e-20
  38537.1289062   1.5109436e-20
  38616.6718750   1.5011808e-20
  38696.2109375   1.4940772e-20
  38775.7500000   1.4829639e-20
  38855.2890625   1.4833352e-20
  38934.8281250   1.4644596e-20
  39014.3710938   1.4870269e-20
  39093.9101562   1.4742880e-20
  39173.4492188   1.4792041e-20
  39252.9882812   1.4688656e-20
  39332.5312500   1.4625379e-20
  39412.0703125   1.4545948e-20
  39491.6093750   1.4562888e-20
  39571.1484375   1.4526285e-20
  39650.6914062   1.4500344e-20
  39730.2304688   1.4401969e-20
  39869.4257812   1.4063135e-20
  40068.2734375   1.3753275e-20
  40267.1250000   1.4031179e-20
  40465.9765625   1.3882172e-20
  40664.8242188   1.3829715e-20
  40863.6757812   1.3768748e-20
  41062.5234375   1.3532724e-20
  41261.3750000   1.3396009e-20
  41460.2265625   1.3350491e-20
  41659.0742188   1.3181128e-20
  41857.9257812   1.3111153e-20
  42056.7734375   1.2941074e-20
  42255.6250000   1.2838047e-20
  42454.4765625   1.2583389e-20
  42653.3242188   1.2531768e-20
  42852.1757812   1.2400862e-20
  43051.0234375   1.2145485e-20
  43249.8750000   1.1954863e-20
  43448.7265625   1.1497856e-20
  43647.5742188   1.1444806e-20
  43846.4257812   1.1407922e-20
  44045.2734375   1.1294954e-20
  44244.1250000   1.1219608e-20
  44442.9765625   1.1130578e-20
  44641.8242188   1.1071441e-20
  44840.6757812   1.0933198e-20
  45039.5234375   1.0873818e-20
  45238.3750000   1.0808922e-20
  45437.2265625   1.0713454e-20
  45636.0742188   1.0763020e-20
  45834.9257812   1.0705647e-20
  46033.7734375   1.0580379e-20
  46232.6250000   1.0446294e-20
  46431.4765625   1.0396818e-20
  46630.3242188   1.0429424e-20
  46829.1757812   1.0275840e-20
  47028.0234375   1.0196091e-20
  47226.8750000   1.0042237e-20
  47425.7265625   1.0132302e-20
  47624.5742188   9.8463234e-21
  47823.4257812   9.9388642e-21
  48022.2734375   9.8202826e-21
  48221.1250000   9.7725258e-21
  48419.9765625   9.7549442e-21
  48618.8242188   9.6636070e-21
  48817.6757812   9.5854513e-21
  49016.5234375   9.4934493e-21
  49215.3750000   9.4454147e-21
  49414.2265625   9.3504852e-21
  49613.0742188   9.2996200e-21
  49811.9257812   9.1852357e-21
  50010.7734375   9.1397246e-21
  50209.6250000   9.0773993e-21
  50408.4765625   8.9763467e-21
  50607.3242188   8.9470642e-21
  50806.1757812   8.8873020e-21
  51005.0234375   8.4874846e-21
  51203.8750000   8.7095963e-21
  51402.7265625   8.6162703e-21
  51601.5742188   8.6531687e-21
  51800.4257812   8.5347696e-21
  51999.2734375   8.5439582e-21
  52198.1250000   8.4115980e-21
  52396.9765625   8.3706179e-21
  52595.8242188   8.3434946e-21
  52794.6757812   8.2217464e-21
  52993.5234375   8.2389524e-21
  53192.3750000   8.1476273e-21
  53391.2265625   8.1564702e-21
  53590.0742188   8.0900776e-21
  53788.9257812   8.0458566e-21
  53987.7734375   7.9209345e-21
  54186.6250000   7.8822065e-21
  54385.4765625   7.8684756e-21
  54584.3242188   7.8463905e-21
  54783.1757812   7.7964107e-21
  54982.0234375   7.7685208e-21
  55180.8750000   7.6820385e-21
  55379.7265625   7.5845515e-21
  55578.5742188   7.5565227e-21
  55777.4257812   7.4280326e-21
  55976.2734375   7.3971709e-21
  56175.1250000   7.2545485e-21
  56373.9765625   7.2347575e-21
  56572.8242188   7.1309423e-21
  56771.6757812   7.0412223e-21
  56970.5234375   7.1135820e-21
  57169.3750000   7.1131135e-21
  57368.2265625   6.9391778e-21
  57567.0742188   7.0283695e-21
  57765.9257812   6.9382633e-21
  57944.8906250   6.9571819e-21
  58143.7382812   6.8836307e-21
  58362.4765625   6.8581924e-21
  58561.3242188   6.7593351e-21
  58760.1757812   6.7727662e-21
  58959.0234375   6.7609385e-21
  59157.8750000   6.7208829e-21
  59356.7265625   6.8072982e-21
  59555.5742188   6.7335277e-21
  59754.4257812   6.7020475e-21
  59953.2734375   6.6450420e-21
  60152.1250000   6.6976342e-21
  60350.9765625   6.6996641e-21
  60549.8242188   6.6791870e-21
  60748.6757812   6.6783949e-21
  60947.5234375   6.6269437e-21
  61146.3750000   6.6655316e-21
  61345.2265625   6.6251395e-21
  61544.0742188   6.6297965e-21
  61742.9257812   6.5557319e-21
  61941.7734375   6.2871482e-21
  62140.6250000   6.3704770e-21
  62339.4765625   6.3357394e-21
  62538.3242188   6.4194575e-21
  62737.1757812   6.0655834e-21
  62936.0234375   6.0279264e-21
  63134.8750000   5.9814339e-21
  63333.7265625   6.1780714e-21
  63532.5742188   6.0101627e-21
  63830.8515625   6.0635857e-21
  64228.5507812   6.1005810e-21
  64626.2500000   5.9653519e-21
  65023.9492188   6.0673952e-21
  65421.6484375   5.8102378e-21
  65819.3515625   5.9123267e-21
  66217.0468750   5.7792407e-21
  66614.7500000   5.7225890e-21
  67012.4531250   5.5779261e-21
  67410.1484375   5.6031660e-21
  67807.8515625   5.4895611e-21
  68205.5468750   5.4266853e-21
  68603.2500000   5.3128538e-21
  69000.9531250   5.1616999e-21
  69398.6484375   5.1469633e-21
  69796.3515625   5.0724383e-21
  70194.0468750   4.9978285e-21
  70591.7500000   4.9003912e-21
  70989.4531250   4.8541454e-21
  71387.1484375   4.7648422e-21
  71784.8515625   4.6642994e-21
  72182.5468750   4.5691478e-21
  72580.2500000   4.5081739e-21
  72977.9531250   4.4359378e-21
  73375.6484375   4.3491489e-21
  73773.3515625   4.2965789e-21
  74171.0468750   4.1867686e-21
  74568.7500000   4.0854669e-21
  74966.4531250   4.0728011e-21
  75364.1484375   3.9396569e-21
  75761.8515625   3.9641637e-21
  76159.5468750   3.8855129e-21
  76557.2500000   3.8295554e-21
  76954.9531250   3.7335992e-21
  77352.6484375   3.6316484e-21
  77750.3515625   3.6329243e-21
  78148.0468750   3.5624411e-21
  78545.7500000   3.4892005e-21
  78943.4531250   3.4415948e-21
  79341.1484375   3.3910774e-21
  79738.8515625   3.3606395e-21
  80136.5468750   3.3127649e-21
  80534.2500000   3.2276307e-21
  80931.9531250   3.1741002e-21
  81329.6484375   3.1550597e-21
  81727.3515625   3.0955465e-21
  82125.0468750   3.0390238e-21
  82522.7500000   2.9996013e-21
  82920.4531250   2.9514986e-21
  83318.1484375   2.8977589e-21
  83715.8515625   2.8752699e-21
  84113.5468750   2.8207368e-21
  84511.2500000   2.7768558e-21
  84908.9531250   2.7524265e-21
  85306.6484375   2.7073482e-21
  85704.3515625   2.6633824e-21
  86102.0468750   2.5975935e-21
  86499.7500000   2.5726616e-21
  86897.4531250   2.5427819e-21
  87295.1484375   2.5117374e-21
  87692.8515625   2.4555109e-21
  88090.5468750   2.4433978e-21
  88488.2500000   2.3891313e-21
  88885.9531250   2.3585848e-21
  89283.6484375   2.3267419e-21
  89681.3515625   2.2961560e-21
  90079.0468750   2.2527945e-21
  90476.7500000   2.2389855e-21
  90874.4531250   2.1940235e-21
  91272.1484375   1.8657867e-21
  91669.8515625   1.9879089e-21
  92067.5468750   1.9730356e-21
  92465.2500000   1.6993139e-21
  92862.9531250   1.8307777e-21
  93260.6484375   1.7401269e-21
  93658.3515625   1.5607249e-21
  94056.0468750   1.6948791e-21
  94453.7500000   1.6096349e-21
  94851.4531250   1.4820978e-21
  95249.1484375   1.5881268e-21
  95646.8515625   1.5481636e-21
  96044.5468750   1.4339612e-21
  96442.2500000   1.5102999e-21
  96839.9531250   1.4682399e-21
  97237.6484375   1.4133412e-21
  97635.3515625   1.4203976e-21
  98033.0468750   1.4301499e-21
  98430.7500000   1.3953074e-21
  98828.4531250   1.2735336e-21
  99226.1484375   1.2738579e-21
  99623.8515625   1.3089635e-21
 100021.5468750   1.2550659e-21
 100419.2500000   1.2965480e-21
 100816.9531250   1.3062872e-21
 101214.6484375   1.3028782e-21
 101612.3515625   1.3006429e-21
 102010.0468750   1.3044756e-21
 102407.7500000   1.3136398e-21
 102805.4531250   1.2695854e-21
 103203.1484375   1.2728290e-21
 103600.8515625   1.2755543e-21
 103998.5468750   1.2457905e-21
 104396.2500000   1.2253766e-21
 104793.9531250   1.2321275e-21
 105191.6484375   1.2216582e-21
 105589.3515625   1.2012176e-21
 105987.0468750   1.1810049e-21
 106384.7500000   1.1878087e-21
 106782.4531250   1.1773177e-21
 107180.1484375   1.1480398e-21
 107577.8515625   1.1509678e-21
 107975.5468750   1.1378100e-21
 108373.2500000   1.1316951e-21
 108770.9531250   1.1026070e-21
 109168.6484375   1.1032318e-21
 109566.3515625   1.0909312e-21
 109964.0468750   1.0768552e-21
 110361.7500000   1.0568350e-21
 110759.4531250   1.0556800e-21
 111157.1484375   1.0495270e-21
 111554.8515625   1.0365451e-21
 111952.5468750   1.0180162e-21
 112350.2500000   1.0121405e-21
 112747.9531250   1.0059673e-21
 113145.6484375   9.9207662e-22
 113543.3515625   9.8004626e-22
 113941.0468750   9.6884670e-22
 114338.7500000   9.5440749e-22
 114736.4531250   9.4851555e-22
 115134.1484375   9.3790690e-22
 115531.8515625   9.2729885e-22
 115929.5468750   9.1816462e-22
 116327.2500000   9.0225503e-22
 116724.9531250   8.9812761e-22
 117122.6484375   8.8398496e-22
 117520.3515625   8.7396761e-22
 117918.0468750   8.6659852e-22
 118315.7500000   8.5628531e-22
 118713.4531250   8.4449855e-22
 119111.1484375   8.3448135e-22
 119508.8515625   8.2446350e-22
 119906.5468750   8.1680132e-22
 120304.2500000   8.0560399e-22
 120701.9531250   7.9086989e-22
 121099.6484375   7.8645025e-22
 121497.3515625   7.7790697e-22
 121895.0468750   7.6906804e-22
 122292.7500000   7.6169981e-22
 122690.4531250   7.5020940e-22
 123088.1484375   7.4225213e-22
 123485.8515625   7.3635902e-22
 123883.5468750   7.2427695e-22
 124281.2500000   7.1809122e-22
 124678.9531250   7.1013461e-22
 125076.6484375   7.0217976e-22
 125474.3515625   6.9363436e-22
 125872.0468750   6.8449822e-22
 126269.7500000   6.7889970e-22
 126667.4531250   6.7064940e-22
 127065.1484375   6.6357682e-22
 127661.7031250   6.5149753e-22
 128457.1015625   6.3676236e-22
 129252.5000000   6.2262017e-22
 130047.8984375   6.0818015e-22
 130843.2968750   5.9256369e-22
 131638.7031250   5.8136837e-22
 132434.0937500   5.6869616e-22
 133229.5000000   5.5779499e-22
 134024.9062500   5.4512409e-22
 134820.2968750   5.3304293e-22
 135615.7031250   5.2125697e-22
 136411.0937500   5.1153240e-22
 137206.5000000   5.0121824e-22
 138001.9062500   4.9061191e-22
 138797.2968750   4.8059290e-22
 139592.7031250   4.7116327e-22
 140388.0937500   4.6055532e-22
 141183.5000000   4.5171518e-22
 141978.9062500   4.4228652e-22
 142774.2968750   4.3344658e-22
 143569.7031250   4.2549102e-22
 144365.0937500   4.1694654e-22
 145160.5000000   4.0751630e-22
 145955.9062500   3.9956083e-22
 146751.2968750   3.8954229e-22
 147546.7031250   3.8158729e-22
 148342.0937500   3.7510374e-22
 149137.5000000   3.6508543e-22
 149932.9062500   3.6125432e-22
 150728.2968750   3.5418330e-22
 151523.7031250   3.4770086e-22
 152319.0937500   3.4180661e-22
 153114.5000000   3.3591343e-22
 153909.9062500   3.2854817e-22
 154705.2968750   3.2265393e-22
 155500.7031250   3.1676110e-22
 156296.0937500   3.1145700e-22
 157091.5000000   3.0468014e-22
 157886.9062500   2.9937579e-22
 158682.2968750   2.9242228e-22
 159477.7031250   2.8779610e-22
 160273.0937500   2.8305157e-22
 161068.5000000   2.7707039e-22
 161863.9062500   2.7300340e-22
 162659.2968750   2.6831886e-22
 163454.7031250   2.6383984e-22
 164250.0937500   2.5941960e-22
 165045.5000000   2.5444016e-22
 165840.9062500   2.4937224e-22
 166636.2968750   2.4548208e-22
 167431.7031250   2.4085582e-22
 168227.0937500   2.3779198e-22
 169022.5000000   2.3307715e-22
 169817.9062500   2.2954098e-22
 170613.2968750   2.1828551e-22
 171408.7031250   2.0841414e-22
 172204.0937500   2.0882644e-22
 172999.5000000   1.9913255e-22
 173794.9062500   1.9403468e-22
 174590.2968750   1.8990949e-22
 175385.7031250   1.8118763e-22
 176181.0937500   1.7977277e-22
 176976.5000000   1.7570679e-22
 177771.9062500   1.6925362e-22
 178567.2968750   1.6987244e-22
 179362.7031250   1.6539357e-22
 180158.0937500   1.6050183e-22
 180953.5000000   1.6020745e-22
 181748.9062500   1.5755526e-22
 182544.2968750   1.5210436e-22
 183339.7031250   1.5290004e-22
 184135.0937500   1.4933425e-22
 184930.5000000   1.4700660e-22
 185725.9062500   1.4579846e-22
 186521.2968750   1.4338227e-22
 187316.7031250   1.4064185e-22
 188112.0937500   1.4070116e-22
 188907.5000000   1.3772498e-22
 189702.9062500   1.3589781e-22
 190498.2968750   1.3389422e-22
 191293.7031250   1.3100676e-22
 192089.0937500   1.3133052e-22
 192884.5000000   1.2870789e-22
 193679.9062500   1.2623298e-22
 194475.2968750   1.2487760e-22
 195270.7031250   1.2275582e-22
 196066.0937500   1.2119429e-22
 196861.5000000   1.1910212e-22
 197656.9062500   1.1848337e-22
 198452.2968750   1.1624384e-22
 199247.7031250   1.1521259e-22
 200043.0937500   1.1362171e-22
 200838.5000000   1.1120513e-22
 201633.9062500   1.1014455e-22
 202429.2968750   1.0870046e-22
 203224.7031250   1.0687373e-22
 204020.0937500   1.0534152e-22
 204815.5000000   1.0398598e-22
 205610.9062500   1.0363266e-22
 206406.2968750   1.0177615e-22
 207201.7031250   1.0036152e-22
 207997.0937500   9.8917907e-23
 208792.5000000   9.8063186e-23
 209587.9062500   9.7709801e-23
 210383.2968750   9.5323036e-23
 211178.7031250   9.3849614e-23
 211974.0937500   9.3201461e-23
 212769.5000000   9.1963763e-23
 213564.9062500   9.0844187e-23
 214360.2968750   8.9842346e-23
 215155.7031250   8.8752102e-23
 215951.0937500   8.7219989e-23
 216746.5000000   8.6748194e-23
 217541.9062500   8.5157118e-23
 218337.2968750   8.4479537e-23
 219132.7031250   8.3006223e-23
 219928.0937500   8.3271305e-23
 220723.5000000   8.1149869e-23
 221518.9062500   8.0854955e-23
 222314.2968750   7.9440672e-23
 223109.7031250   7.8998816e-23
 223905.0937500   7.7436884e-23
 224700.5000000   7.7024436e-23
 225495.9062500   7.6022601e-23
 226291.2968750   7.4578771e-23
 227086.7031250   7.4284248e-23
 227882.0937500   7.3429546e-23
 228677.5000000   7.2457284e-23
 229472.9062500   7.1543752e-23
 230268.2968750   7.0983837e-23
 231063.7031250   6.9952651e-23
 231859.0937500   6.9186370e-23
 232654.5000000   6.8390927e-23
 233449.9062500   6.7300690e-23
 234245.2968750   6.6593574e-23
 235040.7031250   6.5650671e-23
 235836.0937500   6.5208719e-23
 236631.5000000   6.4236312e-23
 237426.9062500   6.3735272e-23
 238222.2968750   6.2998628e-23
 239017.7031250   6.2262021e-23
 239813.0937500   6.1525376e-23
 240608.5000000   6.0611894e-23
 241403.9062500   5.9963734e-23
 242199.2968750   5.9226970e-23
 242994.7031250   5.8490256e-23
 243790.0937500   5.7930386e-23
 244585.5000000   5.7341113e-23
 245380.9062500   5.6810702e-23
 246176.2968750   5.6074000e-23
 246971.7031250   5.5543602e-23
 247767.0937500   5.4748020e-23
 248562.5000000   5.4011482e-23
 249357.9062500   5.3422178e-23
 250153.2968750   5.2862276e-23
 250948.7031250   5.2213908e-23
 251744.0937500   5.1801403e-23
 252539.5000000   5.1123822e-23
 253334.9062500   5.0711242e-23
 254130.2968750   5.0003977e-23
 255323.4062500   4.9208578e-23
 256914.2031250   4.8029749e-23
 258505.0000000   4.6998525e-23
 260095.7968750   4.5937759e-23
 261686.5937500   4.4965270e-23
 263277.4062500   4.3933993e-23
 264868.1875000   4.2991083e-23
 266459.0000000   4.2077648e-23
 268049.8125000   4.1134817e-23
 269640.5937500   4.0250741e-23
 271231.4062500   3.9366819e-23
 272822.1875000   3.8541728e-23
 274413.0000000   3.7687227e-23
 276003.8125000   3.6891667e-23
 277594.5937500   3.6125431e-23
 279185.4062500   3.5329931e-23
 280776.1875000   3.4622736e-23
 282367.0000000   3.3886060e-23
 283957.8125000   3.3178900e-23
 285548.5937500   3.2471664e-23
 287139.4062500   3.1823498e-23
 288730.1875000   3.1145699e-23
 290321.0000000   3.0526948e-23
 291911.8125000   2.9878735e-23
 293502.5937500   2.9280523e-23
 295093.4062500   2.8652861e-23
 296684.1875000   2.8025233e-23
 298275.0000000   2.7462444e-23
 299865.8125000   2.6958630e-23
 301456.5937500   2.6445816e-23
 303047.4062500   2.5918386e-23
 304638.1875000   2.5405715e-23
 306229.0000000   2.4901874e-23
 307819.8125000   2.4418637e-23
 309410.5937500   2.3944147e-23
 311001.4062500   2.3478675e-23
 312592.1875000   2.3024875e-23
 314183.0000000   2.2579947e-23
 315773.8125000   2.2146732e-23
 317364.5937500   2.1731272e-23
 318955.4062500   2.1304041e-23
 320546.1875000   2.0900352e-23
 322137.0000000   2.0517283e-23
 323727.8125000   2.0122403e-23
 325318.5937500   1.9757062e-23
 326909.4062500   1.9391713e-23
 328500.1875000   1.9029272e-23
 330091.0000000   1.8681564e-23
 331681.8125000   1.8330867e-23
 333272.5937500   1.7997896e-23
 334863.4062500   1.7679667e-23
 336454.1875000   1.7358524e-23
 338045.0000000   1.7046136e-23
 339635.8125000   1.6742675e-23
 341226.5937500   1.6445052e-23
 342817.4062500   1.6153358e-23
 344408.1875000   1.5870461e-23
 345999.0000000   1.5593478e-23
 347589.8125000   1.5319444e-23
 349180.5937500   1.5051285e-23
 350771.4062500   1.4786130e-23
 352362.1875000   1.4532730e-23
 353953.0000000   1.4282230e-23
 355543.8125000   1.4040609e-23
 357134.5937500   1.3793078e-23
 358725.4062500   1.3569146e-23
 360316.1875000   1.3339296e-23
 361907.0000000   1.3103612e-23
 363497.8125000   1.2888495e-23
 365088.5937500   1.2676353e-23
 366679.4062500   1.2470058e-23
 368270.1875000   1.2263834e-23
 369861.0000000   1.2063457e-23
 371451.8125000   1.1863072e-23
 373042.5937500   1.1668577e-23
 374633.4062500   1.1477070e-23
 376224.1875000   1.1288458e-23
 377815.0000000   1.1108749e-23
 379405.8125000   1.0931948e-23
 380996.5937500   1.0758105e-23
 382587.4062500   1.0584236e-23
 384178.1875000   1.0416287e-23
 385769.0000000   1.0251273e-23
 387359.8125000   1.0080372e-23
 388950.5937500   9.9300943e-24
 390541.4062500   9.7738991e-24
 392132.1875000   9.6236258e-24
 393723.0000000   9.4763281e-24
 395313.8125000   9.3260422e-24
 396904.5937500   9.1816460e-24
 398495.4062500   9.0402008e-24
 795400.0000000   6.0346548e-25
1590800.0000000   3.8689104e-26
2386200.0000000   7.6759348e-27
3181600.0000000   2.4288898e-27
3977000.0000000   9.9359833e-28
4772400.0000000   4.7853100e-28
5567800.0000000   2.5782831e-28
6363200.0000000   1.5086692e-28
