    286.8320007   1.4887156e-23
    296.2879944   1.6906076e-23
    302.5919800   1.8005043e-23
    308.8959961   9.5081544e-23
    315.1999817   2.6084129e-22
    321.5039978   2.8278619e-22
    327.8079834   2.6867194e-22
    334.1119995   2.7309506e-22
    340.4159851   2.7857289e-22
    346.7200012   3.1782772e-22
    359.3280029   3.2966028e-22
    371.9360046   3.2025029e-22
    381.3919983   4.0518456e-22
    394.0000000   4.2063316e-22
    400.3039856   4.2976254e-22
    403.4559937   4.3643299e-22
    412.9119873   4.2098429e-22
    416.0639954   4.3573203e-22
    422.3679810   4.1642026e-22
    431.8240051   4.6276615e-22
    441.2799988   4.6382017e-22
    450.7359924   5.8706029e-22
    463.3439941   7.3347494e-22
    475.9519958   6.5763338e-22
    488.5599976   7.4119811e-22
    501.1679993   7.4435915e-22
    510.6239929   7.4576290e-22
    523.2319946   7.5067883e-22
    535.8399658   7.5032946e-22
    545.2960205   6.1936224e-22
    557.9039917   7.5664999e-22
    567.3599854   7.5770077e-22
    573.6640015   7.5805363e-22
    586.2719727   7.5945651e-22
    602.0319824   7.6051124e-22
    611.4879761   7.6542691e-22
    624.0960083   7.6367077e-22
    636.7039795   7.6647982e-22
    646.1599731   7.6577659e-22
    661.9199829   7.4260240e-22
    680.8319702   7.6577659e-22
    693.4400024   7.6893774e-22
    702.8959961   7.5980684e-22
    715.5039673   7.7104451e-22
    724.9599609   9.6872089e-22
    737.5679932   1.4515025e-21
    756.4799805   1.5863313e-21
    775.3919678   1.4792394e-21
    794.3040161   1.5273388e-21
    810.0639648   1.4019932e-21
    819.5199585   1.4753789e-21
    832.1279907   1.8405358e-21
    847.8880005   1.8854776e-21
    863.6480103   1.9111051e-21
    879.4079590   1.6558503e-21
    895.1679688   1.9507833e-21
    914.0799561   2.0098946e-21
    932.9920044   1.7936143e-21
    948.7520142   1.6043448e-21
    970.8159790   1.6683545e-21
   1002.3359985   1.5696502e-21
   1033.8559570   1.5484249e-21
   1065.3759766   1.4037182e-21
   1096.8959961   1.2752934e-21
   1125.2640381   1.6395611e-21
   1153.6319580   2.3930420e-21
   1182.0000000   2.2741913e-21
   1213.5200195   1.7422791e-21
   1245.0400391   2.4784518e-21
   1276.5599365   2.9592401e-21
   1304.9279785   2.8496297e-21
   1330.1439209   2.5184800e-21
   1355.3599854   2.3447905e-21
   1390.0319824   2.6440406e-21
   1421.5520020   2.6181914e-21
   1449.9199219   2.2460809e-21
   1481.4399414   2.2303726e-21
   1512.9599609   2.4459254e-21
   1544.4799805   2.0224503e-21
   1576.0000000   2.4446259e-21
   1594.9119873   2.0808437e-21
   1613.8239746   3.2391961e-21
   1639.0399170   3.0363211e-21
   1670.5599365   2.7556735e-21
   1702.0799561   2.2329797e-21
   1733.5999756   2.1364797e-21
   1765.1199951   2.7772149e-21
   1796.6400146   3.0821087e-21
   1828.1599121   2.9884038e-21
   1859.6799316   3.0229091e-21
   1891.1999512   2.5237283e-21
   1922.7199707   2.4443254e-21
   1954.2399902   3.1053424e-21
   1985.7600098   2.9276848e-21
   2017.2800293   3.2434808e-21
   2048.8000488   3.1394602e-21
   2074.0158691   2.8983496e-21
   2096.0800781   3.3002097e-21
   2127.5998535   3.5173166e-21
   2159.1198730   3.0530356e-21
   2190.6398926   3.6146767e-21
   2222.1599121   2.9733878e-21
   2256.8320312   3.9149651e-21
   2288.3520508   4.0616983e-21
   2316.7199707   4.1850852e-21
   2348.2399902   4.1742918e-21
   2379.7600098   4.2915330e-21
   2411.2800293   3.9992846e-21
   2442.8000488   4.6511550e-21
   2474.3200684   4.4515193e-21
   2505.8398438   5.0260346e-21
   2537.3598633   5.5322162e-21
   2568.8798828   6.1334481e-21
   2600.3999023   6.8967460e-21
   2631.9199219   6.0779672e-21
   2663.4399414   8.3530055e-21
   2694.9599609   9.1726753e-21
   2726.4799805   1.0655476e-20
   2758.0000000   1.2054106e-20
   2789.5200195   1.3627398e-20
   2821.0400391   1.5499012e-20
   2852.5600586   1.7276645e-20
   2884.0798340   1.8969646e-20
   2915.5998535   5.2286978e-20
   2947.1198730   8.9510507e-20
   2978.6398926   1.2670143e-19
   3010.1599121   1.5813230e-19
   3041.6799316   1.7511777e-19
   3073.1999512   7.6390563e-20
   3104.7199707   1.5607347e-19
   3136.2399902   1.5584880e-19
   3167.7600098   2.0091267e-19
   3199.2800293   2.1193123e-19
   3230.8000488   1.5250532e-19
   3262.3200684   2.1524906e-19
   3293.8398438   3.0230686e-19
   3325.3598633   2.9784329e-19
   3356.8798828   2.5641045e-19
   3388.3999023   2.8762476e-19
   3419.9199219   2.5599640e-19
   3451.4399414   3.0546586e-19
   3482.9599609   2.9712079e-19
   3514.4799805   2.9481358e-19
   3546.0000000   2.6453766e-19
   3577.5200195   3.1982021e-19
   3609.0400391   3.0753076e-19
   3640.5600586   3.1496523e-19
   3672.0798340   3.1614321e-19
   3703.5998535   2.2002513e-19
   3735.1198730   3.0935544e-19
   3766.6398926   2.6399911e-19
   3798.1599121   2.2717655e-19
   3829.6799316   1.8600875e-19
   3861.1999512   3.2057819e-19
   3892.7199707   3.9670621e-19
   3924.2399902   4.1686491e-19
   3955.7600098   4.0979817e-19
   3987.2800293   3.9381074e-19
   4018.8000488   4.6910560e-19
   4050.3198242   4.8699555e-19
   4081.8398438   4.2133202e-19
   4113.3598633   4.2544510e-19
   4144.8798828   4.9562419e-19
   4176.3999023   4.8106472e-19
   4207.9199219   4.5327202e-19
   4239.4399414   5.0406019e-19
   4270.9599609   4.9654582e-19
   4302.4799805   4.6429503e-19
   4334.0000000   4.7266046e-19
   4365.5200195   4.7393261e-19
   4397.0400391   3.7450693e-19
   4428.5600586   3.7242714e-19
   4460.0800781   4.5618380e-19
   4491.6000977   4.5287208e-19
   4523.1201172   4.6948895e-19
   4545.1840820   4.8336253e-19
   4560.9438477   4.8820975e-19
   4586.1601562   4.7620261e-19
   4617.6796875   4.5326809e-19
   4649.1997070   4.6140450e-19
   4680.7197266   4.7227453e-19
   4712.2397461   4.7588693e-19
   4743.7597656   4.5476751e-19
   4765.8237305   4.1816128e-19
   4781.5839844   4.3720998e-19
   4806.7998047   4.3038771e-19
   4838.3198242   3.7448881e-19
   4869.8398438   3.5865608e-19
   4901.3598633   3.5193562e-19
   4932.8798828   3.8208938e-19
   4964.3999023   4.0591482e-19
   4995.9199219   4.1810620e-19
   5027.4399414   4.2325340e-19
   5058.9599609   4.1468648e-19
   5090.4799805   4.1169048e-19
   5122.0000000   4.0210532e-19
   5153.5200195   4.2455474e-19
   5185.0400391   4.2939651e-19
   5216.5600586   4.1554333e-19
   5248.0800781   4.3781910e-19
   5270.1440430   4.0024827e-19
   5285.9038086   4.5269910e-19
   5311.1201172   4.5641427e-19
   5342.6401367   4.3461972e-19
   5374.1601562   4.2319023e-19
   5405.6796875   4.0240918e-19
   5437.1997070   3.9731297e-19
   5468.7197266   4.1941198e-19
   5500.2397461   4.1205770e-19
   5531.7597656   4.2686751e-19
   5563.2797852   4.0621441e-19
   5594.7998047   4.0536966e-19
   5626.3198242   4.1523686e-19
   5657.8398438   4.3198218e-19
   5689.3598633   4.3264483e-19
   5720.8798828   4.0335048e-19
   5752.3999023   4.1104370e-19
   5783.9199219   4.0089918e-19
   5815.4399414   3.7377079e-19
   5846.9599609   3.7549507e-19
   5878.4799805   3.8252089e-19
   5910.0000000   4.0098723e-19
   5941.5200195   3.7071040e-19
   5973.0400391   3.5626041e-19
   6004.5600586   3.7579531e-19
   6036.0800781   3.6039768e-19
   6067.6000977   3.4847811e-19
   6099.1201172   3.6317029e-19
   6130.6401367   3.7366082e-19
   6162.1596680   3.4651397e-19
   6199.9838867   3.7424220e-19
   6228.3520508   3.8409320e-19
   6253.5678711   3.6503961e-19
   6288.2397461   3.5633082e-19
   6319.7597656   3.6654327e-19
   6351.2797852   3.5800139e-19
   6382.7998047   3.7006463e-19
   6414.3198242   3.4971692e-19
   6445.8398438   3.5828137e-19
   6477.3598633   3.2582864e-19
   6508.8798828   3.3658744e-19
   6537.2480469   3.6750399e-19
   6549.8559570   3.4741454e-19
   6571.9199219   3.5872853e-19
   6603.4399414   3.4127327e-19
   6634.9599609   3.4559298e-19
   6666.4799805   3.4922270e-19
   6698.0000000   3.5147532e-19
   6729.5200195   3.3567219e-19
   6761.0400391   3.3577688e-19
   6792.5600586   3.4645157e-19
   6824.0800781   3.3765345e-19
   6855.6000977   3.3655050e-19
   6887.1201172   3.2972833e-19
   6918.6396484   3.4143966e-19
   6950.1596680   3.3547618e-19
   6981.6796875   3.2392385e-19
   7013.1997070   3.1731447e-19
   7044.7197266   3.2897327e-19
   7076.2397461   3.2118842e-19
   7107.7597656   3.1167785e-19
   7139.2797852   3.1803438e-19
   7170.7998047   3.2295509e-19
   7202.3198242   3.2687495e-19
   7233.8398438   3.0927531e-19
   7265.3598633   3.1357673e-19
   7296.8798828   3.0418735e-19
   7328.3999023   2.5899320e-19
   7359.9199219   2.9052062e-19
   7391.4399414   2.8586925e-19
   7422.9599609   2.9648860e-19
   7454.4799805   2.8200857e-19
   7486.0000000   2.8428794e-19
   7517.5200195   2.6975143e-19
   7549.0400391   2.7999451e-19
   7580.5600586   2.7180519e-19
   7612.0800781   2.7431276e-19
   7643.6000977   2.8247959e-19
   7675.1201172   2.7315505e-19
   7706.6396484   2.8162488e-19
   7738.1596680   2.7767026e-19
   7769.6796875   2.7516463e-19
   7801.1997070   2.6782252e-19
   7832.7197266   2.6980711e-19
   7864.2397461   2.3953974e-19
   7895.7597656   2.7258938e-19
   7920.9760742   2.5208482e-19
   7936.7358398   2.6025312e-19
   7958.7998047   2.5379444e-19
   7990.3198242   2.5506044e-19
   8021.8398438   2.5025370e-19
   8053.3598633   2.5982257e-19
   8084.8798828   2.5565149e-19
   8116.3999023   2.6370360e-19
   8147.9199219   2.6109343e-19
   8179.4399414   2.5795790e-19
   8210.9599609   2.5221660e-19
   8242.4794922   2.4888797e-19
   8274.0000000   2.5474477e-19
   8305.5195312   2.5793412e-19
   8337.0400391   2.6917036e-19
   8368.5595703   2.7093753e-19
   8400.0800781   2.5424404e-19
   8431.5996094   2.6043606e-19
   8463.1201172   2.6003376e-19
   8494.6396484   2.5091953e-19
   8526.1601562   2.5391485e-19
   8557.6796875   2.4621998e-19
   8589.2001953   2.4603513e-19
   8620.7197266   2.5157827e-19
   8652.2402344   2.3176998e-19
   8683.7597656   2.3363921e-19
   8715.2802734   2.3750229e-19
   8746.7998047   2.4386530e-19
   8778.3203125   2.3532813e-19
   8809.8398438   2.0626551e-19
   8841.3593750   2.1505630e-19
   8872.8798828   2.3810280e-19
   8904.3994141   2.4248228e-19
   8935.9199219   2.3371515e-19
   8967.4394531   2.3019054e-19
   8998.9599609   2.2463767e-19
   9030.4794922   2.3545321e-19
   9062.0000000   2.3356228e-19
   9093.5195312   2.3252137e-19
   9125.0400391   2.3018748e-19
   9172.3203125   2.3981974e-19
   9235.3593750   2.3355098e-19
   9298.3994141   2.2968761e-19
   9361.4394531   2.3108190e-19
   9424.4794922   2.3000561e-19
   9487.5195312   2.3008846e-19
   9550.5595703   2.2938116e-19
   9613.5996094   2.2824260e-19
   9676.6396484   2.2763297e-19
   9739.6796875   2.2661554e-19
   9802.7197266   2.2534023e-19
   9865.7597656   2.2170322e-19
   9928.7998047   2.2122080e-19
   9991.8398438   2.1932086e-19
  10054.8798828   2.1088948e-19
  10117.9199219   2.1353259e-19
  10180.9599609   2.0654200e-19
  10244.0000000   2.1157412e-19
  10307.0400391   2.1319431e-19
  10370.0800781   2.1066177e-19
  10433.1201172   2.0861324e-19
  10496.1601562   2.0553306e-19
  10559.2001953   2.0165879e-19
  10622.2402344   1.9477186e-19
  10685.2802734   1.9455129e-19
  10748.3203125   1.9363578e-19
  10811.3593750   1.9145747e-19
  10874.3994141   1.9056487e-19
  10937.4394531   1.8888839e-19
  11000.4794922   1.8916401e-19
  11063.5195312   1.8967812e-19
  11126.5595703   1.8512938e-19
  11189.5996094   1.8761683e-19
  11252.6396484   1.7669143e-19
  11315.6796875   1.7445301e-19
  11378.7197266   1.7731099e-19
  11441.7597656   1.7755489e-19
  11473.2802734   1.7754008e-19
  11504.7998047   1.8249770e-19
  11567.8398438   1.7963972e-19
  11630.8798828   1.6908452e-19
  11693.9199219   1.7894601e-19
  11756.9599609   1.7141585e-19
  11820.0000000   1.9649452e-19
  11883.0400391   2.0511825e-19
  11946.0800781   2.2713165e-19
  12009.1201172   2.4608703e-19
  12072.1601562   2.0141892e-19
  12135.2001953   2.5203723e-19
  12198.2402344   2.6662779e-19
  12261.2802734   2.0017461e-19
  12324.3193359   2.7334584e-19
  12387.3593750   2.3354075e-19
  12450.3994141   2.5912971e-19
  12513.4394531   1.7667048e-19
  12576.4794922   2.7408394e-19
  12639.5195312   2.9244722e-19
  12702.5595703   2.8973953e-19
  12765.5996094   2.8809886e-19
  12828.6396484   2.7747520e-19
  12891.6796875   2.5730278e-19
  12954.7197266   2.2084802e-19
  13017.7597656   2.7286248e-19
  13080.7998047   2.7936805e-19
  13143.8398438   2.7876137e-19
  13206.8798828   2.7708550e-19
  13269.9199219   2.7781786e-19
  13332.9599609   2.7351877e-19
  13396.0000000   2.7477335e-19
  13459.0400391   2.6604879e-19
  13522.0800781   2.6280296e-19
  13585.1201172   2.4629137e-19
  13648.1601562   2.3391745e-19
  13711.2001953   2.1344915e-19
  13774.2402344   2.6674142e-19
  13837.2792969   2.6063174e-19
  13900.3193359   2.6377195e-19
  13963.3593750   2.6627324e-19
  14026.3994141   2.6710717e-19
  14089.4394531   2.6836650e-19
  14152.4794922   2.6864598e-19
  14215.5195312   2.8139862e-19
  14278.5595703   2.6607099e-19
  14341.5996094   2.6623581e-19
  14404.6396484   2.7505707e-19
  14467.6796875   2.6591212e-19
  14530.7197266   2.6855869e-19
  14593.7597656   2.6196983e-19
  14656.7998047   2.6298770e-19
  14719.8398438   2.6572534e-19
  14782.8798828   2.6041318e-19
  14845.9199219   2.5316545e-19
  14908.9599609   2.6028169e-19
  14972.0000000   2.6237052e-19
  15035.0400391   2.6091461e-19
  15098.0800781   2.5817098e-19
  15161.1201172   2.5400853e-19
  15224.1601562   2.5250919e-19
  15287.2001953   2.2360023e-19
  15350.2402344   1.9510917e-19
  15413.2792969   2.4181335e-19
  15476.3193359   2.4517437e-19
  15539.3593750   2.4134866e-19
  15602.3994141   2.4762107e-19
  15665.4394531   2.4454636e-19
  15728.4794922   2.3419088e-19
  15791.5195312   2.2550557e-19
  15854.5595703   2.3250300e-19
  15917.5996094   2.3030277e-19
  15980.6396484   2.3629851e-19
  16043.6796875   2.2881168e-19
  16106.7197266   2.3022489e-19
  16169.7597656   2.2495360e-19
  16232.7998047   2.1941335e-19
  16295.8398438   2.1105534e-19
  16358.8798828   2.1293044e-19
  16421.9199219   2.1753369e-19
  16484.9589844   2.2090525e-19
  16548.0000000   2.2490420e-19
  16611.0390625   2.1009169e-19
  16674.0800781   2.2412526e-19
  16737.1191406   2.2842812e-19
  16800.1601562   2.1412892e-19
  16863.1992188   2.2355016e-19
  16926.2402344   2.2238976e-19
  16989.2792969   2.1813161e-19
  17052.3203125   2.1469487e-19
  17115.3593750   2.1577341e-19
  17178.4003906   2.1878211e-19
  17241.4394531   2.1372774e-19
  17304.4804688   2.1332825e-19
  17367.5195312   2.1170240e-19
  17430.5605469   2.1361420e-19
  17493.5996094   2.1514605e-19
  17556.6406250   2.1211562e-19
  17619.6796875   2.0759054e-19
  17682.7187500   2.1131875e-19
  17745.7597656   2.0885709e-19
  17808.7988281   2.0902135e-19
  17871.8398438   2.0561071e-19
  17934.8789062   2.0887635e-19
  17997.9199219   2.0485628e-19
  18060.9589844   2.1388550e-19
  18124.0000000   2.0725165e-19
  18187.0390625   2.0847037e-19
  18250.0800781   2.0309598e-19
  18313.1191406   2.0718158e-19
  18376.1601562   2.0981599e-19
  18439.1992188   2.0480410e-19
  18502.2402344   2.0343699e-19
  18565.2792969   1.9207310e-19
  18628.3203125   2.0073011e-19
  18691.3593750   2.0033994e-19
  18754.4003906   1.9964518e-19
  18817.4394531   2.0111043e-19
  18880.4804688   1.9794272e-19
  18943.5195312   1.9580879e-19
  19006.5605469   1.9843885e-19
  19069.5996094   1.9985836e-19
  19132.6406250   1.9945151e-19
  19195.6796875   1.9425674e-19
  19258.7187500   1.9423369e-19
  19321.7597656   1.8718801e-19
  19384.7988281   1.8789635e-19
  19447.8398438   1.8288122e-19
  19510.8789062   1.8848152e-19
  19573.9199219   1.8699986e-19
  19636.9589844   1.8249128e-19
  19700.0000000   1.7740133e-19
  19763.0390625   1.8336458e-19
  19826.0800781   1.8520582e-19
  19889.1191406   1.8150814e-19
  19952.1601562   1.8299691e-19
  20015.1992188   1.8201903e-19
  20078.2402344   1.8134798e-19
  20141.2792969   1.8345398e-19
  20204.3203125   1.8035040e-19
  20267.3593750   1.8130737e-19
  20330.4003906   1.8040742e-19
  20393.4394531   1.7967997e-19
  20456.4804688   1.7629070e-19
  20519.5195312   1.7919530e-19
  20582.5605469   1.7748551e-19
  20645.5996094   1.6874699e-19
  20708.6406250   1.5202918e-19
  20771.6796875   1.7308695e-19
  20834.7187500   1.7662006e-19
  20897.7597656   1.7516315e-19
  20960.7988281   1.7410320e-19
  21023.8398438   1.7080789e-19
  21086.8789062   1.7304969e-19
  21149.9199219   1.6840345e-19
  21212.9589844   1.7109244e-19
  21276.0000000   1.6854181e-19
  21339.0390625   1.6961854e-19
  21402.0800781   1.6750945e-19
  21465.1191406   1.6786736e-19
  21528.1601562   1.6840419e-19
  21591.1992188   1.6516088e-19
  21654.2402344   1.6700112e-19
  21717.2792969   1.6794183e-19
  21780.3203125   1.6712366e-19
  21843.3593750   1.6576257e-19
  21906.4003906   1.6444216e-19
  21969.4394531   1.6524503e-19
  22032.4804688   1.6487170e-19
  22095.5195312   1.6178023e-19
  22158.5605469   1.6321469e-19
  22221.5996094   1.6211096e-19
  22284.6406250   1.5900839e-19
  22347.6796875   1.5580910e-19
  22410.7187500   1.5342298e-19
  22473.7597656   1.5089636e-19
  22536.7988281   1.5014011e-19
  22599.8398438   1.5079367e-19
  22662.8789062   1.4907766e-19
  22725.9199219   1.5137227e-19
  22788.9589844   1.5344118e-19
  22852.0000000   1.5327415e-19
  22915.0390625   1.5292383e-19
  22978.0800781   1.5069699e-19
  23041.1191406   1.5368397e-19
  23104.1601562   1.5333137e-19
  23167.1992188   1.5334349e-19
  23230.2402344   1.5693263e-19
  23293.2792969   1.5244906e-19
  23356.3203125   1.5314832e-19
  23419.3593750   1.5513381e-19
  23482.4003906   1.5436311e-19
  23545.4394531   1.5566137e-19
  23608.4804688   1.5447367e-19
  23671.5195312   1.5600288e-19
  23734.5605469   1.5702570e-19
  23797.5996094   1.5745039e-19
  23860.6386719   1.5579679e-19
  23923.6796875   1.5284796e-19
  23986.7187500   1.5197443e-19
  24049.7597656   1.5063679e-19
  24112.7988281   1.4767662e-19
  24175.8398438   1.4374066e-19
  24238.8789062   1.4670245e-19
  24301.9199219   1.4373309e-19
  24364.9589844   1.4423961e-19
  24428.0000000   1.4321388e-19
  24491.0390625   1.4367250e-19
  24554.0800781   1.4482868e-19
  24617.1191406   1.4431184e-19
  24680.1601562   1.4365356e-19
  24743.1992188   1.4206373e-19
  24806.2402344   1.4149585e-19
  24869.2792969   1.3873602e-19
  24932.3203125   1.3611190e-19
  24995.3593750   1.3754509e-19
  25058.4003906   1.3557079e-19
  25121.4394531   1.3812622e-19
  25184.4804688   1.3858014e-19
  25247.5195312   1.4025042e-19
  25310.5605469   1.3958187e-19
  25373.5996094   1.3849008e-19
  25436.6386719   1.3842806e-19
  25499.6796875   1.3616152e-19
  25562.7187500   1.3600374e-19
  25625.7597656   1.3838004e-19
  25688.7988281   1.3944339e-19
  25751.8398438   1.3947340e-19
  25814.8789062   1.3555352e-19
  25877.9199219   1.3581632e-19
  25940.9589844   1.3589030e-19
  26004.0000000   1.3610591e-19
  26067.0390625   1.3655617e-19
  26130.0800781   1.3606408e-19
  26193.1191406   1.3189144e-19
  26256.1601562   1.3163160e-19
  26319.1992188   1.3146579e-19
  26382.2402344   1.3162987e-19
  26445.2792969   1.2928828e-19
  26508.3203125   1.3157901e-19
  26571.3593750   1.2847715e-19
  26634.4003906   1.2707592e-19
  26697.4394531   1.2628921e-19
  26760.4804688   1.2796527e-19
  26823.5195312   1.2262565e-19
  26886.5605469   1.2842863e-19
  26949.5996094   1.1786132e-19
  27012.6386719   1.3041114e-19
  27075.6796875   1.2648571e-19
  27138.7187500   1.2664413e-19
  27201.7597656   1.3193952e-19
  27264.7988281   1.3057735e-19
  27327.8398438   1.1731134e-19
  27390.8789062   1.2789616e-19
  27453.9199219   1.3243879e-19
  27516.9589844   1.2992865e-19
  27580.0000000   1.2259764e-19
  27643.0390625   1.2962542e-19
  27706.0800781   1.3326907e-19
  27769.1191406   1.2841285e-19
  27832.1601562   1.3033785e-19
  27895.1992188   1.2753102e-19
  27958.2402344   1.2180282e-19
  28021.2792969   1.2655071e-19
  28084.3203125   1.2886141e-19
  28147.3593750   1.2734073e-19
  28210.4003906   1.2831081e-19
  28273.4394531   1.2779510e-19
  28336.4804688   1.2627090e-19
  28399.5195312   1.1888964e-19
  28462.5585938   1.2374606e-19
  28525.5996094   1.2831869e-19
  28588.6386719   1.2837732e-19
  28651.6796875   1.2502160e-19
  28714.7187500   1.2608805e-19
  28777.7597656   1.2778106e-19
  28840.7988281   1.2716413e-19
  28903.8398438   1.2625760e-19
  28966.8789062   1.2607309e-19
  29029.9199219   1.1952313e-19
  29092.9589844   1.1455941e-19
  29156.0000000   1.1789134e-19
  29219.0390625   1.2093611e-19
  29282.0800781   1.2171351e-19
  29345.1191406   1.2094460e-19
  29408.1601562   1.2138362e-19
  29471.1992188   1.2042042e-19
  29534.2402344   1.1969805e-19
  29597.2792969   1.2091115e-19
  29660.3203125   1.1800842e-19
  29723.3593750   1.2057759e-19
  29786.4003906   1.1670291e-19
  29849.4394531   1.1985480e-19
  29912.4804688   1.1942028e-19
  29975.5195312   1.1777180e-19
  30038.5585938   1.1714092e-19
  30101.5996094   1.1116726e-19
  30164.6386719   1.1626601e-19
  30227.6796875   1.1825848e-19
  30290.7187500   1.1752843e-19
  30353.7597656   1.1777129e-19
  30416.7988281   1.1572652e-19
  30479.8398438   1.1606551e-19
  30542.8789062   1.1689167e-19
  30605.9199219   1.1606144e-19
  30668.9589844   1.1508436e-19
  30732.0000000   1.1342348e-19
  30795.0390625   1.1488338e-19
  30858.0800781   1.1292793e-19
  30921.1191406   1.1590201e-19
  30984.1601562   1.1555689e-19
  31047.1992188   1.1486874e-19
  31110.2402344   1.1315431e-19
  31173.2792969   1.1280698e-19
  31236.3203125   1.1236147e-19
  31299.3593750   1.1353063e-19
  31362.4003906   1.1342746e-19
  31425.4394531   1.1327464e-19
  31488.4804688   1.1317121e-19
  31598.7988281   1.1031807e-19
  31756.4003906   1.0783433e-19
  31914.0000000   1.0966881e-19
  32071.5996094   1.0752315e-19
  32229.1992188   1.0773634e-19
  32386.7988281   1.0794567e-19
  32544.4003906   1.0751370e-19
  32702.0000000   1.0599421e-19
  32859.5976562   1.0481332e-19
  33017.1992188   1.0398070e-19
  33174.8007812   1.0299354e-19
  33332.3984375   1.0250032e-19
  33490.0000000   1.0190246e-19
  33647.5976562   1.0001191e-19
  33805.1992188   1.0021020e-19
  33962.8007812   1.0010199e-19
  34120.3984375   9.7606194e-20
  34278.0000000   9.5454336e-20
  34435.5976562   9.2945335e-20
  34593.1992188   9.2130485e-20
  34750.8007812   9.2264113e-20
  34908.3984375   9.0395822e-20
  35066.0000000   9.1476521e-20
  35223.5976562   9.1556105e-20
  35381.1992188   9.1535199e-20
  35538.8007812   9.0108061e-20
  35696.3984375   8.9080289e-20
  35854.0000000   8.7497155e-20
  36011.5976562   8.6257141e-20
  36169.1992188   8.7340127e-20
  36326.8007812   8.8518704e-20
  36484.3984375   8.7636374e-20
  36642.0000000   8.6594191e-20
  36799.5976562   8.5550127e-20
  36957.1992188   8.4757669e-20
  37114.8007812   8.4419604e-20
  37272.3984375   8.3320481e-20
  37430.0000000   8.2371951e-20
  37587.5976562   8.1878538e-20
  37745.1992188   7.9349110e-20
  37902.8007812   8.1747391e-20
  38060.3984375   7.9267956e-20
  38218.0000000   8.0240991e-20
  38375.5976562   8.0043179e-20
  38533.1992188   8.0157511e-20
  38690.8007812   7.9244982e-20
  38848.3984375   7.7820234e-20
  39006.0000000   7.8284373e-20
  39163.5976562   7.6806020e-20
  39321.1992188   7.5734815e-20
  39478.8007812   7.5635101e-20
  39636.3984375   7.5022729e-20
  39794.0000000   7.6252462e-20
  39951.5976562   7.3737982e-20
  40109.1992188   7.4968387e-20
  40266.8007812   7.3837146e-20
  40424.3984375   7.1007038e-20
  40582.0000000   7.2032568e-20
  40739.5976562   7.3313677e-20
  40897.1992188   7.2487020e-20
  41054.8007812   7.2996893e-20
  41212.3984375   7.2323568e-20
  41370.0000000   7.1440268e-20
  41527.5976562   7.0710468e-20
  41685.1992188   7.0651797e-20
  41842.8007812   6.9349252e-20
  42000.3984375   6.9341336e-20
  42158.0000000   6.8191303e-20
  42315.5976562   6.9633389e-20
  42473.1992188   6.9415375e-20
  42630.8007812   6.9300843e-20
  42788.3984375   6.7213969e-20
  42946.0000000   6.6422823e-20
  43103.5976562   6.7501512e-20
  43261.1992188   6.6293718e-20
  43418.8007812   6.6957052e-20
  43576.3984375   6.6838061e-20
  43734.0000000   6.6093708e-20
  43891.5976562   6.5142716e-20
  44049.1992188   6.3510178e-20
  44206.8007812   6.3858389e-20
  44364.3984375   6.2484299e-20
  44522.0000000   6.0742852e-20
  44679.5976562   6.1090112e-20
  44837.1992188   6.1278205e-20
  44994.8007812   6.1416965e-20
  45152.3984375   6.1084477e-20
  45310.0000000   6.1691899e-20
  45467.5976562   5.9784770e-20
  45625.1992188   5.9922773e-20
  45782.8007812   5.8537136e-20
  45924.6406250   5.9877000e-20
  46082.2382812   5.9065245e-20
  46255.5976562   5.8207200e-20
  46413.1992188   5.7498830e-20
  46570.8007812   5.7528382e-20
  46728.3984375   5.8505011e-20
  46886.0000000   5.8480092e-20
  47043.5976562   5.9457988e-20
  47201.1992188   5.8485224e-20
  47358.8007812   5.6880965e-20
  47516.3984375   5.7593607e-20
  47674.0000000   5.6618270e-20
  47831.5976562   5.8070593e-20
  47989.1992188   5.7200115e-20
  48146.8007812   5.8442604e-20
  48304.3984375   5.7307234e-20
  48462.0000000   5.6382291e-20
  48619.5976562   5.7359353e-20
  48777.1992188   5.6907700e-20
  48934.8007812   5.5928499e-20
  49092.3984375   5.4471349e-20
  49250.0000000   5.5658967e-20
  49407.5976562   5.5685366e-20
  49565.1992188   5.6295444e-20
  49722.8007812   5.2283534e-20
  49880.3984375   5.3073129e-20
  50038.0000000   5.3115335e-20
  50195.5976562   5.4054776e-20
  50353.1992188   5.3969616e-20
  50589.5976562   5.4005892e-20
  50904.8007812   5.3995458e-20
  51220.0000000   5.1984967e-20
  51535.1992188   5.3924838e-20
  51850.3984375   5.2978815e-20
  52165.5976562   5.1941605e-20
  52480.8007812   5.0747427e-20
  52796.0000000   5.3077795e-20
  53111.1992188   5.0099250e-20
  53426.3984375   5.0810093e-20
  53741.5976562   4.9804403e-20
  54056.8007812   4.9963237e-20
  54372.0000000   4.8165667e-20
  54687.1992188   4.7506420e-20
  55002.3984375   4.7179981e-20
  55317.5976562   4.7391184e-20
  55632.8007812   4.5695580e-20
  55948.0000000   4.4261960e-20
  56263.1992188   4.5350701e-20
  56578.3984375   4.1347169e-20
  56893.5976562   4.1716893e-20
  57208.8007812   4.1521681e-20
  57524.0000000   3.9362743e-20
  57839.1992188   3.8400380e-20
  58154.3984375   3.9648676e-20
  58469.5976562   3.9391798e-20
  58784.8007812   3.7648916e-20
  59100.0000000   3.6316231e-20
  59415.1992188   3.6534597e-20
  59730.3984375   3.5386835e-20
  60045.5976562   3.7415017e-20
  60360.8007812   3.5360889e-20
  60676.0000000   3.5663456e-20
  60991.1992188   3.5468209e-20
  61306.3984375   3.2736196e-20
  61621.5976562   3.3484762e-20
  61936.8007812   3.3121452e-20
  62252.0000000   3.2334539e-20
  62567.1992188   3.0888843e-20
  62882.3984375   3.1856696e-20
  63197.5976562   3.1376822e-20
  63512.8007812   3.2026159e-20
  63828.0000000   3.0456703e-20
  64143.1992188   2.9652244e-20
  64458.3984375   2.8857753e-20
  64773.5976562   2.8378024e-20
  65088.8007812   2.7669760e-20
  65404.0000000   2.7156178e-20
  65719.1953125   2.8590816e-20
  66034.3984375   2.6903797e-20
  66349.6015625   2.7064973e-20
  66664.7968750   2.6258608e-20
  66980.0000000   2.6414060e-20
  67295.1953125   2.5977352e-20
  67610.3984375   2.5064637e-20
  67925.6015625   2.5104077e-20
  68240.7968750   2.4414073e-20
  68556.0000000   2.3653732e-20
  68871.1953125   2.3427729e-20
  69186.3984375   2.2721348e-20
  69501.6015625   2.1815557e-20
  69816.7968750   2.1857275e-20
  70132.0000000   2.2094214e-20
  70447.1953125   2.1806169e-20
  70762.3984375   2.2052625e-20
  71077.6015625   2.0983995e-20
  71392.7968750   2.0645131e-20
  71708.0000000   2.0704786e-20
  72023.1953125   2.0192110e-20
  72338.3984375   1.7939767e-20
  72653.6015625   1.9578901e-20
  72968.7968750   2.0002785e-20
  73284.0000000   1.7136767e-20
  73599.1953125   1.9205370e-20
  73914.3984375   1.7819782e-20
  74229.6015625   1.6292607e-20
  74544.7968750   1.7234584e-20
  74860.0000000   1.7237234e-20
  75175.1953125   1.5134434e-20
  75490.3984375   1.6817876e-20
  75805.6015625   1.6051341e-20
  76120.7968750   1.4130334e-20
  76436.0000000   1.4358986e-20
  76751.1953125   1.4058960e-20
  77066.3984375   1.3529777e-20
  77381.6015625   1.3239169e-20
  77696.7968750   1.3206359e-20
  78012.0000000   1.2698386e-20
  78327.1953125   1.1474218e-20
  78642.3984375   1.1322141e-20
  78957.6015625   1.1517790e-20
  79272.7968750   1.0968904e-20
  79588.0000000   1.1275744e-20
  79903.1953125   1.1269853e-20
  80218.3984375   1.1202297e-20
  80533.6015625   1.1297357e-20
  80848.7968750   1.1313046e-20
  81164.0000000   1.1520522e-20
  81479.1953125   1.1323783e-20
  81794.3984375   1.1339509e-20
  82109.6015625   1.1625938e-20
  82424.7968750   1.1344640e-20
  82740.0000000   1.1468173e-20
  83055.1953125   1.1731648e-20
  83370.3984375   1.1303560e-20
  83685.6015625   1.1539916e-20
  84000.7968750   1.1724849e-20
  84316.0000000   1.1358200e-20
  84631.1953125   1.0883967e-20
  84946.3984375   1.1097992e-20
  85261.6015625   1.1108038e-20
  85576.7968750   1.0904254e-20
  85892.0000000   1.1457752e-20
  86207.1953125   1.1190840e-20
  86522.3984375   1.1569501e-20
  86837.6015625   1.1065579e-20
  87152.7968750   1.0776378e-20
  87468.0000000   1.0859950e-20
  87783.1953125   1.1040773e-20
  88098.3984375   1.1068690e-20
  88413.6015625   1.0715685e-20
  88728.7968750   1.0505111e-20
  89044.0000000   1.0544123e-20
  89359.1953125   1.0037890e-20
  89674.3984375   9.1950601e-21
  89989.6015625   9.7982427e-21
  90304.7968750   9.9176039e-21
  90620.0000000   9.5481595e-21
  90935.1953125   9.3265099e-21
  91250.3984375   8.9400501e-21
  91565.6015625   9.2412537e-21
  91880.7968750   8.8093265e-21
  92196.0000000   8.3546567e-21
  92511.1953125   8.2693819e-21
  92826.3984375   8.0193424e-21
  93141.6015625   7.8033448e-21
  93456.7968750   7.6612636e-21
  93772.0000000   7.5419162e-21
  94087.1953125   7.3657388e-21
  94402.3984375   7.2975408e-21
  94717.6015625   7.2293404e-21
  95032.7968750   7.1383813e-21
  95348.0000000   7.0417910e-21
  95663.1953125   6.9281062e-21
  95978.3984375   6.8996847e-21
  96293.6015625   6.8428613e-21
  96608.7968750   6.7916932e-21
  96924.0000000   6.7462391e-21
  97239.1953125   6.6496084e-21
  97554.3984375   6.5757272e-21
  97869.6015625   6.5530096e-21
  98184.7968750   6.4620694e-21
  98500.0000000   6.3995398e-21
  98815.1953125   6.3256582e-21
  99130.3984375   6.2688246e-21
  99445.6015625   6.1949551e-21
  99760.7968750   6.1210695e-21
 100076.0000000   6.0755923e-21
 100391.1953125   6.0301354e-21
 100706.3984375   6.0017063e-21
 101179.1953125   5.9050978e-21
 101809.6015625   5.7914219e-21
 102440.0000000   5.7232283e-21
 103070.3984375   5.6266029e-21
 103700.7968750   5.5277233e-21
 104331.1953125   5.4407510e-21
 104961.6015625   5.4316548e-21
 105592.0000000   5.5078277e-21
 106222.3984375   5.3236779e-21
 106852.7968750   5.3418520e-21
 107483.1953125   5.3776789e-21
 108113.6015625   5.4589417e-21
 108744.0000000   5.3441284e-21
 109374.3984375   5.2458106e-21
 110004.7968750   5.0190424e-21
 110635.1953125   5.0480240e-21
 111265.6015625   4.9138911e-21
 111896.0000000   4.6621168e-21
 112526.3984375   4.7053135e-21
 113156.7968750   4.5393543e-21
 113787.1953125   4.5149190e-21
 114417.6015625   4.2864471e-21
 115048.0000000   4.1704984e-21
 115678.3984375   4.0824073e-21
 116308.7968750   3.9193001e-21
 116939.1953125   3.7749417e-21
 117569.6015625   3.6783179e-21
 118200.0000000   3.5243060e-21
 118830.3984375   3.4521220e-21
 119460.7968750   3.3827834e-21
 120091.1953125   3.3111709e-21
 120721.6015625   3.2435378e-21
 121352.0000000   3.1935283e-21
 121982.3984375   3.1304422e-21
 122612.7968750   3.0781450e-21
 123243.1953125   3.0270010e-21
 123873.6015625   2.9968812e-21
 124504.0000000   2.9542535e-21
 125134.3984375   2.9218533e-21
 125764.7968750   2.8729778e-21
 126395.1953125   2.8349000e-21
 127025.6015625   2.8076164e-21
 127656.0000000   2.7837479e-21
 128286.3984375   2.7661253e-21
 128916.7968750   2.7575982e-21
 129547.1953125   2.7581673e-21
 130177.6015625   2.7109940e-21
 130808.0000000   2.6177889e-21
 131438.3906250   2.6251803e-21
 132068.7968750   2.6320031e-21
 132699.2031250   2.5660762e-21
 133329.5937500   2.5768728e-21
 133960.0000000   2.5473132e-21
 134590.3906250   2.5274221e-21
 135220.7968750   2.4069342e-21
 135851.2031250   2.2824662e-21
 136481.5937500   2.2693924e-21
 137112.0000000   2.1278834e-21
 137742.3906250   2.0636518e-21
 138372.7968750   2.0136407e-21
 139003.2031250   1.9670347e-21
 139633.5937500   1.9499866e-21
 140264.0000000   1.8982648e-21
 140894.3906250   1.8522290e-21
 141524.7968750   1.8658721e-21
 142155.2031250   1.8238151e-21
 142785.5937500   1.7402676e-21
 143416.0000000   1.6737707e-21
 144046.3906250   1.6192098e-21
 144676.7968750   1.5760192e-21
 145307.2031250   1.5868191e-21
 145937.5937500   1.5623737e-21
 146568.0000000   1.5458972e-21
 147198.3906250   1.5231589e-21
 147828.7968750   1.4737146e-21
 148459.2031250   1.4532566e-21
 149089.5937500   1.4867880e-21
 149720.0000000   1.4498460e-21
 150350.3906250   1.4254058e-21
 150980.7968750   1.4021041e-21
 151611.2031250   1.3668698e-21
 152241.5937500   1.3680048e-21
 152872.0000000   1.3384507e-21
 153502.3906250   1.3168539e-21
 154132.7968750   1.3049192e-21
 154763.2031250   1.2776367e-21
 155393.5937500   1.2668362e-21
 156024.0000000   1.2247817e-21
 156654.3906250   1.2071642e-21
 157284.7968750   1.1986376e-21
 157915.2031250   1.1895441e-21
 158545.5937500   1.1685164e-21
 159176.0000000   1.1366883e-21
 159806.3906250   1.1247504e-21
 160436.7968750   1.1196395e-21
 161067.2031250   1.1082700e-21
 161697.5937500   1.0974735e-21
 162328.0000000   1.0826948e-21
 162958.3906250   1.0804196e-21
 163588.7968750   1.0622348e-21
 164219.2031250   1.0451821e-21
 164849.5937500   1.0281322e-21
 165480.0000000   1.0207446e-21
 166110.3906250   1.0184742e-21
 166740.7968750   1.0002860e-21
 167371.2031250   9.8437048e-22
 168001.5937500   9.7186573e-22
 168632.0000000   9.5595300e-22
 169262.3906250   9.4629129e-22
 169892.7968750   9.3435654e-22
 170523.2031250   9.2696665e-22
 171153.5937500   9.1787604e-22
 171784.0000000   9.1275867e-22
 172414.3906250   8.9855140e-22
 173044.7968750   8.9173059e-22
 173675.2031250   8.7922806e-22
 174305.5937500   8.8263655e-22
 174936.0000000   8.5763049e-22
 175566.3906250   8.6274564e-22
 176196.7968750   8.4228509e-22
 176827.2031250   8.3887403e-22
 177457.5937500   8.2012060e-22
 178088.0000000   8.1784737e-22
 178718.3906250   8.0477449e-22
 179348.7968750   7.9056575e-22
 179979.2031250   7.8261000e-22
 180609.5937500   7.7465257e-22
 181240.0000000   7.6214965e-22
 181870.3906250   7.5021414e-22
 182500.7968750   7.5191950e-22
 183131.2031250   7.4339212e-22
 183761.5937500   7.3884829e-22
 184392.0000000   7.3088955e-22
 185022.3906250   7.2350258e-22
 185652.7968750   7.1270420e-22
 186283.2031250   7.0247410e-22
 186913.5937500   6.9053839e-22
 187544.0000000   6.8201188e-22
 188174.3906250   6.7746531e-22
 188804.7968750   6.6780264e-22
 189435.2031250   6.5700405e-22
 190065.5937500   6.5189082e-22
 190696.0000000   6.4734315e-22
 191326.3906250   6.4393486e-22
 191956.7968750   6.3540860e-22
 192587.2031250   6.2517780e-22
 193217.5937500   6.1722249e-22
 193848.0000000   6.1040229e-22
 194478.3906250   6.0130775e-22
 195108.7968750   5.8994209e-22
 195739.2031250   5.8255280e-22
 196369.5937500   5.7630043e-22
 197000.0000000   5.7175502e-22
 197630.3906250   5.6214900e-22
 198260.7968750   5.5226034e-22
 198891.2031250   5.4458671e-22
 199521.5937500   5.4032469e-22
 200152.0000000   5.3708574e-22
 200782.3906250   5.3407262e-22
 201412.7968750   5.2583120e-22
 202358.3906250   5.1111118e-22
 203619.2031250   4.9758493e-22
 204880.0000000   4.8832126e-22
 206140.7968750   4.7752207e-22
 207401.5937500   4.6217717e-22
 208662.3906250   4.4967328e-22
 209923.2031250   4.4342121e-22
 211184.0000000   4.3552160e-22
 212444.7968750   4.2574603e-22
 213705.5937500   4.1398224e-22
 214966.3906250   4.0704842e-22
 216227.2031250   3.9880594e-22
 217488.0000000   3.8539430e-22
 218748.7968750   3.7658506e-22
 220009.5937500   3.6851414e-22
 221270.3906250   3.6175033e-22
 222531.2031250   3.5356695e-22
 223792.0000000   3.4703026e-22
 225052.7968750   3.3987026e-22
 226313.5937500   3.3441409e-22
 227574.3906250   3.2964001e-22
 228835.2031250   3.2446778e-22
 230096.0000000   3.1747618e-22
 231356.7968750   3.1048651e-22
 232617.5937500   3.0343882e-22
 233878.3906250   2.9747069e-22
 235139.2031250   2.9400417e-22
 236400.0000000   2.8837736e-22
 237660.7968750   2.8371669e-22
 238921.5937500   2.7485057e-22
 240182.3906250   2.6979288e-22
 241443.2031250   2.6240391e-22
 242704.0000000   2.5956253e-22
 243964.7968750   2.5575479e-22
 245225.5937500   2.5154843e-22
 246486.3906250   2.4580833e-22
 247747.2031250   2.3995460e-22
 249008.0000000   2.3609001e-22
 250268.7968750   2.3347509e-22
 251529.5937500   2.2921299e-22
 252790.3906250   2.2563237e-22
 254051.2031250   2.2068804e-22
 255312.0000000   2.1682313e-22
 256572.7968750   2.1244658e-22
 257833.5937500   2.0869571e-22
 259094.3906250   2.0346737e-22
 260355.2031250   1.9994352e-22
 261616.0000000   1.9670346e-22
 262876.7812500   1.9352101e-22
 264137.5937500   1.9113400e-22
 265398.4062500   1.8772397e-22
 266659.1875000   1.8437073e-22
 267920.0000000   1.8113148e-22
 269180.7812500   1.7880066e-22
 270441.5937500   1.7618620e-22
 271702.4062500   1.7340194e-22
 272963.1875000   1.7055977e-22
 274224.0000000   1.6771851e-22
 275484.7812500   1.6572907e-22
 276745.5937500   1.6408073e-22
 278006.4062500   1.6294395e-22
 279267.1875000   1.6061424e-22
 280528.0000000   1.5868191e-22
 281788.7812500   1.5572632e-22
 283049.5937500   1.5299839e-22
 284310.4062500   1.5106609e-22
 285571.1875000   1.4759880e-22
 286832.0000000   1.4481405e-22
 288092.7812500   1.4191532e-22
 289353.5937500   1.3969900e-22
 290614.4062500   1.3839159e-22
 291875.1875000   1.3810742e-22
 293136.0000000   1.3668637e-22
 294396.7812500   1.3350398e-22
 295657.5937500   1.3100298e-22
 296918.4062500   1.2855956e-22
 298179.1875000   1.2674039e-22
 299440.0000000   1.2634303e-22
 300700.7812500   1.2480820e-22
 301961.5937500   1.2259172e-22
 303222.4062500   1.2111417e-22
 304483.1875000   1.1861324e-22
 305744.0000000   1.1616955e-22
 307004.7812500   1.1565794e-22
 308265.5937500   1.1469181e-22
 309526.4062500   1.1304354e-22
 310787.1875000   1.1213422e-22
 312048.0000000   1.1099748e-22
 313308.7812500   1.0872407e-22
 314569.5937500   1.0616658e-22
 315830.4062500   1.0400673e-22
 630400.0000000   4.9929018e-24
1260800.0000000   3.2037552e-25
1891200.0000000   6.3597541e-26
2521600.0000000   2.0136408e-26
3152000.0000000   8.2409941e-27
3782400.0000000   3.9681772e-27
4412800.0000000   2.1381131e-27
5043200.0000000   1.2514906e-27
