    261.8980103   2.0555716e-23
    270.5320129   2.3409290e-23
    276.2879944   2.4962330e-23
    282.0440063   1.3510225e-22
    287.7999878   3.7197223e-22
    293.5559998   4.0341196e-22
    299.3120117   3.8320980e-22
    305.0679932   3.8952369e-22
    310.8240051   3.9735085e-22
    316.5800171   4.5366575e-22
    328.0920105   4.7058448e-22
    339.6040039   4.5707363e-22
    348.2380066   5.7853893e-22
    359.7500000   6.0063662e-22
    365.5060120   6.1338977e-22
    368.3840027   6.2311015e-22
    377.0180054   6.0088724e-22
    379.8959961   6.2172155e-22
    385.6520081   5.9394486e-22
    394.2860107   6.6023124e-22
    402.9200134   6.6187444e-22
    411.5540161   8.3586465e-22
    423.0660095   1.0402852e-21
    434.5780029   9.3157309e-22
    446.0899963   1.0510175e-21
    457.6019897   1.0551846e-21
    466.2359924   1.0567010e-21
    477.7480164   1.0633910e-21
    489.2600098   1.0626348e-21
    497.8940125   8.7412160e-22
    509.4060059   1.0707157e-21
    518.0399780   1.0721038e-21
    523.7960205   1.0721038e-21
    535.3079834   1.0739983e-21
    549.6979980   1.0751357e-21
    558.3320312   1.0817000e-21
    569.8439941   1.0789245e-21
    581.3560181   1.0827124e-21
    589.9899902   1.0815718e-21
    604.3800049   1.0484910e-21
    621.6480103   1.0805654e-21
    633.1600342   1.0844780e-21
    641.7940063   1.0716002e-21
    653.3060303   1.0871294e-21
    661.9400024   1.3623850e-21
    673.4520264   2.0366289e-21
    690.7200317   2.2197184e-21
    707.9879761   2.0707217e-21
    725.2559814   2.1389085e-21
    739.6459961   1.9697121e-21
    748.2800293   2.0681949e-21
    759.7919922   2.5947216e-21
    774.1820068   2.6616416e-21
    788.5720215   2.7007825e-21
    802.9620361   2.3320938e-21
    817.3519897   2.7613880e-21
    834.6199951   2.8598691e-21
    851.8880005   2.6300698e-21
    866.2780151   2.4028014e-21
    886.4240112   2.5820919e-21
    915.2039795   2.5223399e-21
    943.9840088   2.5027644e-21
    972.7639771   2.2821224e-21
   1001.5440063   2.0882381e-21
   1027.4460449   2.7131704e-21
   1053.3480225   4.0052562e-21
   1079.2500000   3.8307013e-21
   1108.0300293   2.9495696e-21
   1136.8100586   4.2564642e-21
   1165.5899658   5.1229262e-21
   1191.4920654   4.9627262e-21
   1214.5159912   4.4056520e-21
   1237.5400391   4.1042444e-21
   1269.1979980   4.6634621e-21
   1297.9780273   4.6430872e-21
   1323.8800049   3.9998064e-21
   1352.6600342   3.9890179e-21
   1381.4400635   4.3991169e-21
   1410.2199707   3.6511288e-21
   1439.0000000   4.4345569e-21
   1456.2680664   3.7813249e-21
   1473.5360107   5.9044940e-21
   1496.5600586   5.5478782e-21
   1525.3399658   5.0501905e-21
   1554.1199951   4.1009288e-21
   1582.9000244   3.9352665e-21
   1611.6800537   5.1295901e-21
   1640.4599609   5.7012442e-21
   1669.2399902   5.5349555e-21
   1698.0200195   5.6067877e-21
   1726.8000488   4.6826513e-21
   1755.5799561   4.5366777e-21
   1784.3599854   5.7610989e-21
   1813.1400146   5.4281902e-21
   1841.9200439   6.0067881e-21
   1870.7000732   5.8038397e-21
   1893.7239990   5.3483006e-21
   1913.8699951   6.0813236e-21
   1942.6500244   6.4608973e-21
   1971.4300537   5.5919590e-21
   2000.2099609   6.5925479e-21
   2028.9899902   5.3995390e-21
   2060.6479492   7.0692366e-21
   2089.4279785   7.2956086e-21
   2115.3300781   7.4769680e-21
   2144.1101074   7.4047480e-21
   2172.8901367   7.5556979e-21
   2201.6699219   6.9822550e-21
   2230.4499512   8.0501734e-21
   2259.2299805   7.6322388e-21
   2288.0100098   8.5321515e-21
   2316.7900391   9.3313736e-21
   2345.5700684   1.0304770e-20
   2374.3500977   1.1540408e-20
   2403.1301270   1.0122300e-20
   2431.9099121   1.3831909e-20
   2460.6899414   1.5092199e-20
   2489.4699707   1.7412976e-20
   2518.2500000   1.9522978e-20
   2547.0300293   2.1886448e-20
   2575.8100586   2.4623480e-20
   2604.5900879   2.7164970e-20
   2633.3701172   2.9408129e-20
   2662.1499023   7.7875513e-20
   2690.9299316   1.3212954e-19
   2719.7099609   1.8660582e-19
   2748.4899902   2.3190003e-19
   2777.2700195   2.5927963e-19
   2806.0500488   1.1284945e-19
   2834.8300781   2.3138118e-19
   2863.6101074   2.3322885e-19
   2892.3901367   3.0302826e-19
   2921.1699219   3.2330238e-19
   2949.9499512   2.3612183e-19
   2978.7299805   3.2726235e-19
   3007.5100098   4.6107570e-19
   3036.2900391   4.5741097e-19
   3065.0700684   3.9711010e-19
   3093.8500977   4.4790672e-19
   3122.6301270   4.0212775e-19
   3151.4099121   4.8176602e-19
   3180.1899414   4.7097317e-19
   3208.9699707   4.7027456e-19
   3237.7500000   4.2413303e-19
   3266.5300293   5.1583490e-19
   3295.3100586   4.9979850e-19
   3324.0900879   5.1461072e-19
   3352.8701172   5.1903914e-19
   3381.6501465   3.6248621e-19
   3410.4299316   5.1472146e-19
   3439.2099609   4.4536257e-19
   3467.9899902   3.8584090e-19
   3496.7700195   3.1895854e-19
   3525.5500488   5.2130990e-19
   3554.3300781   6.4211813e-19
   3583.1101074   6.7384718e-19
   3611.8901367   6.6513815e-19
   3640.6699219   6.4524472e-19
   3669.4499512   7.6839661e-19
   3698.2299805   7.9844705e-19
   3727.0100098   6.9428702e-19
   3755.7900391   7.0638365e-19
   3784.5700684   8.2093390e-19
   3813.3500977   7.9823317e-19
   3842.1301270   7.5759999e-19
   3870.9099121   8.4040320e-19
   3899.6899414   8.3178878e-19
   3928.4699707   7.8179476e-19
   3957.2500000   7.9477359e-19
   3986.0300293   7.9838397e-19
   4014.8100586   6.2723415e-19
   4043.5900879   6.2435386e-19
   4072.3701172   7.7505314e-19
   4101.1499023   7.6906843e-19
   4129.9301758   8.0219040e-19
   4150.0761719   8.2532980e-19
   4164.4658203   8.3310131e-19
   4187.4902344   8.1469877e-19
   4216.2700195   7.7888174e-19
   4245.0498047   7.9616051e-19
   4273.8300781   8.1587316e-19
   4302.6098633   8.2268080e-19
   4331.3901367   7.8669596e-19
   4351.5361328   7.2570695e-19
   4365.9262695   7.5796276e-19
   4388.9501953   7.4933723e-19
   4417.7299805   6.5317671e-19
   4446.5102539   6.1753344e-19
   4475.2900391   6.0909734e-19
   4504.0698242   6.6607649e-19
   4532.8500977   7.0721559e-19
   4561.6298828   7.2723843e-19
   4590.4101562   7.3561927e-19
   4619.1899414   7.2305372e-19
   4647.9702148   7.1843542e-19
   4676.7500000   7.0563020e-19
   4705.5302734   7.4518571e-19
   4734.3100586   7.5363102e-19
   4763.0898438   7.3530272e-19
   4791.8701172   7.7212109e-19
   4812.0161133   7.1226832e-19
   4826.4062500   8.0014256e-19
   4849.4301758   8.0385148e-19
   4878.2099609   7.6843709e-19
   4906.9902344   7.4987055e-19
   4935.7700195   7.1281281e-19
   4964.5498047   7.0394011e-19
   4993.3300781   7.4249060e-19
   5022.1098633   7.3053557e-19
   5050.8901367   7.5398857e-19
   5079.6699219   7.2328238e-19
   5108.4501953   7.1833760e-19
   5137.2299805   7.3812407e-19
   5166.0102539   7.6479083e-19
   5194.7900391   7.6928464e-19
   5223.5698242   7.1638432e-19
   5252.3500977   7.3258863e-19
   5281.1298828   7.1668955e-19
   5309.9101562   6.7002860e-19
   5338.6899414   6.7163716e-19
   5367.4702148   6.8299414e-19
   5396.2500000   7.1617985e-19
   5425.0302734   6.6087238e-19
   5453.8100586   6.3342679e-19
   5482.5898438   6.7133343e-19
   5511.3701172   6.4185307e-19
   5540.1499023   6.1966343e-19
   5568.9301758   6.5113455e-19
   5597.7099609   6.6591860e-19
   5626.4902344   6.1561361e-19
   5661.0258789   6.6496874e-19
   5686.9282227   6.8398479e-19
   5709.9521484   6.4985470e-19
   5741.6098633   6.3519303e-19
   5770.3901367   6.5583273e-19
   5799.1699219   6.4199126e-19
   5827.9501953   6.6476727e-19
   5856.7299805   6.2525388e-19
   5885.5102539   6.3927335e-19
   5914.2900391   5.7976489e-19
   5943.0698242   6.0175611e-19
   5968.9721680   6.5720523e-19
   5980.4838867   6.1692361e-19
   6000.6298828   6.3797478e-19
   6029.4101562   6.0792946e-19
   6058.1899414   6.1854591e-19
   6086.9702148   6.2496561e-19
   6115.7500000   6.2916262e-19
   6144.5302734   6.0609535e-19
   6173.3100586   6.0116969e-19
   6202.0898438   6.2115386e-19
   6230.8701172   6.0778796e-19
   6259.6499023   6.0664661e-19
   6288.4301758   5.9252235e-19
   6317.2099609   6.1215992e-19
   6345.9902344   6.0381843e-19
   6374.7700195   5.8682752e-19
   6403.5498047   5.7560407e-19
   6432.3300781   5.9176036e-19
   6461.1098633   5.8134822e-19
   6489.8901367   5.6712516e-19
   6518.6699219   5.7944669e-19
   6547.4501953   5.8659818e-19
   6576.2299805   5.9162005e-19
   6605.0102539   5.6151165e-19
   6633.7900391   5.6946133e-19
   6662.5698242   5.5468064e-19
   6691.3500977   4.7816152e-19
   6720.1298828   5.3478778e-19
   6748.9101562   5.3047196e-19
   6777.6899414   5.4274985e-19
   6806.4702148   5.2326422e-19
   6835.2500000   5.2362973e-19
   6864.0302734   5.0265801e-19
   6892.8100586   5.1852189e-19
   6921.5898438   5.0434525e-19
   6950.3701172   5.0732879e-19
   6979.1499023   5.1648780e-19
   7007.9301758   4.9975683e-19
   7036.7099609   5.1257617e-19
   7065.4902344   5.0573595e-19
   7094.2700195   5.0166555e-19
   7123.0502930   4.9039889e-19
   7151.8300781   4.9447120e-19
   7180.6098633   4.3540818e-19
   7209.3901367   4.9310935e-19
   7232.4140625   4.6395403e-19
   7246.8041992   4.8121201e-19
   7266.9501953   4.7038815e-19
   7295.7299805   4.7105387e-19
   7324.5102539   4.6137756e-19
   7353.2900391   4.7385713e-19
   7382.0698242   4.6897315e-19
   7410.8500977   4.8017757e-19
   7439.6298828   4.7639865e-19
   7468.4101562   4.7217025e-19
   7497.1899414   4.6376662e-19
   7525.9702148   4.5887984e-19
   7554.7500000   4.6479020e-19
   7583.5302734   4.6638718e-19
   7612.3100586   4.7882560e-19
   7641.0898438   4.7787811e-19
   7669.8701172   4.5673848e-19
   7698.6499023   4.6439233e-19
   7727.4301758   4.6282451e-19
   7756.2099609   4.5061176e-19
   7784.9902344   4.5221566e-19
   7813.7700195   4.4389800e-19
   7842.5502930   4.4429980e-19
   7871.3300781   4.5029324e-19
   7900.1098633   4.2576790e-19
   7928.8901367   4.2593437e-19
   7957.6699219   4.2931108e-19
   7986.4501953   4.3797239e-19
   8015.2299805   4.2969401e-19
   8044.0102539   3.8923126e-19
   8072.7900391   4.0271805e-19
   8101.5698242   4.2802900e-19
   8130.3500977   4.2779033e-19
   8159.1298828   4.1238666e-19
   8187.9101562   4.0918441e-19
   8216.6904297   4.0477316e-19
   8245.4697266   4.1326962e-19
   8274.2500000   4.0777789e-19
   8303.0302734   4.0709970e-19
   8331.8105469   4.0188058e-19
   8374.9804688   4.0961950e-19
   8432.5400391   4.0253416e-19
   8490.0996094   3.9636608e-19
   8547.6601562   3.9621295e-19
   8605.2197266   3.9324334e-19
   8662.7802734   3.9112478e-19
   8720.3398438   3.8991735e-19
   8777.9003906   3.8662629e-19
   8835.4599609   3.8376561e-19
   8893.0205078   3.8004880e-19
   8950.5800781   3.7652504e-19
   9008.1396484   3.7085487e-19
   9065.7001953   3.6904973e-19
   9123.2597656   3.6354642e-19
   9180.8203125   3.5341279e-19
   9238.3798828   3.5337712e-19
   9295.9404297   3.4645418e-19
   9353.5000000   3.4611959e-19
   9411.0605469   3.4309423e-19
   9468.6201172   3.3882654e-19
   9526.1796875   3.3491341e-19
   9583.7402344   3.2903355e-19
   9641.2998047   3.2270658e-19
   9698.8603516   3.1650955e-19
   9756.4199219   3.1291873e-19
   9813.9804688   3.1017675e-19
   9871.5400391   3.0459603e-19
   9929.0996094   3.0094335e-19
   9986.6601562   2.9746508e-19
  10044.2197266   2.9453107e-19
  10101.7802734   2.9265629e-19
  10159.3398438   2.8798210e-19
  10216.9003906   2.8632624e-19
  10274.4599609   2.7795174e-19
  10332.0205078   2.7332030e-19
  10389.5800781   2.7229470e-19
  10447.1396484   2.7059115e-19
  10475.9199219   2.6955802e-19
  10504.7001953   2.7178454e-19
  10562.2597656   2.6676802e-19
  10619.8203125   2.5293286e-19
  10677.3798828   2.6365232e-19
  10734.9404297   2.6014081e-19
  10792.5000000   2.9496343e-19
  10850.0605469   3.0071611e-19
  10907.6201172   3.3046581e-19
  10965.1796875   3.5713096e-19
  11022.7402344   3.0233035e-19
  11080.2998047   3.6765043e-19
  11137.8603516   3.8483397e-19
  11195.4199219   2.8772040e-19
  11252.9804688   3.8688276e-19
  11310.5400391   3.5880370e-19
  11368.0996094   3.7327487e-19
  11425.6601562   2.6454777e-19
  11483.2197266   3.7555892e-19
  11540.7802734   3.9312762e-19
  11598.3398438   3.8644803e-19
  11655.9003906   3.8716491e-19
  11713.4599609   3.7367675e-19
  11771.0205078   3.3907516e-19
  11828.5800781   2.9007782e-19
  11886.1396484   3.6027536e-19
  11943.7001953   3.6765043e-19
  12001.2597656   3.6607788e-19
  12058.8203125   3.6386429e-19
  12116.3798828   3.6301036e-19
  12173.9404297   3.5815191e-19
  12231.5000000   3.5602533e-19
  12289.0605469   3.4628381e-19
  12346.6201172   3.4444245e-19
  12404.1796875   3.2854115e-19
  12461.7402344   2.9723526e-19
  12519.2998047   2.6934619e-19
  12576.8603516   3.3427857e-19
  12634.4199219   3.3002635e-19
  12691.9804688   3.3181396e-19
  12749.5400391   3.3177170e-19
  12807.0996094   3.3189849e-19
  12864.6601562   3.2771107e-19
  12922.2197266   3.2799906e-19
  12979.7802734   3.3529309e-19
  13037.3398438   3.2357225e-19
  13094.9003906   3.2089895e-19
  13152.4599609   3.2631226e-19
  13210.0205078   3.1817644e-19
  13267.5800781   3.1898235e-19
  13325.1396484   3.1180343e-19
  13382.7001953   3.1088865e-19
  13440.2597656   3.1162954e-19
  13497.8203125   3.0646116e-19
  13555.3798828   2.9828797e-19
  13612.9404297   3.0363973e-19
  13670.5000000   3.0390254e-19
  13728.0605469   3.0244988e-19
  13785.6201172   2.9863534e-19
  13843.1796875   2.9329190e-19
  13900.7402344   2.8942246e-19
  13958.2998047   2.5651602e-19
  14015.8603516   2.2411608e-19
  14073.4199219   2.7786018e-19
  14130.9804688   2.8102156e-19
  14188.5400391   2.7595211e-19
  14246.1005859   2.8062568e-19
  14303.6601562   2.7747727e-19
  14361.2197266   2.6908253e-19
  14418.7802734   2.5977431e-19
  14476.3398438   2.6507693e-19
  14533.9003906   2.6141092e-19
  14591.4599609   2.6584406e-19
  14649.0205078   2.5929558e-19
  14706.5800781   2.5888140e-19
  14764.1396484   2.5382867e-19
  14821.7001953   2.4896965e-19
  14879.2597656   2.4254055e-19
  14936.8203125   2.4296169e-19
  14994.3798828   2.4426801e-19
  15051.9404297   2.4535180e-19
  15109.5000000   2.4754900e-19
  15167.0605469   2.3634698e-19
  15224.6201172   2.4546280e-19
  15282.1796875   2.4676312e-19
  15339.7402344   2.3661077e-19
  15397.2998047   2.4216483e-19
  15454.8603516   2.4074704e-19
  15512.4199219   2.3639059e-19
  15569.9804688   2.3337125e-19
  15627.5400391   2.3305581e-19
  15685.1005859   2.3454673e-19
  15742.6601562   2.2968329e-19
  15800.2197266   2.2866772e-19
  15857.7802734   2.2670981e-19
  15915.3398438   2.2743582e-19
  15972.9003906   2.2779171e-19
  16030.4599609   2.2515295e-19
  16088.0205078   2.2119624e-19
  16145.5800781   2.2314182e-19
  16203.1396484   2.2015244e-19
  16260.7001953   2.1936005e-19
  16318.2597656   2.1628166e-19
  16375.8203125   2.1812750e-19
  16433.3808594   2.1457206e-19
  16490.9394531   2.2041365e-19
  16548.5000000   2.1471627e-19
  16606.0605469   2.1518925e-19
  16663.6210938   2.1043957e-19
  16721.1796875   2.1301808e-19
  16778.7402344   2.1443919e-19
  16836.3007812   2.1024280e-19
  16893.8593750   2.0752736e-19
  16951.4199219   1.9949768e-19
  17008.9804688   2.0525045e-19
  17066.5410156   2.0450274e-19
  17124.0996094   2.0309304e-19
  17181.6601562   2.0409808e-19
  17239.2207031   2.0084537e-19
  17296.7792969   1.9906794e-19
  17354.3398438   2.0065317e-19
  17411.9003906   2.0110840e-19
  17469.4609375   2.0042770e-19
  17527.0195312   1.9584036e-19
  17584.5800781   1.9533700e-19
  17642.1406250   1.8975704e-19
  17699.6992188   1.8938406e-19
  17757.2597656   1.8575298e-19
  17814.8203125   1.8898855e-19
  17872.3808594   1.8722643e-19
  17929.9394531   1.8316954e-19
  17987.5000000   1.7874312e-19
  18045.0605469   1.8310199e-19
  18102.6210938   1.8433406e-19
  18160.1796875   1.8115908e-19
  18217.7402344   1.8214914e-19
  18275.3007812   1.8037789e-19
  18332.8593750   1.7956298e-19
  18390.4199219   1.8107874e-19
  18447.9804688   1.7869525e-19
  18505.5410156   1.7895599e-19
  18563.0996094   1.7786529e-19
  18620.6601562   1.7727728e-19
  18678.2207031   1.7390583e-19
  18735.7792969   1.7556187e-19
  18793.3398438   1.7343903e-19
  18850.9003906   1.6442028e-19
  18908.4609375   1.4746515e-19
  18966.0195312   1.6895737e-19
  19023.5800781   1.7192453e-19
  19081.1406250   1.7075517e-19
  19138.6992188   1.6963099e-19
  19196.2597656   1.6652704e-19
  19253.8203125   1.6790991e-19
  19311.3808594   1.6413601e-19
  19368.9394531   1.6585994e-19
  19426.5000000   1.6356825e-19
  19484.0605469   1.6406683e-19
  19541.6210938   1.6211075e-19
  19599.1796875   1.6226248e-19
  19656.7402344   1.6248782e-19
  19714.3007812   1.5985683e-19
  19771.8593750   1.6101378e-19
  19829.4199219   1.6177860e-19
  19886.9804688   1.6086395e-19
  19944.5410156   1.5932975e-19
  20002.0996094   1.5776583e-19
  20059.6601562   1.5827871e-19
  20117.2207031   1.5747786e-19
  20174.7792969   1.5488989e-19
  20232.3398438   1.5569603e-19
  20289.9003906   1.5493752e-19
  20347.4609375   1.5159227e-19
  20405.0195312   1.4901069e-19
  20462.5800781   1.4600166e-19
  20520.1406250   1.4380804e-19
  20577.6992188   1.4350645e-19
  20635.2597656   1.4395211e-19
  20692.8203125   1.4244902e-19
  20750.3808594   1.4439344e-19
  20807.9394531   1.4558929e-19
  20865.5000000   1.4560913e-19
  20923.0605469   1.4515197e-19
  20980.6210938   1.4318853e-19
  21038.1796875   1.4521317e-19
  21095.7402344   1.4490356e-19
  21153.3007812   1.4474328e-19
  21210.8593750   1.4709903e-19
  21268.4199219   1.4394136e-19
  21325.9804688   1.4387879e-19
  21383.5410156   1.4477380e-19
  21441.0996094   1.4428124e-19
  21498.6601562   1.4451968e-19
  21556.2207031   1.4349386e-19
  21613.7792969   1.4451525e-19
  21671.3398438   1.4513285e-19
  21728.9003906   1.4524316e-19
  21786.4609375   1.4390722e-19
  21844.0195312   1.4193445e-19
  21901.5800781   1.4112641e-19
  21959.1406250   1.4016405e-19
  22016.6992188   1.3830877e-19
  22074.2597656   1.3505004e-19
  22131.8203125   1.3703482e-19
  22189.3808594   1.3468695e-19
  22246.9394531   1.3473428e-19
  22304.5000000   1.3388664e-19
  22362.0605469   1.3388134e-19
  22419.6210938   1.3487223e-19
  22477.1796875   1.3435493e-19
  22534.7402344   1.3368159e-19
  22592.3007812   1.3205935e-19
  22649.8593750   1.3153609e-19
  22707.4199219   1.2854866e-19
  22764.9804688   1.2642945e-19
  22822.5410156   1.2726285e-19
  22880.0996094   1.2552431e-19
  22937.6601562   1.2774667e-19
  22995.2207031   1.2762778e-19
  23052.7792969   1.2866784e-19
  23110.3398438   1.2808486e-19
  23167.9003906   1.2711260e-19
  23225.4609375   1.2642334e-19
  23283.0195312   1.2428566e-19
  23340.5800781   1.2374754e-19
  23398.1406250   1.2530399e-19
  23455.6992188   1.2556787e-19
  23513.2597656   1.2557229e-19
  23570.8203125   1.2319118e-19
  23628.3808594   1.2285620e-19
  23685.9394531   1.2314305e-19
  23743.5000000   1.2327399e-19
  23801.0605469   1.2363889e-19
  23858.6210938   1.2293770e-19
  23916.1796875   1.1947573e-19
  23973.7402344   1.1939495e-19
  24031.3007812   1.1900076e-19
  24088.8593750   1.1910168e-19
  24146.4199219   1.1719275e-19
  24203.9804688   1.1885816e-19
  24261.5410156   1.1650202e-19
  24319.0996094   1.1560648e-19
  24376.6601562   1.1468359e-19
  24434.2207031   1.1658493e-19
  24491.7792969   1.1115685e-19
  24549.3398438   1.1672582e-19
  24606.9003906   1.0678136e-19
  24664.4609375   1.1872826e-19
  24722.0195312   1.1425828e-19
  24779.5800781   1.1406324e-19
  24837.1406250   1.1970211e-19
  24894.6992188   1.1764242e-19
  24952.2597656   1.0518764e-19
  25009.8203125   1.1593749e-19
  25067.3808594   1.1963957e-19
  25124.9394531   1.1736271e-19
  25182.5000000   1.0904431e-19
  25240.0605469   1.1628425e-19
  25297.6210938   1.1951824e-19
  25355.1796875   1.1646927e-19
  25412.7402344   1.1727512e-19
  25470.3007812   1.1403570e-19
  25527.8593750   1.0780151e-19
  25585.4199219   1.1461310e-19
  25642.9804688   1.1682274e-19
  25700.5410156   1.1532352e-19
  25758.0996094   1.1575841e-19
  25815.6601562   1.1521164e-19
  25873.2207031   1.1346966e-19
  25930.7792969   1.0532354e-19
  25988.3398438   1.0987211e-19
  26045.9003906   1.1501044e-19
  26103.4609375   1.1467352e-19
  26161.0195312   1.1180655e-19
  26218.5800781   1.1250552e-19
  26276.1406250   1.1387154e-19
  26333.6992188   1.1310497e-19
  26391.2597656   1.1201791e-19
  26448.8203125   1.1148932e-19
  26506.3808594   1.0585916e-19
  26563.9394531   9.9795909e-20
  26621.5000000   1.0436579e-19
  26679.0605469   1.0717460e-19
  26736.6210938   1.0808595e-19
  26794.1796875   1.0795407e-19
  26851.7402344   1.0784839e-19
  26909.3007812   1.0728716e-19
  26966.8593750   1.0637600e-19
  27024.4199219   1.0704666e-19
  27081.9804688   1.0455067e-19
  27139.5410156   1.0661734e-19
  27197.0996094   1.0390296e-19
  27254.6601562   1.0578247e-19
  27312.2207031   1.0540452e-19
  27369.7792969   1.0378849e-19
  27427.3398438   1.0235848e-19
  27484.9003906   9.5890357e-20
  27542.4609375   1.0151550e-19
  27600.0195312   1.0391026e-19
  27657.5800781   1.0320532e-19
  27715.1406250   1.0317404e-19
  27772.7011719   1.0192783e-19
  27830.2597656   1.0178737e-19
  27887.8203125   1.0253891e-19
  27945.3808594   1.0188442e-19
  28002.9394531   1.0120210e-19
  28060.5000000   1.0000519e-19
  28118.0605469   1.0072898e-19
  28175.6210938   9.9204663e-20
  28233.1796875   1.0125679e-19
  28290.7402344   1.0073428e-19
  28348.3007812   1.0045551e-19
  28405.8593750   9.9280505e-20
  28463.4199219   9.8864536e-20
  28520.9804688   9.8583579e-20
  28578.5410156   9.9144996e-20
  28636.0996094   9.8918394e-20
  28693.6601562   9.8745209e-20
  28751.2207031   9.8354379e-20
  28851.9511719   9.5476430e-20
  28995.8496094   9.3196598e-20
  29139.7500000   9.5389680e-20
  29283.6503906   9.3923890e-20
  29427.5507812   9.3878117e-20
  29571.4511719   9.3772626e-20
  29715.3496094   9.2898697e-20
  29859.2500000   9.1719783e-20
  30003.1503906   9.0919273e-20
  30147.0507812   9.0037918e-20
  30290.9511719   8.9288163e-20
  30434.8496094   8.8591709e-20
  30578.7500000   8.7972519e-20
  30722.6503906   8.6272560e-20
  30866.5507812   8.6207038e-20
  31010.4511719   8.5800614e-20
  31154.3496094   8.3814373e-20
  31298.2500000   8.2073927e-20
  31442.1503906   7.8990184e-20
  31586.0507812   7.8740802e-20
  31729.9511719   7.8937122e-20
  31873.8496094   7.7681830e-20
  32017.7500000   7.8013129e-20
  32161.6503906   7.7813636e-20
  32305.5507812   7.7613633e-20
  32449.4511719   7.6459936e-20
  32593.3496094   7.5753007e-20
  32737.2500000   7.4791687e-20
  32881.1484375   7.3905505e-20
  33025.0507812   7.4544431e-20
  33168.9492188   7.4952160e-20
  33312.8515625   7.4182895e-20
  33456.7500000   7.3292661e-20
  33600.6484375   7.2570378e-20
  33744.5507812   7.2242207e-20
  33888.4492188   7.1658572e-20
  34032.3515625   7.0875775e-20
  34176.2500000   6.9977884e-20
  34320.1484375   6.9901402e-20
  34464.0507812   6.7861387e-20
  34607.9492188   6.9343074e-20
  34751.8515625   6.7700339e-20
  34895.7500000   6.8041938e-20
  35039.6484375   6.7899547e-20
  35183.5507812   6.7677746e-20
  35327.4492188   6.6992266e-20
  35471.3515625   6.5990951e-20
  35615.2500000   6.6103783e-20
  35759.1484375   6.5128621e-20
  35903.0507812   6.4380953e-20
  36046.9492188   6.4033550e-20
  36190.8515625   6.3570930e-20
  36334.7500000   6.4023430e-20
  36478.6484375   6.2435664e-20
  36622.5507812   6.2974313e-20
  36766.4492188   6.2160691e-20
  36910.3515625   5.9386146e-20
  37054.2500000   6.0730767e-20
  37198.1484375   6.1209000e-20
  37342.0507812   6.0853312e-20
  37485.9492188   6.0783332e-20
  37629.8515625   6.0484286e-20
  37773.7500000   5.9689980e-20
  37917.6484375   5.9184094e-20
  38061.5507812   5.9054531e-20
  38205.4492188   5.8051393e-20
  38349.3515625   5.8123849e-20
  38493.2500000   5.7263885e-20
  38637.1484375   5.8033551e-20
  38781.0507812   5.7724961e-20
  38924.9492188   5.7561670e-20
  39068.8515625   5.6145007e-20
  39212.7500000   5.5630546e-20
  39356.6484375   5.6107041e-20
  39500.5507812   5.5416442e-20
  39644.4492188   5.5601233e-20
  39788.3515625   5.5462215e-20
  39932.2500000   5.4825525e-20
  40076.1484375   5.4219951e-20
  40220.0507812   5.3317901e-20
  40363.9492188   5.3118069e-20
  40507.8515625   5.2302297e-20
  40651.7500000   5.0986175e-20
  40795.6484375   5.1078290e-20
  40939.5507812   5.0903390e-20
  41083.4492188   5.0760290e-20
  41227.3515625   5.0705034e-20
  41371.2500000   5.1030307e-20
  41515.1484375   4.9558656e-20
  41659.0507812   4.9856424e-20
  41802.9492188   4.8883563e-20
  41932.4609375   4.9619418e-20
  42076.3593750   4.9056479e-20
  42234.6484375   4.8558966e-20
  42378.5507812   4.7876248e-20
  42522.4492188   4.7934948e-20
  42666.3515625   4.8378666e-20
  42810.2500000   4.8257497e-20
  42954.1484375   4.8968656e-20
  43098.0507812   4.8224869e-20
  43241.9492188   4.7393620e-20
  43385.8515625   4.7538916e-20
  43529.7500000   4.7090080e-20
  43673.6484375   4.7859643e-20
  43817.5507812   4.7321445e-20
  43961.4492188   4.7972860e-20
  44105.3515625   4.7225528e-20
  44249.2500000   4.6864574e-20
  44393.1484375   4.7216610e-20
  44537.0507812   4.7032000e-20
  44680.9492188   4.6282655e-20
  44824.8515625   4.4725998e-20
  44968.7500000   4.5643170e-20
  45112.6484375   4.5549053e-20
  45256.5507812   4.6053132e-20
  45400.4492188   4.3052706e-20
  45544.3515625   4.3376298e-20
  45688.2500000   4.3156824e-20
  45832.1484375   4.4229838e-20
  45976.0507812   4.3770895e-20
  46191.8984375   4.3925530e-20
  46479.6992188   4.3966640e-20
  46767.5000000   4.2628808e-20
  47055.3007812   4.3842272e-20
  47343.1015625   4.2652214e-20
  47630.8984375   4.2420756e-20
  47918.6992188   4.1464406e-20
  48206.5000000   4.2530257e-20
  48494.3007812   4.0544212e-20
  48782.1015625   4.1062457e-20
  49069.8984375   4.0222313e-20
  49357.6992188   4.0195646e-20
  49645.5000000   3.8928425e-20
  49933.3007812   3.8141156e-20
  50221.1015625   3.8021241e-20
  50508.8984375   3.7962010e-20
  50796.6992188   3.6897845e-20
  51084.5000000   3.5892979e-20
  51372.3007812   3.6380518e-20
  51660.1015625   3.4027306e-20
  51947.8984375   3.3964301e-20
  52235.6992188   3.3561722e-20
  52523.5000000   3.2301994e-20
  52811.3007812   3.1625112e-20
  53099.1015625   3.2077634e-20
  53386.8984375   3.1794878e-20
  53674.6992188   3.0585207e-20
  53962.5000000   2.9588593e-20
  54250.3007812   2.9715171e-20
  54538.1015625   2.8778360e-20
  54825.9023438   2.9938384e-20
  55113.6992188   2.8648851e-20
  55401.5000000   2.8679945e-20
  55689.3007812   2.8337389e-20
  55977.1015625   2.6600057e-20
  56264.9023438   2.7037376e-20
  56552.6992188   2.6668836e-20
  56840.5000000   2.6082719e-20
  57128.3007812   2.5196274e-20
  57416.1015625   2.5584208e-20
  57703.9023438   2.5247782e-20
  57991.6992188   2.5475785e-20
  58279.5000000   2.4416078e-20
  58567.3007812   2.3857773e-20
  58855.1015625   2.3395002e-20
  59142.9023438   2.2982355e-20
  59430.6992188   2.2468673e-20
  59718.5000000   2.2089236e-20
  60006.3007812   2.2730502e-20
  60294.1015625   2.1695427e-20
  60581.9023438   2.1729374e-20
  60869.6992188   2.1155248e-20
  61157.5000000   2.1126558e-20
  61445.3007812   2.0837397e-20
  61733.1015625   2.0230431e-20
  62020.9023438   2.0138593e-20
  62308.6992188   1.9578790e-20
  62596.5000000   1.9129752e-20
  62884.3007812   1.8940069e-20
  63172.1015625   1.8486996e-20
  63459.9023438   1.7870466e-20
  63747.6992188   1.7853679e-20
  64035.5000000   1.7841764e-20
  64323.3007812   1.7610011e-20
  64611.1015625   1.7662216e-20
  64898.9023438   1.7015254e-20
  65186.6992188   1.6729161e-20
  65474.5000000   1.6725928e-20
  65762.2968750   1.6340312e-20
  66050.1015625   1.4343147e-20
  66337.8984375   1.5532928e-20
  66625.7031250   1.5704135e-20
  66913.5000000   1.3501564e-20
  67201.2968750   1.4938943e-20
  67489.1015625   1.3965159e-20
  67776.8984375   1.2685717e-20
  68064.7031250   1.3540102e-20
  68352.5000000   1.3323086e-20
  68640.2968750   1.1870428e-20
  68928.1015625   1.3045451e-20
  69215.8984375   1.2536344e-20
  69503.7031250   1.1218333e-20
  69791.5000000   1.1547050e-20
  70079.2968750   1.1286976e-20
  70367.1015625   1.0855168e-20
  70654.8984375   1.0733193e-20
  70942.7031250   1.0748713e-20
  71230.5000000   1.0389064e-20
  71518.2968750   9.4689699e-21
  71806.1015625   9.4192809e-21
  72093.8984375   9.6315804e-21
  72381.7031250   9.1748789e-21
  72669.5000000   9.4469963e-21
  72957.2968750   9.4714240e-21
  73245.1015625   9.4256536e-21
  73532.8984375   9.4564612e-21
  73820.7031250   9.4641062e-21
  74108.5000000   9.6036606e-21
  74396.2968750   9.3691121e-21
  74684.1015625   9.3831120e-21
  74971.8984375   9.5420680e-21
  75259.7031250   9.3006871e-21
  75547.5000000   9.3123355e-21
  75835.2968750   9.4802467e-21
  76123.1015625   9.2320328e-21
  76410.8984375   9.2950116e-21
  76698.7031250   9.3346524e-21
  76986.5000000   9.1566842e-21
  77274.2968750   8.8852769e-21
  77562.1015625   8.9127532e-21
  77849.8984375   8.9330126e-21
  78137.7031250   8.7930802e-21
  78425.5000000   9.0687179e-21
  78713.2968750   8.8440487e-21
  79001.1015625   9.0425486e-21
  79288.8984375   8.7409856e-21
  79576.7031250   8.5520717e-21
  79864.5000000   8.5431375e-21
  80152.2968750   8.6384790e-21
  80440.1015625   8.6400719e-21
  80727.8984375   8.4175515e-21
  81015.7031250   8.2538780e-21
  81303.5000000   8.2617475e-21
  81591.2968750   7.9811055e-21
  81879.1015625   7.5016040e-21
  82166.8984375   7.7812274e-21
  82454.7031250   7.8104316e-21
  82742.5000000   7.5704119e-21
  83030.2968750   7.4471458e-21
  83318.1015625   7.2168641e-21
  83605.8984375   7.3466038e-21
  83893.7031250   7.0968599e-21
  84181.5000000   6.8146612e-21
  84469.2968750   6.7595164e-21
  84757.1015625   6.5876280e-21
  85044.8984375   6.4449139e-21
  85332.7031250   6.3540779e-21
  85620.5000000   6.2600124e-21
  85908.2968750   6.1367811e-21
  86196.1015625   6.0719035e-21
  86483.8984375   6.0070252e-21
  86771.7031250   5.9389007e-21
  87059.5000000   5.8578209e-21
  87347.2968750   5.7475530e-21
  87635.1015625   5.7248298e-21
  87922.8984375   5.6761857e-21
  88210.7031250   5.6242978e-21
  88498.5000000   5.5788845e-21
  88786.2968750   5.4977913e-21
  89074.1015625   5.4361579e-21
  89361.8984375   5.4069666e-21
  89649.7031250   5.3258924e-21
  89937.5000000   5.2772302e-21
  90225.2968750   5.2155951e-21
  90513.1015625   5.1636980e-21
  90800.8984375   5.1020892e-21
  91088.7031250   5.0339591e-21
  91376.5000000   4.9950448e-21
  91664.2968750   4.9528845e-21
  91952.1015625   4.9172095e-21
  92383.7968750   4.8296297e-21
  92959.3984375   4.7290699e-21
  93535.0000000   4.6577106e-21
  94110.6015625   4.5669037e-21
  94686.2031250   4.4663577e-21
  95261.7968750   4.3949843e-21
  95837.3984375   4.3560712e-21
  96413.0000000   4.3658003e-21
  96988.6015625   4.2328076e-21
  97564.2031250   4.2101147e-21
  98139.7968750   4.1938934e-21
  98715.3984375   4.2101147e-21
  99291.0000000   4.1225264e-21
  99866.6015625   4.0414437e-21
 100442.2031250   3.8954932e-21
 101017.7968750   3.8857540e-21
 101593.3984375   3.7852128e-21
 102169.0000000   3.6327668e-21
 102744.6015625   3.6295134e-21
 103320.2031250   3.5192431e-21
 103895.7968750   3.4835528e-21
 104471.3984375   3.3440778e-21
 105047.0000000   3.2565083e-21
 105622.6015625   3.1913090e-21
 106198.2031250   3.0790875e-21
 106773.7968750   2.9827616e-21
 107349.3984375   2.9146466e-21
 107925.0000000   2.8063060e-21
 108500.6015625   2.7615455e-21
 109076.2031250   2.7060778e-21
 109651.8046875   2.6512698e-21
 110227.3984375   2.6009967e-21
 110803.0000000   2.5594772e-21
 111378.6015625   2.5069338e-21
 111954.2031250   2.4634622e-21
 112529.8046875   2.4200003e-21
 113105.3984375   2.3914630e-21
 113681.0000000   2.3502621e-21
 114256.6015625   2.3194484e-21
 114832.2031250   2.2756672e-21
 115407.8046875   2.2425787e-21
 115983.3984375   2.2156568e-21
 116559.0000000   2.1864639e-21
 117134.6015625   2.1676571e-21
 117710.2031250   2.1504658e-21
 118285.8046875   2.1387865e-21
 118861.3984375   2.1021325e-21
 119437.0000000   2.0401830e-21
 120012.6015625   2.0288355e-21
 120588.2031250   2.0229897e-21
 121163.8046875   1.9766099e-21
 121739.3984375   1.9736954e-21
 122315.0000000   1.9451516e-21
 122890.6015625   1.9256866e-21
 123466.2031250   1.8316230e-21
 124041.8046875   1.7411294e-21
 124617.3984375   1.7365853e-21
 125193.0000000   1.6366884e-21
 125768.6015625   1.5886859e-21
 126344.2031250   1.5523584e-21
 126919.8046875   1.5020784e-21
 127495.3984375   1.4920256e-21
 128071.0000000   1.4534270e-21
 128646.6015625   1.4096410e-21
 129222.2031250   1.4213156e-21
 129797.8046875   1.3859638e-21
 130373.3984375   1.3275774e-21
 130949.0000000   1.2941706e-21
 131524.5937500   1.2588150e-21
 132100.2031250   1.2211921e-21
 132675.7968750   1.2299494e-21
 133251.4062500   1.2065955e-21
 133827.0000000   1.1910272e-21
 134402.5937500   1.1754583e-21
 134978.2031250   1.1446421e-21
 135553.7968750   1.1261576e-21
 136129.4062500   1.1443204e-21
 136705.0000000   1.1177219e-21
 137280.5937500   1.0995563e-21
 137856.2031250   1.0813961e-21
 138431.7968750   1.0560933e-21
 139007.4062500   1.0573928e-21
 139583.0000000   1.0356628e-21
 140158.5937500   1.0178201e-21
 140734.2031250   1.0084140e-21
 141309.7968750   9.8830685e-22
 141885.4062500   9.7792711e-22
 142461.0000000   9.5100628e-22
 143036.5937500   9.4029958e-22
 143612.2031250   9.3024437e-22
 144187.7968750   9.2311014e-22
 144763.4062500   9.0819100e-22
 145339.0000000   8.8483607e-22
 145914.5937500   8.7575465e-22
 146490.2031250   8.6959179e-22
 147065.7968750   8.5823987e-22
 147641.4062500   8.4818627e-22
 148217.0000000   8.3715787e-22
 148792.5937500   8.3586101e-22
 149368.2031250   8.2126211e-22
 149943.7968750   8.0829076e-22
 150519.4062500   7.9596469e-22
 151095.0000000   7.8980123e-22
 151670.5937500   7.8785424e-22
 152246.2031250   7.7163632e-22
 152821.7968750   7.5898870e-22
 153397.4062500   7.5120223e-22
 153973.0000000   7.3952582e-22
 154548.5937500   7.3141845e-22
 155124.2031250   7.2266005e-22
 155699.7968750   7.1584964e-22
 156275.4062500   7.0709129e-22
 156851.0000000   7.0319859e-22
 157426.5937500   6.9184586e-22
 158002.2031250   6.8665750e-22
 158577.7968750   6.7595171e-22
 159153.4062500   6.7887325e-22
 159729.0000000   6.5973561e-22
 160304.5937500   6.6200531e-22
 160880.2031250   6.4773477e-22
 161455.7968750   6.4481410e-22
 162031.4062500   6.3086704e-22
 162607.0000000   6.2859643e-22
 163182.5937500   6.1886656e-22
 163758.2031250   6.0783866e-22
 164333.7968750   6.0329886e-22
 164909.4062500   5.9648578e-22
 165485.0000000   5.8740512e-22
 166060.5937500   5.7897099e-22
 166636.2031250   5.7864566e-22
 167211.7968750   5.7118704e-22
 167787.4062500   5.6697077e-22
 168363.0000000   5.6048181e-22
 168938.5937500   5.5367060e-22
 169514.2031250   5.4653632e-22
 170089.7968750   5.3810265e-22
 170665.4062500   5.3129037e-22
 171241.0000000   5.2415432e-22
 171816.5937500   5.2091169e-22
 172392.2031250   5.1377519e-22
 172967.7968750   5.0631597e-22
 173543.4062500   5.0144967e-22
 174119.0000000   4.9690947e-22
 174694.5937500   4.9301838e-22
 175270.2031250   4.8685380e-22
 175845.7968750   4.7971805e-22
 176421.4062500   4.7420476e-22
 176997.0000000   4.6869102e-22
 177572.5937500   4.6285299e-22
 178148.2031250   4.5506864e-22
 178723.7968750   4.4987816e-22
 179299.4062500   4.4436421e-22
 179875.0000000   4.3982285e-22
 180450.5937500   4.3333647e-22
 181026.2031250   4.2685009e-22
 181601.7968750   4.2133518e-22
 182177.4062500   4.1809098e-22
 182753.0000000   4.1452389e-22
 183328.5937500   4.1192870e-22
 183904.2031250   4.0544212e-22
 184767.5937500   3.9603549e-22
 185918.7968750   3.8565625e-22
 187070.0000000   3.7819562e-22
 188221.2031250   3.6976362e-22
 189372.4062500   3.5938405e-22
 190523.5937500   3.4997767e-22
 191674.7968750   3.4446360e-22
 192826.0000000   3.3765153e-22
 193977.2031250   3.3019163e-22
 195128.4062500   3.2169339e-22
 196279.5937500   3.1575845e-22
 197430.7968750   3.0933601e-22
 198582.0000000   3.0009205e-22
 199733.2031250   2.9341044e-22
 200884.4062500   2.8711828e-22
 202035.5937500   2.8153918e-22
 203186.7968750   2.7540848e-22
 204338.0000000   2.7002487e-22
 205489.2031250   2.6444554e-22
 206640.4062500   2.5977432e-22
 207791.5937500   2.5549286e-22
 208942.7968750   2.5104927e-22
 210094.0000000   2.4573030e-22
 211245.2031250   2.4041103e-22
 212396.4062500   2.3515631e-22
 213547.5937500   2.3035609e-22
 214698.7968750   2.2678847e-22
 215850.0000000   2.2234455e-22
 217001.2031250   2.1867906e-22
 218152.4062500   2.1277591e-22
 219303.6093750   2.0872112e-22
 220454.7968750   2.0353145e-22
 221606.0000000   2.0074219e-22
 222757.2031250   1.9746664e-22
 223908.4062500   1.9399559e-22
 225059.6093750   1.8977955e-22
 226210.7968750   1.8556301e-22
 227362.0000000   1.8235164e-22
 228513.2031250   1.7982183e-22
 229664.4062500   1.7651360e-22
 230815.6093750   1.7349693e-22
 231966.7968750   1.6986433e-22
 233118.0000000   1.6687993e-22
 234269.2031250   1.6353879e-22
 235420.4062500   1.6061968e-22
 236571.6093750   1.5692209e-22
 237722.7968750   1.5416509e-22
 238874.0000000   1.5153768e-22
 240025.2031250   1.4894330e-22
 241176.4062500   1.4683505e-22
 242327.6093750   1.4420775e-22
 243478.7968750   1.4161255e-22
 244630.0000000   1.3908297e-22
 245781.2031250   1.3707154e-22
 246932.4062500   1.3493088e-22
 248083.6093750   1.3269304e-22
 249234.7968750   1.3045508e-22
 250386.0000000   1.2828191e-22
 251537.2031250   1.2649776e-22
 252688.4062500   1.2490839e-22
 253839.6093750   1.2361120e-22
 254990.7968750   1.2176255e-22
 256142.0000000   1.2007594e-22
 257293.2031250   1.1790258e-22
 258444.4062500   1.1582654e-22
 259595.6093750   1.1420511e-22
 260746.7968750   1.1183701e-22
 261898.0000000   1.0972889e-22
 263049.1875000   1.0768557e-22
 264200.4062500   1.0596615e-22
 265351.5937500   1.0473358e-22
 266502.8125000   1.0402030e-22
 267654.0000000   1.0275530e-22
 268805.1875000   1.0058221e-22
 269956.4062500   9.8765587e-23
 271107.5937500   9.6981783e-23
 272258.8125000   9.5554463e-23
 273410.0000000   9.4840783e-23
 274561.1875000   9.3575974e-23
 275712.4062500   9.1954120e-23
 276863.5937500   9.0754118e-23
 278014.8125000   8.9002746e-23
 279166.0000000   8.7283647e-23
 280317.1875000   8.6570126e-23
 281468.4062500   8.5661686e-23
 282619.5937500   8.4429132e-23
 283770.8125000   8.3553433e-23
 284922.0000000   8.2547844e-23
 286073.1875000   8.0958750e-23
 287224.4062500   7.9272033e-23
 288375.5937500   7.7779811e-23
 575600.0000000   4.1776792e-24
1151200.0000000   2.6746250e-25
1726800.0000000   5.3031828e-26
2302400.0000000   1.6778826e-26
2878000.0000000   6.8633187e-27
3453600.0000000   3.3019164e-27
4029200.0000000   1.7794029e-27
4604800.0000000   1.0408519e-27
