    231.7769928   5.2886781e-23
    239.4179993   6.0067990e-23
    244.5119934   6.4019603e-23
    249.6059875   3.3901024e-22
    254.6999969   9.3037271e-22
    259.7940063   1.0088455e-21
    264.8880005   9.5860206e-22
    269.9819946   9.7440907e-22
    275.0759888   9.9416810e-22
    280.1699829   1.1341756e-21
    290.3580017   1.1765192e-21
    300.5459900   1.1426451e-21
    308.1869812   1.4463742e-21
    318.3750000   1.5011315e-21
    323.4689941   1.5333145e-21
    326.0159912   1.5570247e-21
    333.6569824   1.5022593e-21
    336.2039795   1.5541962e-21
    341.2980042   1.4853268e-21
    348.9389954   1.6507393e-21
    356.5799866   1.6552548e-21
    364.2209778   2.0939080e-21
    374.4089966   2.6149865e-21
    384.5969849   2.3445651e-21
    394.7850037   2.6432175e-21
    404.9729919   2.6545017e-21
    412.6139832   2.6590175e-21
    422.8020020   2.6765218e-21
    432.9899902   2.6753935e-21
    440.6309814   2.2068137e-21
    450.8190002   2.6968402e-21
    458.4599915   2.7013568e-21
    463.5539856   2.7019261e-21
    473.7419739   2.7070097e-21
    486.4769897   2.7109597e-21
    494.1179810   2.7278950e-21
    504.3059998   2.7216845e-21
    514.4939575   2.7318516e-21
    522.1350098   2.7295849e-21
    534.8699951   2.6465979e-21
    550.1519775   2.7290215e-21
    560.3399658   2.7397456e-21
    567.9809570   2.7075685e-21
    578.1690063   2.7476502e-21
    585.8099976   3.4510779e-21
    595.9979858   5.1689939e-21
    611.2799683   5.6454673e-21
    626.5620117   5.2661032e-21
    641.8439941   5.4371466e-21
    654.5789795   4.9934305e-21
    662.2199707   5.2531216e-21
    672.4079590   6.5600386e-21
    685.1430054   6.7181247e-21
    697.8779907   6.8141047e-21
    710.6129761   5.8995273e-21
    723.3479614   6.9552117e-21
    738.6300049   7.1923225e-21
    753.9119873   6.6221297e-21
    766.6469727   6.0575846e-21
    784.4759521   6.4979310e-21
    809.9459839   6.3737376e-21
    835.4159546   6.5487546e-21
    860.8859863   6.1704931e-21
    886.3559570   5.8092050e-21
    909.2789917   7.7060816e-21
    932.2019653   1.1362596e-20
    955.1250000   1.0918444e-20
    980.5949707   8.4647597e-21
   1006.0650024   1.2255141e-20
   1031.5349121   1.4794739e-20
   1054.4580078   1.4405229e-20
   1074.8339844   1.2847214e-20
   1095.2099609   1.2066930e-20
   1123.2269287   1.3777249e-20
   1148.6970215   1.3782634e-20
   1171.6199951   1.1929977e-20
   1197.0899658   1.1948382e-20
   1222.5599365   1.3174850e-20
   1248.0299072   1.0978742e-20
   1273.5000000   1.3373643e-20
   1288.7819824   1.1426952e-20
   1304.0639648   1.7860455e-20
   1324.4399414   1.6817073e-20
   1349.9099121   1.5346483e-20
   1375.3800049   1.2494098e-20
   1400.8499756   1.2009145e-20
   1426.3199463   1.5662424e-20
   1451.7899170   1.7415530e-20
   1477.2600098   1.6917821e-20
   1502.7299805   1.7137754e-20
   1528.1999512   1.4313472e-20
   1553.6699219   1.3858141e-20
   1579.1400146   1.7573652e-20
   1604.6099854   1.6534820e-20
   1630.0799561   1.8256833e-20
   1655.5499268   1.7593884e-20
   1675.9259033   1.6179239e-20
   1693.7550049   1.8349758e-20
   1719.2249756   1.9420479e-20
   1744.6949463   1.6739627e-20
   1770.1649170   1.9638332e-20
   1795.6350098   1.6005100e-20
   1823.6519775   2.0811552e-20
   1849.1219482   2.1342488e-20
   1872.0449219   2.1738864e-20
   1897.5148926   2.1361524e-20
   1922.9849854   2.1625356e-20
   1948.4549561   1.9808630e-20
   1973.9249268   2.2621193e-20
   1999.3948975   2.1237672e-20
   2024.8649902   2.3481926e-20
   2050.3349609   2.5331127e-20
   2075.8049316   2.7532309e-20
   2101.2749023   3.0308205e-20
   2126.7448730   2.6125070e-20
   2152.2148438   3.5040738e-20
   2177.6850586   3.7500579e-20
   2203.1550293   4.2407046e-20
   2228.6250000   4.6549583e-20
   2254.0949707   5.1071427e-20
   2279.5649414   5.6190489e-20
   2305.0349121   6.0551372e-20
   2330.5048828   6.3933630e-20
   2355.9748535   1.6165530e-19
   2381.4448242   2.6942004e-19
   2406.9150391   3.7624470e-19
   2432.3850098   4.6165400e-19
   2457.8549805   5.1505709e-19
   2483.3249512   2.1935853e-19
   2508.7949219   4.5106402e-19
   2534.2648926   4.5368055e-19
   2559.7348633   5.8891470e-19
   2585.2048340   6.2594189e-19
   2610.6750488   4.5416300e-19
   2636.1450195   6.1493103e-19
   2661.6149902   8.6762106e-19
   2687.0849609   8.5964083e-19
   2712.5549316   7.4378111e-19
   2738.0249023   8.3881915e-19
   2763.4948730   7.5029355e-19
   2788.9648438   8.9955478e-19
   2814.4348145   8.7907792e-19
   2839.9050293   8.7605634e-19
   2865.3750000   7.9021551e-19
   2890.8449707   9.6006408e-19
   2916.3149414   9.2817699e-19
   2941.7849121   9.5495903e-19
   2967.2548828   9.6375640e-19
   2992.7248535   6.7387799e-19
   3018.1948242   9.5273040e-19
   3043.6650391   8.1773281e-19
   3069.1350098   7.0712987e-19
   3094.6049805   5.8216946e-19
   3120.0749512   9.0926226e-19
   3145.5449219   1.1262832e-18
   3171.0148926   1.1848936e-18
   3196.4848633   1.1670501e-18
   3221.9548340   1.1243804e-18
   3247.4248047   1.3441536e-18
   3272.8950195   1.3978683e-18
   3298.3649902   1.2114349e-18
   3323.8349609   1.2259555e-18
   3349.3049316   1.4296760e-18
   3374.7749023   1.3897819e-18
   3400.2448730   1.3125241e-18
   3425.7148438   1.4609877e-18
   3451.1848145   1.4422573e-18
   3476.6547852   1.3513512e-18
   3502.1250000   1.3768719e-18
   3527.5949707   1.3822583e-18
   3553.0649414   1.0927798e-18
   3578.5349121   1.0878573e-18
   3604.0048828   1.3362372e-18
   3629.4748535   1.3278015e-18
   3654.9448242   1.3790203e-18
   3672.7739258   1.4211996e-18
   3685.5087891   1.4360191e-18
   3705.8850098   1.4022279e-18
   3731.3549805   1.3371763e-18
   3756.8249512   1.3634170e-18
   3782.2949219   1.3970950e-18
   3807.7648926   1.4095816e-18
   3833.2348633   1.3480792e-18
   3851.0639648   1.2406774e-18
   3863.7988281   1.2974338e-18
   3884.1748047   1.2787096e-18
   3909.6447754   1.1137500e-18
   3935.1149902   1.0654733e-18
   3960.5849609   1.0462021e-18
   3986.0549316   1.1371583e-18
   4011.5249023   1.2083370e-18
   4036.9948730   1.2448036e-18
   4062.4648438   1.2610139e-18
   4087.9348145   1.2366301e-18
   4113.4047852   1.2283483e-18
   4138.8750000   1.2017428e-18
   4164.3447266   1.2694155e-18
   4189.8149414   1.2847438e-18
   4215.2846680   1.2455856e-18
   4240.7548828   1.3130487e-18
   4258.5839844   1.2022548e-18
   4271.3188477   1.3588260e-18
   4291.6948242   1.3698873e-18
   4317.1650391   1.3059691e-18
   4342.6347656   1.2723457e-18
   4368.1049805   1.2105998e-18
   4393.5747070   1.1954943e-18
   4419.0449219   1.2624380e-18
   4444.5146484   1.2411788e-18
   4469.9848633   1.2855566e-18
   4495.4550781   1.2251804e-18
   4520.9248047   1.2227185e-18
   4546.3950195   1.2540826e-18
   4571.8647461   1.3046620e-18
   4597.3349609   1.3080699e-18
   4622.8046875   1.2200471e-18
   4648.2749023   1.2446888e-18
   4673.7451172   1.2148074e-18
   4699.2148438   1.1336627e-18
   4724.6850586   1.1388524e-18
   4750.1547852   1.1594381e-18
   4775.6250000   1.2160618e-18
   4801.0947266   1.1243459e-18
   4826.5649414   1.0800785e-18
   4852.0346680   1.1402388e-18
   4877.5048828   1.0935817e-18
   4902.9750977   1.0570324e-18
   4928.4448242   1.1036949e-18
   4953.9150391   1.1346639e-18
   4979.3847656   1.0518966e-18
   5009.9487305   1.1364842e-18
   5032.8720703   1.1668554e-18
   5053.2480469   1.1093953e-18
   5081.2646484   1.0831091e-18
   5106.7348633   1.1155907e-18
   5132.2050781   1.0905312e-18
   5157.6748047   1.1275899e-18
   5183.1450195   1.0649352e-18
   5208.6147461   1.0911110e-18
   5234.0849609   9.9260629e-19
   5259.5546875   1.0260757e-18
   5282.4780273   1.1203433e-18
   5292.6660156   1.0584586e-18
   5310.4946289   1.0929575e-18
   5335.9648438   1.0407166e-18
   5361.4350586   1.0545286e-18
   5386.9047852   1.0657868e-18
   5412.3750000   1.0732269e-18
   5437.8447266   1.0266481e-18
   5463.3149414   1.0258369e-18
   5488.7846680   1.0593051e-18
   5514.2548828   1.0331978e-18
   5539.7246094   1.0304289e-18
   5565.1948242   1.0094216e-18
   5590.6650391   1.0446456e-18
   5616.1347656   1.0275593e-18
   5641.6049805   9.9387126e-19
   5667.0747070   9.7424650e-19
   5692.5449219   1.0090050e-18
   5718.0146484   9.8612337e-19
   5743.4848633   9.5844208e-19
   5768.9550781   9.7893868e-19
   5794.4248047   9.9370107e-19
   5819.8950195   1.0060183e-18
   5845.3647461   9.5281828e-19
   5870.8349609   9.6635024e-19
   5896.3046875   9.3820572e-19
   5921.7749023   8.0049194e-19
   5947.2446289   8.9799162e-19
   5972.7148438   8.8518355e-19
   5998.1850586   9.1642234e-19
   6023.6547852   8.7373165e-19
   6049.1250000   8.7956058e-19
   6074.5947266   8.3676965e-19
   6100.0649414   8.6783458e-19
   6125.5346680   8.4288500e-19
   6151.0048828   8.4992544e-19
   6176.4746094   8.7366258e-19
   6201.9448242   8.4472310e-19
   6227.4150391   8.7046077e-19
   6252.8847656   8.5853164e-19
   6278.3549805   8.5112077e-19
   6303.8247070   8.2934266e-19
   6329.2949219   8.3593224e-19
   6354.7646484   7.4124730e-19
   6380.2348633   8.4269252e-19
   6400.6108398   7.8179957e-19
   6413.3457031   8.0822473e-19
   6431.1748047   7.8846484e-19
   6456.6450195   7.9182748e-19
   6482.1147461   7.7708588e-19
   6507.5849609   8.0542897e-19
   6533.0546875   7.9351938e-19
   6558.5249023   8.1776874e-19
   6583.9946289   8.0978811e-19
   6609.4648438   8.0095966e-19
   6634.9350586   7.8362149e-19
   6660.4047852   7.7382664e-19
   6685.8750000   7.9117742e-19
   6711.3447266   7.9967675e-19
   6736.8149414   8.3247002e-19
   6762.2846680   8.3712622e-19
   6787.7548828   7.8808061e-19
   6813.2246094   8.0666803e-19
   6838.6948242   8.0529109e-19
   6864.1650391   7.7831890e-19
   6889.6347656   7.8681141e-19
   6915.1049805   7.6459070e-19
   6940.5747070   7.6443286e-19
   6966.0449219   7.8073251e-19
   6991.5146484   7.2222029e-19
   7016.9848633   7.2738024e-19
   7042.4545898   7.3855669e-19
   7067.9248047   7.5748160e-19
   7093.3950195   7.3338505e-19
   7118.8647461   6.4594338e-19
   7144.3349609   6.7287250e-19
   7169.8046875   7.4029082e-19
   7195.2749023   7.5151701e-19
   7220.7446289   7.2426275e-19
   7246.2148438   7.1383541e-19
   7271.6845703   6.9868074e-19
   7297.1547852   7.2919383e-19
   7322.6250000   7.2281689e-19
   7348.0947266   7.1990221e-19
   7373.5649414   7.1259811e-19
   7411.7700195   7.4015749e-19
   7462.7099609   7.2225518e-19
   7513.6499023   7.1071658e-19
   7564.5898438   7.1434971e-19
   7615.5297852   7.1117241e-19
   7666.4697266   7.1101007e-19
   7717.4096680   7.0939123e-19
   7768.3496094   7.0569963e-19
   7819.2895508   7.0378682e-19
   7870.2299805   7.0010287e-19
   7921.1699219   6.9621192e-19
   7972.1098633   6.8543541e-19
   8023.0498047   6.8374269e-19
   8073.9897461   6.7734667e-19
   8124.9296875   6.5268753e-19
   8175.8696289   6.5952237e-19
   8226.8095703   6.3937277e-19
   8277.7500000   6.5251553e-19
   8328.6894531   6.5656593e-19
   8379.6298828   6.4847315e-19
   8430.5693359   6.4202626e-19
   8481.5097656   6.3211064e-19
   8532.4501953   6.2057147e-19
   8583.3896484   6.0016038e-19
   8634.3300781   5.9872031e-19
   8685.2695312   5.9576159e-19
   8736.2099609   5.8838474e-19
   8787.1494141   5.8538709e-19
   8838.0898438   5.7993912e-19
   8889.0292969   5.7991105e-19
   8939.9697266   5.8086696e-19
   8990.9101562   5.6765445e-19
   9041.8496094   5.7361150e-19
   9092.7900391   5.4224807e-19
   9143.7294922   5.3550091e-19
   9194.6699219   5.4314189e-19
   9245.6093750   5.4346164e-19
   9271.0800781   5.4287951e-19
   9296.5498047   5.5672926e-19
   9347.4902344   5.4833570e-19
   9398.4296875   5.1657714e-19
   9449.3701172   5.4515648e-19
   9500.3095703   5.2391593e-19
   9551.2500000   6.0040295e-19
   9602.1894531   6.2508198e-19
   9653.1298828   6.9182884e-19
   9704.0693359   7.4890430e-19
   9755.0097656   6.1544709e-19
   9805.9501953   7.6780760e-19
   9856.8896484   8.1106946e-19
   9907.8300781   6.0866788e-19
   9958.7695312   8.3087387e-19
  10009.7099609   7.1838620e-19
  10060.6494141   7.9011144e-19
  10111.5898438   5.4086621e-19
  10162.5292969   8.3106728e-19
  10213.4697266   8.8466667e-19
  10264.4101562   8.7574852e-19
  10315.3496094   8.7201039e-19
  10366.2900391   8.3972956e-19
  10417.2294922   7.7700740e-19
  10468.1699219   6.6704082e-19
  10519.1093750   8.2456683e-19
  10570.0498047   8.4397770e-19
  10620.9892578   8.4203031e-19
  10671.9296875   8.3728798e-19
  10722.8701172   8.3899234e-19
  10773.8095703   8.2651375e-19
  10824.7500000   8.2971060e-19
  10875.6894531   8.0337291e-19
  10926.6298828   7.9434919e-19
  10977.5693359   7.4622848e-19
  11028.5097656   7.0547650e-19
  11079.4492188   6.4346302e-19
  11130.3896484   8.0314714e-19
  11181.3300781   7.8597213e-19
  11232.2695312   7.9535463e-19
  11283.2099609   8.0198753e-19
  11334.1494141   8.0465468e-19
  11385.0898438   8.0732373e-19
  11436.0292969   8.0826025e-19
  11486.9697266   8.4471943e-19
  11537.9101562   8.0042866e-19
  11588.8496094   8.0010885e-19
  11639.7900391   8.2590784e-19
  11690.7294922   7.9878867e-19
  11741.6699219   8.0636694e-19
  11792.6093750   7.8701872e-19
  11843.5498047   7.8937954e-19
  11894.4892578   7.9743923e-19
  11945.4296875   7.8190261e-19
  11996.3701172   7.6048152e-19
  12047.3095703   7.8061593e-19
  12098.2500000   7.8688394e-19
  12149.1894531   7.8269629e-19
  12200.1298828   7.7439103e-19
  12251.0693359   7.6193581e-19
  12302.0097656   7.5702262e-19
  12352.9492188   6.7063622e-19
  12403.8896484   5.8532024e-19
  12454.8300781   7.2553299e-19
  12505.7695312   7.3514907e-19
  12556.7099609   7.2352516e-19
  12607.6494141   7.4199967e-19
  12658.5898438   7.3267683e-19
  12709.5292969   7.0253923e-19
  12760.4697266   6.7703435e-19
  12811.4091797   6.9726755e-19
  12862.3496094   6.9072373e-19
  12913.2900391   7.0803109e-19
  12964.2294922   6.8589010e-19
  13015.1699219   6.9002642e-19
  13066.1093750   6.7435765e-19
  13117.0498047   6.5801504e-19
  13167.9892578   6.3377855e-19
  13218.9296875   6.3901620e-19
  13269.8701172   6.5211735e-19
  13320.8095703   6.6161695e-19
  13371.7500000   6.7355849e-19
  13422.6894531   6.3027275e-19
  13473.6298828   6.7136708e-19
  13524.5693359   6.8334941e-19
  13575.5097656   6.4167104e-19
  13626.4492188   6.6889485e-19
  13677.3896484   6.6559228e-19
  13728.3300781   6.5308613e-19
  13779.2695312   6.4298564e-19
  13830.2099609   6.4574764e-19
  13881.1494141   6.5466553e-19
  13932.0898438   6.3956375e-19
  13983.0292969   6.3798988e-19
  14033.9697266   6.3330835e-19
  14084.9091797   6.3913128e-19
  14135.8496094   6.4309291e-19
  14186.7900391   6.3465872e-19
  14237.7294922   6.2115226e-19
  14288.6699219   6.3199132e-19
  14339.6093750   6.2472247e-19
  14390.5498047   6.2491458e-19
  14441.4892578   6.1485545e-19
  14492.4296875   6.2439884e-19
  14543.3691406   6.1254554e-19
  14594.3095703   6.3876650e-19
  14645.2500000   6.1942236e-19
  14696.1894531   6.2295256e-19
  14747.1298828   6.0705012e-19
  14798.0693359   6.1900086e-19
  14849.0097656   6.2662954e-19
  14899.9492188   6.1184653e-19
  14950.8896484   6.0751949e-19
  15001.8300781   5.7412058e-19
  15052.7695312   5.9963610e-19
  15103.7099609   5.9837072e-19
  15154.6494141   5.9620397e-19
  15205.5898438   6.0057702e-19
  15256.5292969   5.9120030e-19
  15307.4697266   5.8498875e-19
  15358.4091797   5.9272645e-19
  15409.3496094   5.9683801e-19
  15460.2900391   5.9557852e-19
  15511.2294922   5.8022951e-19
  15562.1699219   5.8021933e-19
  15613.1093750   5.5942044e-19
  15664.0498047   5.6124143e-19
  15714.9892578   5.4660214e-19
  15765.9296875   5.6275941e-19
  15816.8691406   5.5832329e-19
  15867.8095703   5.4497699e-19
  15918.7500000   5.2997922e-19
  15969.6894531   5.4739732e-19
  16020.6298828   5.5287460e-19
  16071.5693359   5.4210284e-19
  16122.5097656   5.4647491e-19
  16173.4492188   5.4345203e-19
  16224.3896484   5.4146043e-19
  16275.3291016   5.4771956e-19
  16326.2695312   5.3875628e-19
  16377.2099609   5.4136531e-19
  16428.1503906   5.3876098e-19
  16479.0898438   5.3666630e-19
  16530.0292969   5.2653169e-19
  16580.9687500   5.3507538e-19
  16631.9101562   5.2995363e-19
  16682.8496094   5.0384579e-19
  16733.7890625   4.5420487e-19
  16784.7304688   5.1686081e-19
  16835.6699219   5.2726064e-19
  16886.6093750   5.2287689e-19
  16937.5488281   5.1979508e-19
  16988.4902344   5.0985821e-19
  17039.4296875   5.1651132e-19
  17090.3691406   5.0278256e-19
  17141.3085938   5.1062681e-19
  17192.2500000   5.0301003e-19
  17243.1894531   5.0616350e-19
  17294.1289062   4.9998167e-19
  17345.0703125   5.0094430e-19
  17396.0097656   5.0270309e-19
  17446.9492188   4.9303878e-19
  17497.8886719   4.9850820e-19
  17548.8300781   5.0132506e-19
  17599.7695312   4.9901640e-19
  17650.7089844   4.9483712e-19
  17701.6503906   4.9091045e-19
  17752.5898438   4.9338532e-19
  17803.5292969   4.9218637e-19
  17854.4687500   4.8309535e-19
  17905.4101562   4.8743448e-19
  17956.3496094   4.8407871e-19
  18007.2890625   4.7448062e-19
  18058.2304688   4.6513410e-19
  18109.1699219   4.5771724e-19
  18160.1093750   4.5028414e-19
  18211.0488281   4.4815146e-19
  18261.9902344   4.5018136e-19
  18312.9296875   4.4507595e-19
  18363.8691406   4.5195437e-19
  18414.8085938   4.5789818e-19
  18465.7500000   4.5764088e-19
  18516.6894531   4.5663704e-19
  18567.6289062   4.5015562e-19
  18618.5703125   4.5901565e-19
  18669.5097656   4.5800479e-19
  18720.4492188   4.5820796e-19
  18771.3886719   4.6878243e-19
  18822.3300781   4.5582956e-19
  18873.2695312   4.5772525e-19
  18924.2089844   4.6362688e-19
  18975.1503906   4.6137834e-19
  19026.0898438   4.6518104e-19
  19077.0292969   4.6176758e-19
  19127.9687500   4.6625281e-19
  19178.9101562   4.6937785e-19
  19229.8496094   4.7066386e-19
  19280.7890625   4.6587210e-19
  19331.7285156   4.5697205e-19
  19382.6699219   4.5407521e-19
  19433.6093750   4.5007854e-19
  19484.5488281   4.4134837e-19
  19535.4902344   4.2945328e-19
  19586.4296875   4.3817711e-19
  19637.3691406   4.2941745e-19
  19688.3085938   4.3087396e-19
  19739.2500000   4.2786437e-19
  19790.1894531   4.2917987e-19
  19841.1289062   4.3262792e-19
  19892.0703125   4.3112382e-19
  19943.0097656   4.2927037e-19
  19993.9492188   4.2445057e-19
  20044.8886719   4.2293215e-19
  20095.8300781   4.1478504e-19
  20146.7695312   4.0697172e-19
  20197.7089844   4.1096450e-19
  20248.6503906   4.0534849e-19
  20299.5898438   4.1300908e-19
  20350.5292969   4.1423889e-19
  20401.4687500   4.1913965e-19
  20452.4101562   4.1732123e-19
  20503.3496094   4.1411337e-19
  20554.2890625   4.1409155e-19
  20605.2285156   4.0740093e-19
  20656.1699219   4.0695565e-19
  20707.1093750   4.1408793e-19
  20758.0488281   4.1719296e-19
  20808.9902344   4.1737437e-19
  20859.9296875   4.0578309e-19
  20910.8691406   4.0630561e-19
  20961.8085938   4.0668588e-19
  21012.7500000   4.0727750e-19
  21063.6894531   4.0856379e-19
  21114.6289062   4.0691811e-19
  21165.5703125   3.9450161e-19
  21216.5097656   3.9368294e-19
  21267.4492188   3.9321121e-19
  21318.3886719   3.9371752e-19
  21369.3300781   3.8658622e-19
  21420.2695312   3.9360862e-19
  21471.2089844   3.8422162e-19
  21522.1503906   3.8008786e-19
  21573.0898438   3.7763362e-19
  21624.0292969   3.8283537e-19
  21674.9687500   3.6666745e-19
  21725.9101562   3.8403605e-19
  21776.8496094   3.5257472e-19
  21827.7890625   3.9030696e-19
  21878.7285156   3.7847209e-19
  21929.6699219   3.7889122e-19
  21980.6093750   3.9489856e-19
  22031.5488281   3.9066709e-19
  22082.4902344   3.5104816e-19
  22133.4296875   3.8303382e-19
  22184.3691406   3.9652872e-19
  22235.3085938   3.8938411e-19
  22286.2500000   3.6715730e-19
  22337.1894531   3.8824001e-19
  22388.1289062   3.9914081e-19
  22439.0703125   3.8531665e-19
  22490.0097656   3.9069454e-19
  22540.9492188   3.8209964e-19
  22591.8886719   3.6447752e-19
  22642.8300781   3.7929744e-19
  22693.7695312   3.8624341e-19
  22744.7089844   3.8174739e-19
  22795.6484375   3.8443263e-19
  22846.5898438   3.8291946e-19
  22897.5292969   3.7834249e-19
  22948.4687500   3.5609009e-19
  22999.4101562   3.7080992e-19
  23050.3496094   3.8490055e-19
  23101.2890625   3.8502063e-19
  23152.2285156   3.7514579e-19
  23203.1699219   3.7847375e-19
  23254.1093750   3.8351859e-19
  23305.0488281   3.8148931e-19
  23355.9902344   3.7874315e-19
  23406.9296875   3.7821125e-19
  23457.8691406   3.5877597e-19
  23508.8085938   3.4340385e-19
  23559.7500000   3.5367428e-19
  23610.6894531   3.6280540e-19
  23661.6289062   3.6491479e-19
  23712.5703125   3.6300622e-19
  23763.5097656   3.6418309e-19
  23814.4492188   3.6148054e-19
  23865.3886719   3.5913383e-19
  23916.3300781   3.6260946e-19
  23967.2695312   3.5407213e-19
  24018.2089844   3.6179342e-19
  24069.1484375   3.5065523e-19
  24120.0898438   3.5974948e-19
  24171.0292969   3.5854441e-19
  24221.9687500   3.5337153e-19
  24272.9101562   3.5129647e-19
  24323.8496094   3.3334089e-19
  24374.7890625   3.4879828e-19
  24425.7285156   3.5502196e-19
  24476.6699219   3.5272341e-19
  24527.6093750   3.5338704e-19
  24578.5488281   3.4746810e-19
  24629.4902344   3.4834517e-19
  24680.4296875   3.5088632e-19
  24731.3691406   3.4843391e-19
  24782.3085938   3.4547023e-19
  24833.2500000   3.4069088e-19
  24884.1894531   3.4490019e-19
  24935.1289062   3.3902809e-19
  24986.0683594   3.4781011e-19
  25037.0097656   3.4672573e-19
  25087.9492188   3.4476694e-19
  25138.8886719   3.3997193e-19
  25189.8300781   3.3880783e-19
  25240.7695312   3.3742238e-19
  25291.7089844   3.4083902e-19
  25342.6484375   3.4047248e-19
  25393.5898438   3.4010485e-19
  25444.5292969   3.3959140e-19
  25533.6738281   3.3120451e-19
  25661.0234375   3.2385150e-19
  25788.3750000   3.2963726e-19
  25915.7246094   3.2336116e-19
  26043.0742188   3.2410330e-19
  26170.4238281   3.2461331e-19
  26297.7734375   3.2306873e-19
  26425.1250000   3.1865249e-19
  26552.4746094   3.1531693e-19
  26679.8242188   3.1272282e-19
  26807.1738281   3.0988861e-19
  26934.5234375   3.0815551e-19
  27061.8750000   3.0633119e-19
  27189.2246094   3.0072984e-19
  27316.5742188   3.0127583e-19
  27443.9238281   3.0083290e-19
  27571.2734375   2.9349986e-19
  27698.6250000   2.8726636e-19
  27825.9746094   2.7966896e-19
  27953.3242188   2.7726701e-19
  28080.6738281   2.7754115e-19
  28208.0234375   2.7214811e-19
  28335.3750000   2.7509465e-19
  28462.7246094   2.7513090e-19
  28590.0742188   2.7509225e-19
  28717.4238281   2.7086151e-19
  28844.7734375   2.6797092e-19
  28972.1250000   2.6334843e-19
  29099.4746094   2.5974740e-19
  29226.8242188   2.6307445e-19
  29354.1738281   2.6615878e-19
  29481.5234375   2.6347569e-19
  29608.8750000   2.6038702e-19
  29736.2246094   2.5736957e-19
  29863.5742188   2.5532731e-19
  29990.9238281   2.5403655e-19
  30118.2734375   2.5092844e-19
  30245.6250000   2.4796618e-19
  30372.9746094   2.4674188e-19
  30500.3242188   2.3913621e-19
  30627.6738281   2.4615957e-19
  30755.0234375   2.3893151e-19
  30882.3750000   2.4162450e-19
  31009.7246094   2.4112734e-19
  31137.0742188   2.4125868e-19
  31264.4238281   2.3862739e-19
  31391.7734375   2.3454406e-19
  31519.1250000   2.3579375e-19
  31646.4746094   2.3154933e-19
  31773.8242188   2.2844330e-19
  31901.1738281   2.2800929e-19
  32028.5234375   2.2627254e-19
  32155.8750000   2.2950118e-19
  32283.2246094   2.2231273e-19
  32410.5742188   2.2584959e-19
  32537.9238281   2.2256184e-19
  32665.2734375   2.1389311e-19
  32792.6250000   2.1720065e-19
  32919.9726562   2.2058061e-19
  33047.3242188   2.1843276e-19
  33174.6757812   2.1966221e-19
  33302.0234375   2.1781868e-19
  33429.3750000   2.1503846e-19
  33556.7226562   2.1310268e-19
  33684.0742188   2.1286322e-19
  33811.4257812   2.0890490e-19
  33938.7734375   2.0904899e-19
  34066.1250000   2.0562345e-19
  34193.4726562   2.0971475e-19
  34320.8242188   2.0884345e-19
  34448.1757812   2.0851259e-19
  34575.5234375   2.0243975e-19
  34702.8750000   2.0024153e-19
  34830.2226562   2.0316833e-19
  34957.5742188   1.9995679e-19
  35084.9257812   2.0171912e-19
  35212.2734375   2.0129610e-19
  35339.6250000   1.9908054e-19
  35466.9726562   1.9601452e-19
  35594.3242188   1.9145334e-19
  35721.6757812   1.9211537e-19
  35849.0234375   1.8832687e-19
  35976.3750000   1.8320607e-19
  36103.7226562   1.8425506e-19
  36231.0742188   1.8459282e-19
  36358.4257812   1.8486053e-19
  36485.7734375   1.8411027e-19
  36613.1250000   1.8593697e-19
  36740.4726562   1.8023963e-19
  36867.8242188   1.8081920e-19
  36995.1757812   1.7683901e-19
  37109.7890625   1.8054305e-19
  37237.1406250   1.7812201e-19
  37377.2226562   1.7564238e-19
  37504.5742188   1.7353077e-19
  37631.9257812   1.7370691e-19
  37759.2734375   1.7640308e-19
  37886.6250000   1.7617932e-19
  38013.9726562   1.7919460e-19
  38141.3242188   1.7636899e-19
  38268.6757812   1.7181085e-19
  38396.0234375   1.7379467e-19
  38523.3750000   1.7119850e-19
  38650.7226562   1.7531869e-19
  38778.0742188   1.7279915e-19
  38905.4257812   1.7644957e-19
  39032.7734375   1.7313644e-19
  39160.1250000   1.7061230e-19
  39287.4726562   1.7322847e-19
  39414.8242188   1.7204267e-19
  39542.1757812   1.6911727e-19
  39669.5234375   1.6460120e-19
  39796.8750000   1.6800684e-19
  39924.2226562   1.6809393e-19
  40051.5742188   1.6992955e-19
  40178.9257812   1.5815461e-19
  40306.2734375   1.6030495e-19
  40433.6250000   1.6037397e-19
  40560.9726562   1.6332376e-19
  40688.3242188   1.6291613e-19
  40879.3476562   1.6295549e-19
  41134.0507812   1.6317606e-19
  41388.7500000   1.5718103e-19
  41643.4492188   1.6291184e-19
  41898.1484375   1.5978551e-19
  42152.8476562   1.5712029e-19
  42407.5507812   1.5356934e-19
  42662.2500000   1.5995825e-19
  42916.9492188   1.5142553e-19
  43171.6484375   1.5347090e-19
  43426.3476562   1.5046693e-19
  43681.0468750   1.5074474e-19
  43935.7500000   1.4555824e-19
  44190.4492188   1.4341346e-19
  44445.1484375   1.4239548e-19
  44699.8476562   1.4290985e-19
  44954.5468750   1.3792989e-19
  45209.2500000   1.3375111e-19
  45463.9492188   1.3668705e-19
  45718.6484375   1.2528166e-19
  45973.3476562   1.2610860e-19
  46228.0468750   1.2538459e-19
  46482.7500000   1.1922172e-19
  46737.4492188   1.1639022e-19
  46992.1484375   1.1972124e-19
  47246.8476562   1.1890954e-19
  47501.5468750   1.1386374e-19
  47756.2500000   1.0986990e-19
  48010.9492188   1.1051646e-19
  48265.6484375   1.0707599e-19
  48520.3476562   1.1278078e-19
  48775.0468750   1.0689698e-19
  49029.7500000   1.0761533e-19
  49284.4492188   1.0687210e-19
  49539.1484375   9.8999845e-20
  49793.8476562   1.0110633e-19
  50048.5468750   9.9938630e-20
  50303.2500000   9.7630247e-20
  50557.9492188   9.3424208e-20
  50812.6484375   9.6106807e-20
  51067.3476562   9.4686544e-20
  51322.0468750   9.6460749e-20
  51576.7500000   9.1832803e-20
  51831.4492188   8.9502681e-20
  52086.1484375   8.7251606e-20
  52340.8476562   8.5814334e-20
  52595.5468750   8.3723654e-20
  52850.2500000   8.2233547e-20
  53104.9492188   8.6202644e-20
  53359.6484375   8.1343455e-20
  53614.3476562   8.1773641e-20
  53869.0468750   7.9411555e-20
  54123.7500000   7.9774746e-20
  54378.4492188   7.8507861e-20
  54633.1484375   7.5858679e-20
  54887.8476562   7.5906339e-20
  55142.5468750   7.3834910e-20
  55397.2500000   7.1651774e-20
  55651.9492188   7.0975580e-20
  55906.6484375   6.8921471e-20
  56161.3476562   6.6267552e-20
  56416.0468750   6.6379112e-20
  56670.7500000   6.6936799e-20
  56925.4492188   6.6065300e-20
  57180.1484375   6.6709357e-20
  57434.8476562   6.3648427e-20
  57689.5468750   6.2607388e-20
  57944.2500000   6.2748047e-20
  58198.9492188   6.1224969e-20
  58453.6484375   5.4227906e-20
  58708.3476562   5.9060864e-20
  58963.0468750   6.0229657e-20
  59217.7500000   5.1635486e-20
  59472.4492188   5.7693890e-20
  59727.1484375   5.3636469e-20
  59981.8476562   4.9001869e-20
  60236.5468750   5.1896937e-20
  60491.2500000   5.1747863e-20
  60745.9492188   4.5581552e-20
  61000.6484375   5.0515080e-20
  61255.3476562   4.8286200e-20
  61510.0468750   4.2666344e-20
  61764.7500000   4.3414872e-20
  62019.4492188   4.2496908e-20
  62274.1484375   4.0897848e-20
  62528.8476562   4.0075153e-20
  62783.5468750   3.9969690e-20
  63038.2500000   3.8467750e-20
  63292.9492188   3.4742539e-20
  63547.6484375   3.4277554e-20
  63802.3476562   3.4884885e-20
  64057.0468750   3.3225638e-20
  64311.7500000   3.4150730e-20
  64566.4492188   3.4151480e-20
  64821.1484375   3.3958097e-20
  65075.8476562   3.4220546e-20
  65330.5468750   3.4269123e-20
  65585.2500000   3.4895457e-20
  65839.9453125   3.4270629e-20
  66094.6484375   3.4319278e-20
  66349.3515625   3.5132887e-20
  66604.0468750   3.4295470e-20
  66858.7500000   3.4609893e-20
  67113.4453125   3.5362301e-20
  67368.1484375   3.4142184e-20
  67622.8515625   3.4779332e-20
  67877.5468750   3.5261346e-20
  68132.2500000   3.4243248e-20
  68386.9453125   3.2875537e-20
  68641.6484375   3.3436728e-20
  68896.3515625   3.3459643e-20
  69151.0468750   3.2872649e-20
  69405.7500000   3.4422530e-20
  69660.4453125   3.3628029e-20
  69915.1484375   3.4685215e-20
  70169.8515625   3.3253375e-20
  70424.5468750   3.2408765e-20
  70679.2500000   3.2618959e-20
  70933.9453125   3.3122777e-20
  71188.6484375   3.3199676e-20
  71443.3515625   3.2179568e-20
  71698.0468750   3.1554688e-20
  71952.7500000   3.1656435e-20
  72207.4453125   3.0217292e-20
  72462.1484375   2.7814640e-20
  72716.8515625   2.9496136e-20
  72971.5468750   2.9813134e-20
  73226.2500000   2.8742161e-20
  73480.9453125   2.8108253e-20
  73735.6484375   2.7003127e-20
  73990.3515625   2.7834069e-20
  74245.0468750   2.6608983e-20
  74499.7500000   2.5289666e-20
  74754.4453125   2.5041324e-20
  75009.1484375   2.4313074e-20
  75263.8515625   2.3679105e-20
  75518.5468750   2.3276468e-20
  75773.2500000   2.2908127e-20
  76027.9453125   2.2394038e-20
  76282.6484375   2.2171306e-20
  76537.3515625   2.1974326e-20
  76792.0468750   2.1700135e-20
  77046.7500000   2.1408859e-20
  77301.4453125   2.1057677e-20
  77556.1484375   2.0980504e-20
  77810.8515625   2.0817769e-20
  78065.5468750   2.0646410e-20
  78320.2500000   2.0509312e-20
  78574.9453125   2.0226647e-20
  78829.6484375   2.0003937e-20
  79084.3515625   1.9926774e-20
  79339.0468750   1.9652655e-20
  79593.7500000   1.9464198e-20
  79848.4453125   1.9241428e-20
  80103.1484375   1.9061519e-20
  80357.8515625   1.8847333e-20
  80612.5468750   1.8616003e-20
  80867.2500000   1.8470391e-20
  81121.9453125   1.8350483e-20
  81376.6484375   1.8247695e-20
  81758.6953125   1.7947814e-20
  82268.1015625   1.7605169e-20
  82777.5000000   1.7399552e-20
  83286.8984375   1.7091153e-20
  83796.2968750   1.6791243e-20
  84305.6953125   1.6525673e-20
  84815.1015625   1.6474295e-20
  85324.5000000   1.6671323e-20
  85833.8984375   1.6131631e-20
  86343.2968750   1.6157296e-20
  86852.6953125   1.6234402e-20
  87362.0937500   1.6448630e-20
  87871.5000000   1.6105934e-20
  88380.8984375   1.5806087e-20
  88890.2968750   1.5146410e-20
  89399.6953125   1.5206397e-20
  89909.0937500   1.4803709e-20
  90418.5000000   1.4075527e-20
  90927.8984375   1.4178330e-20
  91437.2968750   1.3698571e-20
  91946.6953125   1.3612931e-20
  92456.0937500   1.2953273e-20
  92965.5000000   1.2602001e-20
  93474.8984375   1.2336466e-20
  93984.2968750   1.1856694e-20
  94493.6953125   1.1436893e-20
  95003.0937500   1.1145622e-20
  95512.5000000   1.0691575e-20
  96021.8984375   1.0477425e-20
  96531.2968750   1.0271804e-20
  97040.6953125   1.0057620e-20
  97550.0937500   9.8520127e-21
  98059.5000000   9.6978122e-21
  98568.8984375   9.5093281e-21
  99078.2968750   9.3465658e-21
  99587.6953125   9.1923596e-21
 100097.0937500   9.0981345e-21
 100606.5000000   8.9610447e-21
 101115.8984375   8.8582529e-21
 101625.2968750   8.7040338e-21
 102134.6953125   8.5841096e-21
 102644.0937500   8.5018673e-21
 103153.5000000   8.4221890e-21
 103662.8984375   8.3639495e-21
 104172.2968750   8.3296740e-21
 104681.6953125   8.3227997e-21
 105191.0937500   8.1805973e-21
 105700.5000000   7.9073281e-21
 106209.8984375   7.9176137e-21
 106719.2968750   7.9287491e-21
 107228.6953125   7.7334085e-21
 107738.0937500   7.7582417e-21
 108247.5000000   7.6648696e-21
 108756.8984375   7.6023440e-21
 109266.2968750   7.2390970e-21
 109775.6953125   6.8681549e-21
 110285.0937500   6.8313042e-21
 110794.5000000   6.4132452e-21
 111303.8984375   6.2204766e-21
 111813.2968750   6.0722610e-21
 112322.6953125   5.9257805e-21
 112832.0937500   5.8718175e-21
 113341.5000000   5.7184571e-21
 113850.8984375   5.5771057e-21
 114360.2968750   5.6148063e-21
 114869.6953125   5.4888507e-21
 115379.0937500   5.2438549e-21
 115888.5000000   5.0545263e-21
 116397.8984375   4.8951753e-21
 116907.2968750   4.7632420e-21
 117416.6953125   4.7940719e-21
 117926.0937500   4.7186845e-21
 118435.5000000   4.6672814e-21
 118944.8984375   4.6013182e-21
 119454.2968750   4.4565490e-21
 119963.6953125   4.3931397e-21
 120473.0937500   4.4882311e-21
 120982.5000000   4.3768663e-21
 121491.8984375   4.3048999e-21
 122001.2968750   4.2346562e-21
 122510.6953125   4.1284225e-21
 123020.0937500   4.1327034e-21
 123529.5000000   4.0444689e-21
 124038.8984375   3.9785097e-21
 124548.2968750   3.9408080e-21
 125057.6953125   3.8594159e-21
 125567.0937500   3.8260173e-21
 126076.5000000   3.7035097e-21
 126585.8984375   3.6529641e-21
 127095.2968750   3.6238338e-21
 127604.6953125   3.5946995e-21
 128114.0937500   3.5330168e-21
 128623.5000000   3.4379319e-21
 129132.8984375   3.4019447e-21
 129642.2968750   3.3848063e-21
 130151.6953125   3.3488310e-21
 130661.0937500   3.3162808e-21
 131170.5000000   3.2700144e-21
 131679.8906250   3.2640169e-21
 132189.2968750   3.2083327e-21
 132698.7031250   3.1560790e-21
 133208.0937500   3.1063807e-21
 133717.5000000   3.0823944e-21
 134226.8906250   3.0764032e-21
 134736.2968750   3.0207208e-21
 135245.7031250   2.9718879e-21
 135755.0937500   2.9359013e-21
 136264.5000000   2.8879321e-21
 136773.8906250   2.8587942e-21
 137283.2968750   2.8236808e-21
 137792.7031250   2.7996881e-21
 138302.0937500   2.7714163e-21
 138811.5000000   2.7551421e-21
 139320.8906250   2.7131633e-21
 139830.2968750   2.6917402e-21
 140339.7031250   2.6531966e-21
 140849.0937500   2.6634705e-21
 141358.5000000   2.5880795e-21
 141867.8906250   2.6026469e-21
 142377.2968750   2.5418162e-21
 142886.7031250   2.5298329e-21
 143396.0937500   2.4758530e-21
 143905.5000000   2.4672887e-21
 144414.8906250   2.4278823e-21
 144924.2968750   2.3859072e-21
 145433.7031250   2.3627683e-21
 145943.0937500   2.3379228e-21
 146452.5000000   2.3002287e-21
 146961.8906250   2.2642563e-21
 147471.2968750   2.2693932e-21
 147980.7031250   2.2419822e-21
 148490.0937500   2.2274175e-21
 148999.5000000   2.2034242e-21
 149508.8906250   2.1811545e-21
 150018.2968750   2.1494498e-21
 150527.7031250   2.1177597e-21
 151037.0937500   2.0843475e-21
 151546.5000000   2.0569300e-21
 152055.8906250   2.0440792e-21
 152565.2968750   2.0140927e-21
 153074.7031250   1.9832568e-21
 153584.0937500   1.9661201e-21
 154093.5000000   1.9524126e-21
 154602.8906250   1.9404193e-21
 155112.2968750   1.9164345e-21
 155621.7031250   1.8855944e-21
 156131.0937500   1.8624589e-21
 156640.5000000   1.8410460e-21
 157149.8906250   1.8144845e-21
 157659.2968750   1.7810715e-21
 158168.7031250   1.7588015e-21
 158678.0937500   1.7399552e-21
 159187.5000000   1.7245345e-21
 159696.8906250   1.6971177e-21
 160206.2968750   1.6679890e-21
 160715.7031250   1.6448630e-21
 161225.0937500   1.6320115e-21
 161734.5000000   1.6208684e-21
 162243.8906250   1.6123061e-21
 162753.2968750   1.5874611e-21
 163517.3906250   1.5437674e-21
 164536.2031250   1.5035067e-21
 165555.0000000   1.4752306e-21
 166573.7968750   1.4426820e-21
 167592.5937500   1.3972729e-21
 168611.3906250   1.3595783e-21
 169630.2031250   1.3398747e-21
 170649.0000000   1.3158890e-21
 171667.7968750   1.2867598e-21
 172686.5937500   1.2516341e-21
 173705.3906250   1.2302164e-21
 174724.1875000   1.2053742e-21
 175743.0000000   1.1651091e-21
 176761.7968750   1.1385524e-21
 177780.5937500   1.1145622e-21
 178799.3906250   1.0940043e-21
 179818.1875000   1.0691575e-21
 180837.0000000   1.0494556e-21
 181855.7968750   1.0271803e-21
 182874.5937500   1.0109035e-21
 183893.3906250   9.9548329e-22
 184912.1875000   9.8006150e-22
 185931.0000000   9.5864427e-22
 186949.7968750   9.3808209e-22
 187968.5937500   9.1666788e-22
 188987.3906250   8.9867418e-22
 190006.1875000   8.8753875e-22
 191025.0000000   8.7040342e-22
 192043.7968750   8.5635509e-22
 193062.5937500   8.3039603e-22
 194081.3906250   8.1497571e-22
 195100.1875000   7.9295849e-22
 196119.0000000   7.8404832e-22
 197137.7968750   7.7231240e-22
 198156.5937500   7.5937684e-22
 199175.3906250   7.4224410e-22
 200194.1875000   7.2485139e-22
 201213.0000000   7.1294245e-22
 202231.7968750   7.0472087e-22
 203250.5937500   6.9186837e-22
 204269.3906250   6.8081816e-22
 205288.1875000   6.6599576e-22
 206307.0000000   6.5443270e-22
 207325.7968750   6.4123719e-22
 208344.5937500   6.2992964e-22
 209363.3906250   6.1425082e-22
 210382.1875000   6.0371603e-22
 211401.0000000   5.9386247e-22
 212419.7968750   5.8401067e-22
 213438.5937500   5.7672861e-22
 214457.3906250   5.6653370e-22
 215476.1875000   5.5634066e-22
 216495.0000000   5.4648694e-22
 217513.7968750   5.3929127e-22
 218532.5937500   5.3141033e-22
 219551.3906250   5.2284247e-22
 220570.1875000   5.1418918e-22
 221589.0000000   5.0570795e-22
 222607.7968750   4.9954045e-22
 223626.5937500   4.9422896e-22
 224645.3906250   4.9054410e-22
 225664.1875000   4.8351988e-22
 226683.0000000   4.7752227e-22
 227701.7968750   4.6870010e-22
 228720.5937500   4.6038856e-22
 229739.3906250   4.5447824e-22
 230758.1875000   4.4428303e-22
 231777.0000000   4.3588728e-22
 232795.7968750   4.2732164e-22
 233814.5937500   4.2055207e-22
 234833.3906250   4.1652653e-22
 235852.1875000   4.1524070e-22
 236871.0000000   4.1070106e-22
 237889.7968750   4.0144909e-22
 238908.5937500   3.9390950e-22
 239927.3906250   3.8662696e-22
 240946.1875000   3.8114432e-22
 241965.0000000   3.7960239e-22
 242983.7968750   3.7489051e-22
 244002.5937500   3.6820854e-22
 245021.3906250   3.6383936e-22
 246040.1875000   3.5638577e-22
 247059.0000000   3.4910480e-22
 248077.7968750   3.4730486e-22
 249096.5937500   3.4422073e-22
 250115.3906250   3.3942292e-22
 251134.1875000   3.3651075e-22
 252153.0000000   3.3299851e-22
 253171.7968750   3.2614521e-22
 254190.5937500   3.1869165e-22
 255209.3906250   3.1235221e-22
 509400.0000000   1.5360576e-23
1018800.0000000   9.8605838e-25
1528200.0000000   1.9584071e-25
2037600.0000000   6.1990674e-26
2547000.0000000   2.5366864e-26
3056400.0000000   1.2216503e-26
3565800.0000000   6.5845734e-27
4075200.0000000   3.8534199e-27
