    259.2590027   1.3461048e-23
    267.8059998   1.5399502e-23
    273.5039978   1.6471567e-23
    279.2019958   9.2437055e-23
    284.8999939   2.5595863e-22
    290.5979919   2.7761951e-22
    296.2959900   2.6369482e-22
    301.9939880   2.6789477e-22
    307.6919861   2.7342075e-22
    313.3899841   3.1232243e-22
    324.7860107   3.2403685e-22
    336.1820068   3.1475424e-22
    344.7290039   3.9874710e-22
    356.1250000   4.1399935e-22
    361.8229980   4.2283985e-22
    364.6719971   4.2947077e-22
    373.2189941   4.1421940e-22
    376.0679932   4.2858709e-22
    381.7659912   4.0935641e-22
    390.3129883   4.5511196e-22
    398.8599854   4.5621666e-22
    407.4069824   5.7623813e-22
    418.8030090   7.1659731e-22
    430.1990051   6.4144363e-22
    441.5950012   7.2388840e-22
    452.9909973   7.2676490e-22
    461.5379944   7.2787012e-22
    472.9339905   7.3251044e-22
    484.3299866   7.3184800e-22
    492.8769836   6.0143558e-22
    504.2730103   7.3737462e-22
    512.8200073   7.3847978e-22
    518.5180054   7.3847978e-22
    529.9140015   7.3958328e-22
    544.1589966   7.4046731e-22
    552.7059937   7.4488695e-22
    564.1019897   7.4289730e-22
    575.4979858   7.4555131e-22
    584.0449829   7.4466778e-22
    598.2899780   7.2190093e-22
    615.3839722   7.4400423e-22
    626.7799683   7.4665561e-22
    635.3269653   7.3781522e-22
    646.7230225   7.4842518e-22
    655.2700195   9.3740788e-22
    666.6660156   1.4015831e-21
    683.7600098   1.5273549e-21
    700.8540039   1.4252329e-21
    717.9479980   1.4731994e-21
    732.1929932   1.3598069e-21
    740.7399902   1.4265606e-21
    752.1359863   1.8001122e-21
    766.3809814   1.8489569e-21
    780.6259766   1.8781336e-21
    794.8709717   1.6177554e-21
    809.1159668   1.9236723e-21
    826.2100220   1.9966133e-21
    843.3040161   1.8341482e-21
    857.5490112   1.6736781e-21
    877.4920044   1.8009899e-21
    905.9819946   1.7676159e-21
    934.4719849   1.7692547e-21
    962.9619751   1.6145118e-21
    991.4519653   1.4768661e-21
   1017.0930176   1.9314011e-21
   1042.7340088   2.8598400e-21
   1068.3750000   2.7375601e-21
   1096.8649902   2.1071210e-21
   1125.3549805   3.0502802e-21
   1153.8449707   3.6763699e-21
   1179.4859619   3.5629860e-21
   1202.2779541   3.1635488e-21
   1225.0699463   2.9497598e-21
   1256.4089355   3.3554602e-21
   1284.8990479   3.3431775e-21
   1310.5400391   2.8792608e-21
   1339.0300293   2.8741945e-21
   1367.5200195   3.1713250e-21
   1396.0100098   2.6324122e-21
   1424.5000000   3.2008917e-21
   1441.5939941   2.7274193e-21
   1458.6879883   4.2566638e-21
   1481.4799805   3.9993795e-21
   1509.9699707   3.6424272e-21
   1538.4599609   2.9563742e-21
   1566.9499512   2.8365239e-21
   1595.4399414   3.6981993e-21
   1623.9299316   4.1126475e-21
   1652.4200439   3.9922721e-21
   1680.9100342   4.0441724e-21
   1709.4000244   3.3778457e-21
   1737.8900146   3.2695162e-21
   1766.3800049   4.1531781e-21
   1794.8699951   3.9113801e-21
   1823.3599854   4.3297440e-21
   1851.8499756   4.1813814e-21
   1874.6419678   3.8518009e-21
   1894.5849609   4.3792755e-21
   1923.0749512   4.6516736e-21
   1951.5649414   4.0236391e-21
   1980.0549316   4.7398548e-21
   2008.5450439   3.8826097e-21
   2039.8840332   5.0759328e-21
   2068.3740234   5.2364741e-21
   2094.0148926   5.3638894e-21
   2122.5048828   5.3051552e-21
   2150.9948730   5.4094058e-21
   2179.4848633   4.9924942e-21
   2207.9750977   5.7512067e-21
   2236.4650879   5.4451830e-21
   2264.9550781   6.0794463e-21
   2293.4450684   6.6179801e-21
   2321.9350586   7.2399646e-21
   2350.4250488   8.0305642e-21
   2378.9150391   6.9808349e-21
   2407.4050293   9.4397262e-21
   2435.8950195   1.0200248e-20
   2464.3850098   1.1652590e-20
   2492.8750000   1.2933734e-20
   2521.3649902   1.4351320e-20
   2549.8549805   1.5988328e-20
   2578.3449707   1.7458283e-20
   2606.8349609   1.8658836e-20
   2635.3249512   4.8245351e-20
   2663.8149414   8.0666899e-20
   2692.3049316   1.1192432e-19
   2720.7949219   1.3633708e-19
   2749.2849121   1.5066683e-19
   2777.7749023   6.6722043e-20
   2806.2648926   1.3072504e-19
   2834.7548828   1.3009160e-19
   2863.2448730   1.6563187e-19
   2891.7348633   1.7664518e-19
   2920.2250977   1.3233495e-19
   2948.7150879   1.7896125e-19
   2977.2050781   2.4267021e-19
   3005.6950684   2.3761016e-19
   3034.1850586   2.0623690e-19
   3062.6750488   2.2930804e-19
   3091.1650391   2.0705096e-19
   3119.6550293   2.4359812e-19
   3148.1450195   2.3498151e-19
   3176.6350098   2.3351859e-19
   3205.1250000   2.0773135e-19
   3233.6149902   2.4985438e-19
   3262.1049805   2.4215917e-19
   3290.5949707   2.4547864e-19
   3319.0849609   2.4398894e-19
   3347.5749512   1.6728698e-19
   3376.0649414   2.4014268e-19
   3404.5549316   2.1743761e-19
   3433.0449219   1.8899827e-19
   3461.5349121   1.5958092e-19
   3490.0249023   2.4986316e-19
   3518.5148926   2.9132606e-19
   3547.0048828   2.9809113e-19
   3575.4948730   2.9384720e-19
   3603.9848633   2.9332114e-19
   3632.4748535   3.3072237e-19
   3660.9650879   3.3819724e-19
   3689.4550781   2.9761757e-19
   3717.9450684   3.0541408e-19
   3746.4350586   3.4530531e-19
   3774.9250488   3.3332962e-19
   3803.4150391   3.2014961e-19
   3831.9050293   3.4397336e-19
   3860.3950195   3.3992010e-19
   3888.8850098   3.2171696e-19
   3917.3750000   3.2052243e-19
   3945.8649902   3.1907300e-19
   3974.3549805   2.3862351e-19
   4002.8449707   2.3419848e-19
   4031.3349609   3.0779884e-19
   4059.8249512   2.9998493e-19
   4088.3149414   3.1639658e-19
   4108.2578125   3.2089570e-19
   4122.5029297   3.2075340e-19
   4145.2949219   3.1287021e-19
   4173.7851562   3.0005343e-19
   4202.2749023   3.0791374e-19
   4230.7651367   3.1259827e-19
   4259.2548828   3.1121334e-19
   4287.7451172   2.9630424e-19
   4307.6879883   2.7516509e-19
   4321.9331055   2.8379073e-19
   4344.7250977   2.8441708e-19
   4373.2148438   2.4692538e-19
   4401.7050781   2.1984005e-19
   4430.1948242   2.2105122e-19
   4458.6850586   2.4836757e-19
   4487.1748047   2.6357208e-19
   4515.6650391   2.6798773e-19
   4544.1547852   2.6885890e-19
   4572.6450195   2.6504746e-19
   4601.1347656   2.6141169e-19
   4629.6250000   2.5975343e-19
   4658.1147461   2.7272158e-19
   4686.6049805   2.7390271e-19
   4715.0947266   2.7200865e-19
   4743.5849609   2.8009338e-19
   4763.5278320   2.6279996e-19
   4777.7729492   2.9282429e-19
   4800.5649414   2.8869213e-19
   4829.0551758   2.7702028e-19
   4857.5449219   2.7175672e-19
   4886.0351562   2.5826329e-19
   4914.5249023   2.5429137e-19
   4943.0151367   2.6676414e-19
   4971.5048828   2.6227995e-19
   4999.9951172   2.6643278e-19
   5028.4848633   2.6008562e-19
   5056.9750977   2.5307586e-19
   5085.4648438   2.5999197e-19
   5113.9550781   2.6546103e-19
   5142.4448242   2.6793476e-19
   5170.9350586   2.4850504e-19
   5199.4248047   2.5461097e-19
   5227.9150391   2.4998282e-19
   5256.4047852   2.3428389e-19
   5284.8950195   2.3456598e-19
   5313.3847656   2.3762061e-19
   5341.8750000   2.4613610e-19
   5370.3647461   2.2652538e-19
   5398.8549805   2.1640775e-19
   5427.3447266   2.3049949e-19
   5455.8349609   2.1887571e-19
   5484.3251953   2.0949962e-19
   5512.8149414   2.2196862e-19
   5541.3051758   2.2571900e-19
   5569.7949219   2.0699642e-19
   5603.9829102   2.2259340e-19
   5629.6240234   2.2900009e-19
   5652.4160156   2.1761912e-19
   5683.7548828   2.1340828e-19
   5712.2451172   2.2038819e-19
   5740.7348633   2.1707026e-19
   5769.2250977   2.2319933e-19
   5797.7148438   2.0881344e-19
   5826.2050781   2.1191486e-19
   5854.6948242   1.8876268e-19
   5883.1850586   1.9779968e-19
   5908.8261719   2.1779697e-19
   5920.2221680   2.0242667e-19
   5940.1650391   2.0974357e-19
   5968.6547852   2.0007475e-19
   5997.1450195   2.0448091e-19
   6025.6347656   2.0649156e-19
   6054.1250000   2.0693006e-19
   6082.6147461   2.0262236e-19
   6111.1049805   1.9729387e-19
   6139.5947266   2.0349008e-19
   6168.0849609   2.0008881e-19
   6196.5747070   1.9999833e-19
   6225.0649414   1.9466273e-19
   6253.5551758   1.9942120e-19
   6282.0449219   1.9767896e-19
   6310.5351562   1.9327672e-19
   6339.0249023   1.9021319e-19
   6367.5151367   1.9173294e-19
   6396.0048828   1.9088687e-19
   6424.4951172   1.8618890e-19
   6452.9848633   1.8956603e-19
   6481.4750977   1.8993438e-19
   6509.9648438   1.9000779e-19
   6538.4550781   1.7967003e-19
   6566.9448242   1.8393350e-19
   6595.4350586   1.7994167e-19
   6623.9248047   1.5945203e-19
   6652.4150391   1.7436064e-19
   6680.9047852   1.7448857e-19
   6709.3950195   1.7489210e-19
   6737.8847656   1.7153663e-19
   6766.3750000   1.6973956e-19
   6794.8647461   1.6495094e-19
   6823.3549805   1.6743765e-19
   6851.8447266   1.6402699e-19
   6880.3349609   1.6398376e-19
   6908.8247070   1.6492776e-19
   6937.3149414   1.6020944e-19
   6965.8051758   1.6214186e-19
   6994.2949219   1.6066673e-19
   7022.7851562   1.5881954e-19
   7051.2749023   1.5629393e-19
   7079.7651367   1.5518724e-19
   7108.2548828   1.3251700e-19
   7136.7451172   1.5195069e-19
   7159.5371094   1.4498356e-19
   7173.7817383   1.5074692e-19
   7193.7250977   1.4907529e-19
   7222.2148438   1.4871433e-19
   7250.7050781   1.4544978e-19
   7279.1948242   1.4726366e-19
   7307.6850586   1.4601108e-19
   7336.1748047   1.4735230e-19
   7364.6650391   1.4608677e-19
   7393.1547852   1.4465157e-19
   7421.6450195   1.4306137e-19
   7450.1347656   1.4133711e-19
   7478.6250000   1.4152780e-19
   7507.1147461   1.4127939e-19
   7535.6049805   1.4214511e-19
   7564.0947266   1.4168950e-19
   7592.5849609   1.3695763e-19
   7621.0747070   1.3765774e-19
   7649.5649414   1.3746501e-19
   7678.0551758   1.3407299e-19
   7706.5449219   1.3330969e-19
   7735.0351562   1.3210325e-19
   7763.5249023   1.3195250e-19
   7792.0151367   1.3156365e-19
   7820.5048828   1.2804251e-19
   7848.9951172   1.2755981e-19
   7877.4848633   1.2727944e-19
   7905.9750977   1.2851970e-19
   7934.4648438   1.2673170e-19
   7962.9550781   1.2007788e-19
   7991.4448242   1.2226341e-19
   8019.9350586   1.2442805e-19
   8048.4248047   1.2318831e-19
   8076.9150391   1.1900896e-19
   8105.4047852   1.1908687e-19
   8133.8950195   1.1792728e-19
   8162.3847656   1.1852856e-19
   8190.8750000   1.1709226e-19
   8219.3652344   1.1639037e-19
   8247.8544922   1.1502443e-19
   8290.5898438   1.1458879e-19
   8347.5703125   1.1317837e-19
   8404.5498047   1.1093578e-19
   8461.5302734   1.1015704e-19
   8518.5097656   1.0862451e-19
   8575.4902344   1.0676621e-19
   8632.4697266   1.0625586e-19
   8689.4501953   1.0512145e-19
   8746.4296875   1.0388183e-19
   8803.4101562   1.0188205e-19
   8860.3896484   1.0099773e-19
   8917.3701172   9.9129622e-20
   8974.3496094   9.8106186e-20
   9031.3300781   9.6131835e-20
   9088.3095703   9.4052135e-20
   9145.2900391   9.2996129e-20
   9202.2695312   9.1489136e-20
   9259.2500000   9.0413452e-20
   9316.2294922   8.8660482e-20
   9373.2099609   8.7310368e-20
   9430.1894531   8.5957404e-20
   9487.1699219   8.4258627e-20
   9544.1503906   8.2574927e-20
   9601.1298828   8.1183661e-20
   9658.1103516   8.0034183e-20
   9715.0898438   7.8805045e-20
   9772.0703125   7.6929710e-20
   9829.0498047   7.5639877e-20
   9886.0302734   7.4706888e-20
   9943.0097656   7.3507890e-20
   9999.9902344   7.2522492e-20
  10056.9697266   7.1455144e-20
  10113.9501953   7.0404431e-20
  10170.9296875   6.9147433e-20
  10227.9101562   6.7585871e-20
  10284.8896484   6.6625120e-20
  10341.8701172   6.5832804e-20
  10370.3603516   6.5426684e-20
  10398.8496094   6.5262528e-20
  10455.8300781   6.4070593e-20
  10512.8095703   6.1663562e-20
  10569.7900391   6.2627266e-20
  10626.7695312   6.1974427e-20
  10683.7500000   6.7288519e-20
  10740.7294922   6.7213200e-20
  10797.7099609   7.0838339e-20
  10854.6894531   7.4468091e-20
  10911.6699219   6.5787716e-20
  10968.6503906   7.5078893e-20
  11025.6298828   7.5653835e-20
  11082.6103516   6.2393910e-20
  11139.5898438   7.5222467e-20
  11196.5703125   7.1902791e-20
  11253.5498047   7.2449590e-20
  11310.5302734   5.7777131e-20
  11367.5097656   7.1404945e-20
  11424.4902344   7.2205630e-20
  11481.4697266   7.0175993e-20
  11538.4501953   7.0709040e-20
  11595.4296875   6.8448265e-20
  11652.4101562   6.4480474e-20
  11709.3896484   5.7323946e-20
  11766.3701172   6.5705134e-20
  11823.3496094   6.5950005e-20
  11880.3300781   6.5514378e-20
  11937.3095703   6.5070208e-20
  11994.2900391   6.4602929e-20
  12051.2695312   6.3713949e-20
  12108.2500000   6.2897121e-20
  12165.2294922   6.1260285e-20
  12222.2099609   6.1036850e-20
  12279.1894531   5.9160365e-20
  12336.1699219   5.5178369e-20
  12393.1494141   5.0813750e-20
  12450.1298828   5.8132198e-20
  12507.1103516   5.7218810e-20
  12564.0898438   5.7180624e-20
  12621.0703125   5.6960058e-20
  12678.0498047   5.6592014e-20
  12735.0302734   5.5126780e-20
  12792.0097656   5.5479198e-20
  12848.9902344   5.5770397e-20
  12905.9697266   5.4407365e-20
  12962.9501953   5.3751379e-20
  13019.9296875   5.3972317e-20
  13076.9101562   5.2876626e-20
  13133.8896484   5.2495764e-20
  13190.8701172   5.1532244e-20
  13247.8496094   5.0771147e-20
  13304.8300781   5.0914951e-20
  13361.8095703   5.0207928e-20
  13418.7900391   4.8975684e-20
  13475.7695312   4.9383468e-20
  13532.7500000   4.9144177e-20
  13589.7294922   4.8923229e-20
  13646.7099609   4.8197281e-20
  13703.6894531   4.7382938e-20
  13760.6699219   4.6880364e-20
  13817.6494141   4.3592612e-20
  13874.6298828   3.9005553e-20
  13931.6103516   4.5267999e-20
  13988.5898438   4.5134596e-20
  14045.5703125   4.4065362e-20
  14102.5498047   4.4436944e-20
  14159.5302734   4.3893263e-20
  14216.5097656   4.2899196e-20
  14273.4902344   4.1345602e-20
  14330.4697266   4.2010587e-20
  14387.4501953   4.1391753e-20
  14444.4296875   4.1799679e-20
  14501.4101562   4.0983668e-20
  14558.3896484   4.0723152e-20
  14615.3701172   3.9901335e-20
  14672.3496094   3.9270086e-20
  14729.3300781   3.8463575e-20
  14786.3095703   3.8303429e-20
  14843.2900391   3.8098915e-20
  14900.2695312   3.8153838e-20
  14957.2500000   3.8164559e-20
  15014.2294922   3.7042628e-20
  15071.2099609   3.7726777e-20
  15128.1894531   3.7626336e-20
  15185.1699219   3.6584434e-20
  15242.1494141   3.6897147e-20
  15299.1298828   3.6639749e-20
  15356.1103516   3.6030175e-20
  15413.0898438   3.5572162e-20
  15470.0703125   3.5332542e-20
  15527.0498047   3.5246369e-20
  15584.0302734   3.4585475e-20
  15641.0097656   3.4320376e-20
  15697.9902344   3.4031894e-20
  15754.9697266   3.4030550e-20
  15811.9501953   3.3961719e-20
  15868.9296875   3.3604154e-20
  15925.9101562   3.3044651e-20
  15982.8896484   3.3018103e-20
  16039.8701172   3.2545166e-20
  16096.8496094   3.2316137e-20
  16153.8300781   3.1929870e-20
  16210.8095703   3.1989805e-20
  16267.7900391   3.1579268e-20
  16324.7695312   3.2064070e-20
  16381.7500000   3.1337763e-20
  16438.7304688   3.1328270e-20
  16495.7089844   3.0733821e-20
  16552.6894531   3.0903280e-20
  16609.6699219   3.0937634e-20
  16666.6503906   3.0407301e-20
  16723.6289062   2.9717481e-20
  16780.6093750   2.8957845e-20
  16837.5898438   2.9464713e-20
  16894.5703125   2.9314854e-20
  16951.5507812   2.9050835e-20
  17008.5292969   2.9149628e-20
  17065.5097656   2.8679654e-20
  17122.4902344   2.8504608e-20
  17179.4707031   2.8625041e-20
  17236.4492188   2.8608704e-20
  17293.4296875   2.8500728e-20
  17350.4101562   2.7957965e-20
  17407.3906250   2.7825671e-20
  17464.3691406   2.7143227e-20
  17521.3496094   2.6940735e-20
  17578.3300781   2.6416195e-20
  17635.3105469   2.6533863e-20
  17692.2890625   2.6214407e-20
  17749.2695312   2.5664188e-20
  17806.2500000   2.5135563e-20
  17863.2304688   2.5597548e-20
  17920.2089844   2.5760059e-20
  17977.1894531   2.5414401e-20
  18034.1699219   2.5553517e-20
  18091.1503906   2.5299251e-20
  18148.1289062   2.5183407e-20
  18205.1093750   2.5298917e-20
  18262.0898438   2.5066552e-20
  18319.0703125   2.5019149e-20
  18376.0507812   2.4878788e-20
  18433.0292969   2.4807541e-20
  18490.0097656   2.4363558e-20
  18546.9902344   2.4501335e-20
  18603.9707031   2.4265956e-20
  18660.9492188   2.3446094e-20
  18717.9296875   2.1350858e-20
  18774.9101562   2.3696613e-20
  18831.8906250   2.3857112e-20
  18888.8691406   2.3642764e-20
  18945.8496094   2.3392711e-20
  19002.8300781   2.2909967e-20
  19059.8105469   2.2942793e-20
  19116.7890625   2.2496190e-20
  19173.7695312   2.2587369e-20
  19230.7500000   2.2280662e-20
  19287.7304688   2.2296127e-20
  19344.7089844   2.2038043e-20
  19401.6894531   2.2088527e-20
  19458.6699219   2.2105998e-20
  19515.6503906   2.1858561e-20
  19572.6289062   2.1958338e-20
  19629.6093750   2.2096193e-20
  19686.5898438   2.2013572e-20
  19743.5703125   2.1795773e-20
  19800.5507812   2.1574916e-20
  19857.5292969   2.1655416e-20
  19914.5097656   2.1500568e-20
  19971.4902344   2.1271676e-20
  20028.4707031   2.1273172e-20
  20085.4492188   2.1079263e-20
  20142.4296875   2.0415427e-20
  20199.4101562   2.0034293e-20
  20256.3906250   1.9399532e-20
  20313.3691406   1.9086254e-20
  20370.3496094   1.9150152e-20
  20427.3300781   1.9216456e-20
  20484.3105469   1.9100846e-20
  20541.2890625   1.9413767e-20
  20598.2695312   1.9506583e-20
  20655.2500000   1.9637752e-20
  20712.2304688   1.9624994e-20
  20769.2089844   1.9446364e-20
  20826.1894531   1.9733807e-20
  20883.1699219   1.9708861e-20
  20940.1503906   1.9751060e-20
  20997.1289062   1.9990962e-20
  21054.1093750   1.9729560e-20
  21111.0898438   1.9665542e-20
  21168.0703125   1.9695537e-20
  21225.0507812   1.9662694e-20
  21282.0292969   1.9600704e-20
  21339.0097656   1.9485348e-20
  21395.9902344   1.9568190e-20
  21452.9707031   1.9651125e-20
  21509.9492188   1.9644481e-20
  21566.9296875   1.9496991e-20
  21623.9101562   1.9252273e-20
  21680.8906250   1.9075026e-20
  21737.8691406   1.8917015e-20
  21794.8496094   1.8722286e-20
  21851.8300781   1.8288795e-20
  21908.8105469   1.8431600e-20
  21965.7890625   1.8197059e-20
  22022.7695312   1.8137538e-20
  22079.7500000   1.8046241e-20
  22136.7304688   1.8054803e-20
  22193.7089844   1.8126787e-20
  22250.6894531   1.8086469e-20
  22307.6699219   1.8031269e-20
  22364.6503906   1.7785256e-20
  22421.6289062   1.7756690e-20
  22478.6093750   1.7306824e-20
  22535.5898438   1.7062149e-20
  22592.5703125   1.7116264e-20
  22649.5507812   1.6966801e-20
  22706.5292969   1.7246653e-20
  22763.5097656   1.7185409e-20
  22820.4902344   1.7291173e-20
  22877.4707031   1.7244533e-20
  22934.4492188   1.7136195e-20
  22991.4296875   1.6995812e-20
  23048.4101562   1.6731932e-20
  23105.3906250   1.6630465e-20
  23162.3691406   1.6795099e-20
  23219.3496094   1.6762528e-20
  23276.3300781   1.6779173e-20
  23333.3105469   1.6583420e-20
  23390.2890625   1.6468962e-20
  23447.2695312   1.6539778e-20
  23504.2500000   1.6533970e-20
  23561.2304688   1.6560204e-20
  23618.2089844   1.6420572e-20
  23675.1894531   1.6017989e-20
  23732.1699219   1.6009197e-20
  23789.1503906   1.5953189e-20
  23846.1289062   1.5978992e-20
  23903.1093750   1.5778779e-20
  23960.0898438   1.6010674e-20
  24017.0703125   1.5767972e-20
  24074.0507812   1.5641890e-20
  24131.0292969   1.5540481e-20
  24188.0097656   1.5792437e-20
  24244.9902344   1.5075685e-20
  24301.9707031   1.5721367e-20
  24358.9492188   1.4624726e-20
  24415.9296875   1.6006808e-20
  24472.9101562   1.5480738e-20
  24529.8906250   1.5480944e-20
  24586.8691406   1.6060888e-20
  24643.8496094   1.5808884e-20
  24700.8300781   1.4406132e-20
  24757.8105469   1.5621844e-20
  24814.7890625   1.5964964e-20
  24871.7695312   1.5809994e-20
  24928.7500000   1.4928035e-20
  24985.7304688   1.5669874e-20
  25042.7089844   1.5875607e-20
  25099.6894531   1.5654879e-20
  25156.6699219   1.5662376e-20
  25213.6503906   1.5403560e-20
  25270.6289062   1.4644328e-20
  25327.6093750   1.5516202e-20
  25384.5898438   1.5694600e-20
  25441.5703125   1.5442712e-20
  25498.5488281   1.5434848e-20
  25555.5292969   1.5399164e-20
  25612.5097656   1.5237436e-20
  25669.4902344   1.4344325e-20
  25726.4707031   1.4875614e-20
  25783.4492188   1.5432542e-20
  25840.4296875   1.5230077e-20
  25897.4101562   1.4853026e-20
  25954.3906250   1.4879926e-20
  26011.3691406   1.5035812e-20
  26068.3496094   1.4908446e-20
  26125.3300781   1.4707622e-20
  26182.3105469   1.4607843e-20
  26239.2890625   1.4049482e-20
  26296.2695312   1.3336005e-20
  26353.2500000   1.3886917e-20
  26410.2304688   1.4133959e-20
  26467.2089844   1.4178162e-20
  26524.1894531   1.4230001e-20
  26581.1699219   1.4144763e-20
  26638.1503906   1.4120370e-20
  26695.1289062   1.3953553e-20
  26752.1093750   1.4010415e-20
  26809.0898438   1.3721228e-20
  26866.0703125   1.3943385e-20
  26923.0488281   1.3732864e-20
  26980.0292969   1.3840581e-20
  27037.0097656   1.3820839e-20
  27093.9902344   1.3632930e-20
  27150.9707031   1.3521247e-20
  27207.9492188   1.2769152e-20
  27264.9296875   1.3386941e-20
  27321.9101562   1.3655461e-20
  27378.8906250   1.3510325e-20
  27435.8691406   1.3497989e-20
  27492.8496094   1.3393527e-20
  27549.8300781   1.3317101e-20
  27606.8105469   1.3414602e-20
  27663.7890625   1.3343212e-20
  27720.7695312   1.3294778e-20
  27777.7500000   1.3202727e-20
  27834.7304688   1.3205395e-20
  27891.7089844   1.3049158e-20
  27948.6894531   1.3233844e-20
  28005.6699219   1.3133849e-20
  28062.6503906   1.3180017e-20
  28119.6289062   1.3095316e-20
  28176.6093750   1.3041309e-20
  28233.5898438   1.2976977e-20
  28290.5703125   1.2994827e-20
  28347.5488281   1.2963874e-20
  28404.5292969   1.2945667e-20
  28461.5097656   1.2865693e-20
  28561.2246094   1.2605282e-20
  28703.6738281   1.2348028e-20
  28846.1250000   1.2559914e-20
  28988.5742188   1.2436412e-20
  29131.0253906   1.2390182e-20
  29273.4746094   1.2338161e-20
  29415.9238281   1.2140889e-20
  29558.3750000   1.2023620e-20
  29700.8242188   1.1983554e-20
  29843.2753906   1.1845050e-20
  29985.7246094   1.1783875e-20
  30128.1738281   1.1641848e-20
  30270.6250000   1.1553782e-20
  30413.0742188   1.1342866e-20
  30555.5253906   1.1291374e-20
  30697.9746094   1.1178726e-20
  30840.4238281   1.0940683e-20
  30982.8750000   1.0749312e-20
  31125.3242188   1.0334306e-20
  31267.7753906   1.0251806e-20
  31410.2246094   1.0161304e-20
  31552.6738281   1.0054850e-20
  31695.1250000   1.0000417e-20
  31837.5742188   9.9406454e-21
  31980.0253906   9.8886114e-21
  32122.4746094   9.7943015e-21
  32264.9238281   9.7473566e-21
  32407.3750000   9.7003382e-21
  32549.8242188   9.6339359e-21
  32692.2753906   9.6714119e-21
  32834.7265625   9.6313978e-21
  32977.1757812   9.5363165e-21
  33119.6250000   9.4270891e-21
  33262.0742188   9.3893651e-21
  33404.5234375   9.4180684e-21
  33546.9765625   9.3057827e-21
  33689.4257812   9.2359134e-21
  33831.8750000   9.1019837e-21
  33974.3242188   9.1785350e-21
  34116.7734375   8.9372390e-21
  34259.2265625   9.0160465e-21
  34401.6757812   8.9189271e-21
  34544.1250000   8.8744629e-21
  34686.5742188   8.8566689e-21
  34829.0234375   8.7806426e-21
  34971.4765625   8.7144875e-21
  35113.9257812   8.6348633e-21
  35256.3750000   8.5926827e-21
  35398.8242188   8.5128259e-21
  35541.2734375   8.4651047e-21
  35683.7265625   8.3688835e-21
  35826.1757812   8.3290997e-21
  35968.6250000   8.2754275e-21
  36111.0742188   8.1920042e-21
  36253.5234375   8.1651370e-21
  36395.9765625   8.1166556e-21
  36538.4257812   7.7898668e-21
  36680.8750000   7.9653713e-21
  36823.3242188   7.8784624e-21
  36965.7734375   7.9053934e-21
  37108.2265625   7.8101812e-21
  37250.6757812   7.8154310e-21
  37393.1250000   7.7037568e-21
  37535.5742188   7.6706712e-21
  37678.0234375   7.6456482e-21
  37820.4765625   7.5414985e-21
  37962.9257812   7.5571479e-21
  38105.3750000   7.4772862e-21
  38247.8242188   7.4847446e-21
  38390.2734375   7.4265261e-21
  38532.7265625   7.3873279e-21
  38675.1757812   7.2853852e-21
  38817.6250000   7.2514845e-21
  38960.0742188   7.2394241e-21
  39102.5234375   7.2191364e-21
  39244.9765625   7.1769340e-21
  39387.4257812   7.1508197e-21
  39529.8750000   7.0727052e-21
  39672.3242188   6.9728684e-21
  39814.7734375   6.9520443e-21
  39957.2265625   6.8353036e-21
  40099.6757812   6.7897368e-21
  40242.1250000   6.6508177e-21
  40384.5742188   6.6133021e-21
  40527.0234375   6.5288045e-21
  40669.4765625   6.4582219e-21
  40811.9257812   6.5167728e-21
  40954.3750000   6.5201219e-21
  41096.8242188   6.3775819e-21
  41239.2734375   6.4499735e-21
  41381.7265625   6.3788986e-21
  41509.9296875   6.3929498e-21
  41652.3789062   6.3215037e-21
  41809.0742188   6.3004110e-21
  41951.5234375   6.2205666e-21
  42093.9765625   6.2348165e-21
  42236.4257812   6.2297250e-21
  42378.8750000   6.1994840e-21
  42521.3242188   6.2773763e-21
  42663.7734375   6.2222056e-21
  42806.2265625   6.2060223e-21
  42948.6757812   6.1591024e-21
  43091.1250000   6.2035969e-21
  43233.5742188   6.2120759e-21
  43376.0234375   6.2039237e-21
  43518.4765625   6.1957553e-21
  43660.9257812   6.1570470e-21
  43803.3750000   6.1960816e-21
  43945.8242188   6.1709612e-21
  44088.2734375   6.1764385e-21
  44230.7265625   6.1153568e-21
  44373.1757812   5.8454770e-21
  44515.6250000   5.9007010e-21
  44658.0742188   5.9035004e-21
  44800.5234375   5.9898935e-21
  44942.9765625   5.6353670e-21
  45085.4257812   5.5710663e-21
  45227.8750000   5.5788522e-21
  45370.3242188   5.7629891e-21
  45512.7734375   5.5669328e-21
  45726.4492188   5.6237966e-21
  46011.3515625   5.6981576e-21
  46296.2500000   5.5379387e-21
  46581.1484375   5.6740095e-21
  46866.0507812   5.4265383e-21
  47150.9492188   5.5318612e-21
  47435.8515625   5.4070305e-21
  47720.7500000   5.3719286e-21
  48005.6484375   5.2495765e-21
  48290.5507812   5.2617637e-21
  48575.4492188   5.1701357e-21
  48860.3476562   5.1089437e-21
  49145.2500000   5.0170455e-21
  49430.1484375   4.8878991e-21
  49715.0507812   4.8659449e-21
  49999.9492188   4.7987122e-21
  50284.8476562   4.7285444e-21
  50569.7500000   4.6441211e-21
  50854.6484375   4.6049225e-21
  51139.5507812   4.5227659e-21
  51424.4492188   4.4323314e-21
  51709.3476562   4.3527952e-21
  51994.2500000   4.2930294e-21
  52279.1484375   4.2250015e-21
  52564.0507812   4.1423214e-21
  52848.9492188   4.0937076e-21
  53133.8476562   3.9937455e-21
  53418.7500000   3.9078944e-21
  53703.6484375   3.8875578e-21
  53988.5507812   3.7669987e-21
  54273.4492188   3.7807885e-21
  54558.3476562   3.7088856e-21
  54843.2500000   3.6566282e-21
  55128.1484375   3.5702537e-21
  55413.0507812   3.4806270e-21
  55697.9492188   3.4711015e-21
  55982.8476562   3.4042505e-21
  56267.7500000   3.3347164e-21
  56552.6484375   3.2877743e-21
  56837.5507812   3.2407953e-21
  57122.4492188   3.2110012e-21
  57407.3476562   3.1636738e-21
  57692.2500000   3.0849174e-21
  57977.1484375   3.0377269e-21
  58262.0507812   3.0163765e-21
  58546.9492188   2.9602068e-21
  58831.8476562   2.9071129e-21
  59116.7500000   2.8692882e-21
  59401.6484375   2.8224818e-21
  59686.5507812   2.7738306e-21
  59971.4492188   2.7511916e-21
  60256.3476562   2.7002095e-21
  60541.2500000   2.6587289e-21
  60826.1484375   2.6350495e-21
  61111.0507812   2.5926106e-21
  61395.9492188   2.5513035e-21
  61680.8476562   2.4944102e-21
  61965.7500000   2.4677902e-21
  62250.6484375   2.4385288e-21
  62535.5507812   2.4086619e-21
  62820.4492188   2.3575885e-21
  63105.3476562   2.3443106e-21
  63390.2500000   2.2934532e-21
  63675.1484375   2.2646170e-21
  63960.0507812   2.2341314e-21
  64244.9492188   2.2055473e-21
  64529.8476562   2.1652848e-21
  64814.7500000   2.1511807e-21
  65099.6484375   2.1098249e-21
  65384.5507812   1.7826075e-21
  65669.4531250   1.9037867e-21
  65954.3515625   1.8911366e-21
  66239.2500000   1.6199453e-21
  66524.1484375   1.7531738e-21
  66809.0468750   1.6512562e-21
  67093.9531250   1.4854656e-21
  67378.8515625   1.6188001e-21
  67663.7500000   1.5254510e-21
  67948.6484375   1.4123100e-21
  68233.5468750   1.5174194e-21
  68518.4531250   1.4718931e-21
  68803.3515625   1.3686383e-21
  69088.2500000   1.4462236e-21
  69373.1484375   1.3973792e-21
  69658.0468750   1.3522969e-21
  69942.9531250   1.3631015e-21
  70227.8515625   1.3672685e-21
  70512.7500000   1.3376715e-21
  70797.6484375   1.2122880e-21
  71082.5468750   1.2089490e-21
  71367.4531250   1.2427458e-21
  71652.3515625   1.2042115e-21
  71937.2500000   1.2450020e-21
  72222.1484375   1.2561900e-21
  72507.0468750   1.2597313e-21
  72791.9531250   1.2618021e-21
  73076.8515625   1.2670164e-21
  73361.7500000   1.2752844e-21
  73646.6484375   1.2375281e-21
  73931.5468750   1.2380173e-21
  74216.4531250   1.2403739e-21
  74501.3515625   1.2131880e-21
  74786.2500000   1.1945511e-21
  75071.1484375   1.1988660e-21
  75356.0468750   1.1887836e-21
  75640.9531250   1.1695144e-21
  75925.8515625   1.1507293e-21
  76210.7500000   1.1566067e-21
  76495.6484375   1.1461899e-21
  76780.5468750   1.1176714e-21
  77065.4531250   1.1204826e-21
  77350.3515625   1.1076587e-21
  77635.2500000   1.1016525e-21
  77920.1484375   1.0735676e-21
  78205.0468750   1.0737799e-21
  78489.9531250   1.0632869e-21
  78774.8515625   1.0492173e-21
  79059.7500000   1.0290961e-21
  79344.6484375   1.0277953e-21
  79629.5468750   1.0217286e-21
  79914.4531250   1.0093209e-21
  80199.3515625   9.9131356e-22
  80484.2500000   9.8611592e-22
  80769.1484375   9.8031666e-22
  81054.0468750   9.6786776e-22
  81338.9531250   9.5540482e-22
  81623.8515625   9.4495560e-22
  81908.7500000   9.3181734e-22
  82193.6484375   9.2524776e-22
  82478.5468750   9.1479895e-22
  82763.4531250   9.0405116e-22
  83048.3515625   8.9569251e-22
  83333.2500000   8.8046227e-22
  83618.1484375   8.7628446e-22
  83903.0468750   8.6255016e-22
  84187.9531250   8.5269699e-22
  84472.8515625   8.4553333e-22
  84757.7500000   8.3537906e-22
  85042.6484375   8.2373537e-22
  85327.5468750   8.1418256e-22
  85612.4531250   8.0403046e-22
  85897.3515625   7.9656862e-22
  86182.2500000   7.8581780e-22
  86467.1484375   7.7238459e-22
  86752.0468750   7.6730968e-22
  87036.9531250   7.5865114e-22
  87321.8515625   7.4999144e-22
  87606.7500000   7.4252874e-22
  87891.6484375   7.3178050e-22
  88176.5468750   7.2371670e-22
  88461.4531250   7.1774695e-22
  88746.3515625   7.0640134e-22
  89031.2500000   6.9983327e-22
  89316.1484375   6.9206982e-22
  89601.0468750   6.8430834e-22
  89885.9531250   6.7594782e-22
  90170.8515625   6.6699192e-22
  90455.7500000   6.6131863e-22
  90740.6484375   6.5325614e-22
  91025.5468750   6.4609172e-22
  91452.8984375   6.3444773e-22
  92022.7031250   6.2011722e-22
  92592.5000000   6.0638206e-22
  93162.2968750   5.9234987e-22
  93732.1015625   5.7742124e-22
  94301.8984375   5.6607679e-22
  94871.7031250   5.5353610e-22
  95441.5000000   5.4278967e-22
  96011.2968750   5.3054816e-22
  96581.1015625   5.1890392e-22
  97150.8984375   5.0725902e-22
  97720.6953125   4.9740661e-22
  98290.5000000   4.8755496e-22
  98860.2968750   4.7710363e-22
  99430.1015625   4.6755142e-22
  99999.8984375   4.5859309e-22
 100569.6953125   4.4844145e-22
 101139.5000000   4.3978362e-22
 101709.2968750   4.3082721e-22
 102279.1015625   4.2216811e-22
 102848.8984375   4.1440681e-22
 103418.6953125   4.0634536e-22
 103988.5000000   3.9708865e-22
 104558.2968750   3.8962580e-22
 105128.1015625   3.8007167e-22
 105697.8984375   3.7230842e-22
 106267.6953125   3.6633794e-22
 106837.5000000   3.5678402e-22
 107407.2968750   3.5260303e-22
 107977.1015625   3.4573628e-22
 108546.8984375   3.3946659e-22
 109116.6953125   3.3379398e-22
 109686.5000000   3.2812108e-22
 110256.2968750   3.2095630e-22
 110826.1015625   3.1528271e-22
 111395.8984375   3.0961016e-22
 111965.6953125   3.0453545e-22
 112535.5000000   2.9772739e-22
 113105.2968750   2.9250296e-22
 113675.1015625   2.8602423e-22
 114244.8984375   2.8148564e-22
 114814.6953125   2.7679774e-22
 115384.5000000   2.7103559e-22
 115954.2968750   2.6691532e-22
 116524.1015625   2.6225806e-22
 117093.8984375   2.5786886e-22
 117663.6953125   2.5356983e-22
 118233.5000000   2.4882283e-22
 118803.2968750   2.4392680e-22
 119373.1015625   2.4004462e-22
 119942.8984375   2.3562634e-22
 120512.6953125   2.3246156e-22
 121082.5000000   2.2792347e-22
 121652.2968750   2.2442999e-22
 122222.1015625   2.1415940e-22
 122791.8984375   2.0529256e-22
 123361.6953125   2.0532229e-22
 123931.5000000   1.9657427e-22
 124501.2968750   1.9179696e-22
 125071.1015625   1.8764681e-22
 125640.8984375   1.7952645e-22
 126210.6953125   1.7812301e-22
 126780.5000000   1.7409205e-22
 127350.2968750   1.6815099e-22
 127920.1015625   1.6847921e-22
 128489.8984375   1.6409039e-22
 129059.6953125   1.5961178e-22
 129629.5000000   1.5913441e-22
 130199.2968750   1.5641754e-22
 130769.1015625   1.5149090e-22
 131338.9062500   1.5187929e-22
 131908.7031250   1.4841614e-22
 132478.5000000   1.4617661e-22
 133048.2968750   1.4483337e-22
 133618.0937500   1.4241505e-22
 134187.9062500   1.3975755e-22
 134757.7031250   1.3951899e-22
 135327.5000000   1.3668242e-22
 135897.2968750   1.3483118e-22
 136467.0937500   1.3283105e-22
 137036.9062500   1.3008417e-22
 137606.7031250   1.3011388e-22
 138176.5000000   1.2763602e-22
 138746.2968750   1.2521744e-22
 139316.0937500   1.2384416e-22
 139885.9062500   1.2178431e-22
 140455.7031250   1.2020188e-22
 141025.5000000   1.1814137e-22
 141595.2968750   1.1745485e-22
 142165.0937500   1.1530514e-22
 142734.9062500   1.1423053e-22
 143304.7031250   1.1264825e-22
 143874.5000000   1.1031923e-22
 144444.2968750   1.0924453e-22
 145014.0937500   1.0778148e-22
 145583.9062500   1.0604980e-22
 146153.7031250   1.0449728e-22
 146723.5000000   1.0312407e-22
 147293.2968750   1.0264601e-22
 147863.0937500   1.0088468e-22
 148432.9062500   9.9481583e-23
 149002.7031250   9.8078174e-23
 149572.5000000   9.7152607e-23
 150142.2968750   9.6704773e-23
 150712.0937500   9.4465690e-23
 151281.9062500   9.3002668e-23
 151851.7031250   9.2286155e-23
 152421.5000000   9.1091813e-23
 152991.2968750   8.9927146e-23
 153561.0937500   8.8942060e-23
 154130.9062500   8.7837276e-23
 154700.7031250   8.6374425e-23
 155270.5000000   8.5837060e-23
 155840.2968750   8.4254560e-23
 156410.0937500   8.3597730e-23
 156979.9062500   8.2134752e-23
 157549.7031250   8.2254236e-23
 158119.5000000   8.0313758e-23
 158689.2968750   7.9895454e-23
 159259.0937500   7.8581773e-23
 159828.9062500   7.8104209e-23
 160398.7031250   7.6581493e-23
 160968.5000000   7.6133799e-23
 161538.2968750   7.5118472e-23
 162108.0937500   7.3745235e-23
 162677.9062500   7.3386929e-23
 163247.7031250   7.2550837e-23
 163817.5000000   7.1565695e-23
 164387.2968750   7.0699721e-23
 164957.0937500   7.0072823e-23
 165526.9062500   6.9117373e-23
 166096.7031250   6.8341330e-23
 166666.5000000   6.7535133e-23
 167236.2968750   6.6460288e-23
 167806.0937500   6.5773563e-23
 168375.9062500   6.4877877e-23
 168945.7031250   6.4370412e-23
 169515.5000000   6.3414963e-23
 170085.2968750   6.2937185e-23
 170655.0937500   6.2190916e-23
 171224.9062500   6.1474277e-23
 171794.7031250   6.0727749e-23
 172364.5000000   5.9862117e-23
 172934.2968750   5.9205071e-23
 173504.0937500   5.8458626e-23
 174073.9062500   5.7742125e-23
 174643.7031250   5.7204734e-23
 175213.5000000   5.6607680e-23
 175783.2968750   5.6100064e-23
 176353.0937500   5.5353612e-23
 176922.9062500   5.4846167e-23
 177492.7031250   5.4069826e-23
 178062.5000000   5.3323450e-23
 178632.2968750   5.2756244e-23
 179202.0937500   5.2188879e-23
 179771.9062500   5.1561899e-23
 180341.7031250   5.1143989e-23
 180911.5000000   5.0487199e-23
 181481.2968750   5.0069200e-23
 182051.0937500   4.9352467e-23
 182905.7968750   4.8576388e-23
 184045.4062500   4.7441659e-23
 185185.0000000   4.6396769e-23
 186324.5937500   4.5351774e-23
 187464.2031250   4.4426213e-23
 188603.7968750   4.3411110e-23
 189743.4062500   4.2485581e-23
 190883.0000000   4.1560064e-23
 192022.5937500   4.0604567e-23
 193162.2031250   3.9768725e-23
 194301.7968750   3.8873021e-23
 195441.3906250   3.8096741e-23
 196581.0000000   3.7230843e-23
 197720.5937500   3.6454682e-23
 198860.2031250   3.5678399e-23
 199999.7968750   3.4931995e-23
 201139.3906250   3.4215327e-23
 202279.0000000   3.3468945e-23
 203418.5937500   3.2782292e-23
 204558.2031250   3.2095629e-23
 205697.7968750   3.1438811e-23
 206837.3906250   3.0781911e-23
 207977.0000000   3.0154890e-23
 209116.5937500   2.9542844e-23
 210256.2031250   2.8948690e-23
 211395.7968750   2.8333615e-23
 212535.3906250   2.7724545e-23
 213675.0000000   2.7169228e-23
 214814.5937500   2.6664701e-23
 215954.2031250   2.6154148e-23
 217093.7968750   2.5637601e-23
 218233.3906250   2.5133023e-23
 219373.0000000   2.4634481e-23
 220512.5937500   2.4156753e-23
 221652.2031250   2.3687977e-23
 222791.7968750   2.3228196e-23
 223931.3906250   2.2783341e-23
 225071.0000000   2.2344455e-23
 226210.5937500   2.1914600e-23
 227350.2031250   2.1502550e-23
 228489.7968750   2.1084539e-23
 229629.3906250   2.0687462e-23
 230769.0000000   2.0305262e-23
 231908.5937500   1.9920150e-23
 233048.2031250   1.9555903e-23
 234187.7968750   1.9197645e-23
 235327.3906250   1.8839330e-23
 236467.0000000   1.8495985e-23
 237606.5937500   1.8149649e-23
 238746.2031250   1.7821221e-23
 239885.7968750   1.7504811e-23
 241025.3906250   1.7188279e-23
 242165.0000000   1.6880806e-23
 243304.5937500   1.6579196e-23
 244444.2031250   1.6283621e-23
 245583.7968750   1.5997039e-23
 246723.3906250   1.5716397e-23
 247863.0000000   1.5441695e-23
 249002.5937500   1.5169997e-23
 250142.2031250   1.4907267e-23
 251281.7968750   1.4644521e-23
 252421.3906250   1.4390767e-23
 253561.0000000   1.4142962e-23
 254700.5937500   1.3907118e-23
 255840.2031250   1.3662239e-23
 256979.7968750   1.3438365e-23
 258119.3906250   1.3214446e-23
 259259.0000000   1.2981536e-23
 260398.5937500   1.2769545e-23
 261538.2031250   1.2560575e-23
 262677.8125000   1.2354537e-23
 263817.4062500   1.2148569e-23
 264957.0000000   1.1948501e-23
 266096.5937500   1.1751470e-23
 267236.1875000   1.1560379e-23
 268375.8125000   1.1372295e-23
 269515.4062500   1.1187174e-23
 270655.0000000   1.1005066e-23
 271794.5937500   1.0828916e-23
 272934.1875000   1.0658724e-23
 274073.8125000   1.0485539e-23
 275213.4062500   1.0321332e-23
 276353.0000000   1.0157110e-23
 277492.5937500   9.9899262e-24
 278632.1875000   9.8376706e-24
 279771.8125000   9.6853960e-24
 280911.4062500   9.5361064e-24
 282051.0000000   9.3898192e-24
 283190.5937500   9.2435431e-24
 284330.1875000   9.1002245e-24
 285469.8125000   8.9598759e-24
 569800.0000000   6.0309930e-25
1139600.0000000   3.8753525e-26
1709400.0000000   7.7029448e-27
2279200.0000000   2.4401573e-27
2849000.0000000   9.9929100e-28
3418800.0000000   4.8158345e-28
3988600.0000000   2.5957096e-28
4558400.0000000   1.5199872e-28
