    338.0650024   3.2021103e-24
    349.2099915   3.6636961e-24
    356.6399841   3.9184752e-24
    364.0699768   2.1954064e-23
    371.5000000   6.0758080e-23
    378.9299927   6.5928192e-23
    386.3599854   6.2602973e-23
    393.7899780   6.3636949e-23
    401.2200012   6.4935647e-23
    408.6499939   7.4183665e-23
    423.5099792   7.6971506e-23
    438.3699951   7.4746167e-23
    449.5149841   9.4714805e-23
    464.3750000   9.8354534e-23
    471.8049927   1.0042259e-22
    475.5199890   1.0199427e-22
    486.6649780   9.8354534e-23
    490.3799744   1.0182912e-22
    497.8099976   9.7279266e-23
    508.9549866   1.0811556e-22
    520.0999756   1.0836370e-22
    531.2449951   1.3698509e-22
    546.1049805   1.7040408e-22
    560.9649658   1.5253685e-22
    575.8250122   1.7214165e-22
    590.6849976   1.7280292e-22
    601.8299561   1.7313412e-22
    616.6900024   1.7420958e-22
    631.5499878   1.7404363e-22
    642.6950073   1.4310640e-22
    657.5549927   1.7536717e-22
    668.7000122   1.7561536e-22
    676.1300049   1.7561536e-22
    690.9899902   1.7594654e-22
    709.5650024   1.7611200e-22
    720.7099609   1.7718726e-22
    735.5700073   1.7669069e-22
    750.4299927   1.7735310e-22
    761.5750122   1.7710479e-22
    780.1499634   1.7172785e-22
    802.4400024   1.7693919e-22
    817.2999878   1.7760096e-22
    828.4450073   1.7545038e-22
    843.3049927   1.7801483e-22
    854.4499512   2.2301481e-22
    869.3099976   3.3344625e-22
    891.5999756   3.6330920e-22
    913.8899536   3.3772178e-22
    936.1799927   3.3182322e-22
    954.7550049   2.9428589e-22
    965.8999634   3.0225649e-22
    980.7599487   3.6827316e-22
    999.3349609   3.6464074e-22
   1017.9099731   3.5738570e-22
   1036.4849854   2.9764459e-22
   1055.0599365   3.4070877e-22
   1077.3499756   3.3907271e-22
   1099.6400146   2.9985014e-22
   1118.2149658   2.6524737e-22
   1144.2199707   2.7258946e-22
   1181.3699951   2.5155515e-22
   1218.5200195   2.4304103e-22
   1255.6699219   2.1591757e-22
   1292.8199463   1.9222338e-22
   1326.2550049   2.4428882e-22
   1359.6899414   3.5234090e-22
   1393.1250000   3.2926968e-22
   1430.2750244   2.4718761e-22
   1467.4249268   3.4795670e-22
   1504.5749512   4.0889940e-22
   1538.0100098   3.8807801e-22
   1567.7299805   3.3823536e-22
   1597.4499512   3.1058070e-22
   1638.3149414   3.4470175e-22
   1675.4649658   3.3643534e-22
   1708.8999023   2.8469786e-22
   1746.0499268   2.7847391e-22
   1783.1999512   3.0171274e-22
   1820.3499756   2.4618761e-22
   1857.5000000   2.9426650e-22
   1879.7899170   2.4842068e-22
   1902.0799561   3.8486502e-22
   1931.7999268   3.5753640e-22
   1968.9499512   3.2113914e-22
   2006.0999756   2.5761494e-22
   2043.2500000   2.4465169e-22
   2080.3999023   3.1570625e-22
   2117.5500488   3.4805760e-22
   2154.6999512   3.3534813e-22
   2191.8498535   3.3777815e-22
   2229.0000000   2.8076789e-22
   2266.1499023   2.7144141e-22
   2303.3000488   3.4405746e-22
   2340.4499512   3.2429405e-22
   2377.5998535   3.5928835e-22
   2414.7500000   3.4845983e-22
   2444.4699707   3.2236287e-22
   2470.4748535   3.6807265e-22
   2507.6250000   3.9413785e-22
   2544.7749023   3.4433407e-22
   2581.9250488   4.1080922e-22
   2619.0749512   3.4092132e-22
   2659.9399414   4.5433249e-22
   2697.0898438   4.7722657e-22
   2730.5249023   4.9827827e-22
   2767.6750488   5.0451888e-22
   2804.8249512   5.2773310e-22
   2841.9748535   5.0072871e-22
   2879.1250000   5.9472888e-22
   2916.2749023   5.8255553e-22
   2953.4250488   6.7383943e-22
   2990.5749512   7.7153929e-22
   3027.7248535   9.0140543e-22
   3064.8750000   1.0714606e-21
   3102.0249023   1.0001808e-21
   3139.1750488   1.4592689e-21
   3176.3249512   1.7051339e-21
   3213.4748535   2.1137637e-21
   3250.6250000   2.5547308e-21
   3287.7749023   3.0951725e-21
   3324.9248047   3.7786915e-21
   3362.0749512   4.5418084e-21
   3399.2248535   5.4129387e-21
   3436.3750000   1.7459102e-20
   3473.5249023   3.2009854e-20
   3510.6748047   4.7402645e-20
   3547.8249512   6.2034248e-20
   3584.9748535   6.9655736e-20
   3622.1250000   3.2900227e-20
   3659.2749023   6.6668050e-20
   3696.4248047   6.7794172e-20
   3733.5749512   8.8406447e-20
   3770.7248535   9.5890092e-20
   3807.8750000   7.2535449e-20
   3845.0249023   1.1032536e-19
   3882.1748047   1.5339741e-19
   3919.3249512   1.5246384e-19
   3956.4748535   1.3391391e-19
   3993.6250000   1.5127129e-19
   4030.7749023   1.3798257e-19
   4067.9248047   1.6487392e-19
   4105.0747070   1.6063474e-19
   4142.2250977   1.6143038e-19
   4179.3750000   1.4498272e-19
   4216.5249023   1.7713980e-19
   4253.6748047   1.7347815e-19
   4290.8247070   1.7804610e-19
   4327.9750977   1.7888476e-19
   4365.1250000   1.2304701e-19
   4402.2749023   1.7945762e-19
   4439.4248047   1.6372806e-19
   4476.5747070   1.4230168e-19
   4513.7250977   1.2103126e-19
   4550.8750000   2.3616578e-19
   4588.0249023   2.7858277e-19
   4625.1748047   2.8811921e-19
   4662.3247070   2.8693218e-19
   4699.4750977   2.8998913e-19
   4736.6250000   3.3602186e-19
   4773.7749023   3.4774130e-19
   4810.9248047   3.0807970e-19
   4848.0747070   3.1998190e-19
   4885.2250977   3.6603507e-19
   4922.3750000   3.5681483e-19
   4959.5249023   3.4651103e-19
   4996.6748047   3.7659181e-19
   5033.8247070   3.7643801e-19
   5070.9750977   3.5980788e-19
   5108.1250000   3.6141222e-19
   5145.2749023   3.6287863e-19
   5182.4248047   2.7296562e-19
   5219.5747070   2.7126385e-19
   5256.7250977   3.5872706e-19
   5293.8750000   3.5287207e-19
   5331.0249023   3.7553809e-19
   5357.0297852   3.8341243e-19
   5375.6049805   3.8466390e-19
   5405.3247070   3.7797703e-19
   5442.4750977   3.6538778e-19
   5479.6250000   3.7879128e-19
   5516.7749023   3.8803880e-19
   5553.9248047   3.8985462e-19
   5591.0747070   3.7274961e-19
   5617.0800781   3.4687188e-19
   5635.6547852   3.5889725e-19
   5665.3750000   3.6175364e-19
   5702.5249023   3.1538334e-19
   5739.6748047   2.8230232e-19
   5776.8247070   2.8437045e-19
   5813.9750977   3.2009431e-19
   5851.1250000   3.4070130e-19
   5888.2749023   3.4747417e-19
   5925.4248047   3.5009044e-19
   5962.5747070   3.4751993e-19
   5999.7250977   3.4444297e-19
   6036.8750000   3.4378709e-19
   6074.0249023   3.6356454e-19
   6111.1748047   3.6751542e-19
   6148.3247070   3.6722497e-19
   6185.4750977   3.8062902e-19
   6211.4799805   3.5872861e-19
   6230.0546875   4.0028180e-19
   6259.7749023   3.9577010e-19
   6296.9248047   3.8116431e-19
   6334.0747070   3.7529404e-19
   6371.2246094   3.5807069e-19
   6408.3750000   3.5374413e-19
   6445.5249023   3.7234057e-19
   6482.6748047   3.6714272e-19
   6519.8247070   3.7419958e-19
   6556.9746094   3.6737500e-19
   6594.1250000   3.5890514e-19
   6631.2749023   3.7073821e-19
   6668.4248047   3.8077618e-19
   6705.5747070   3.8650635e-19
   6742.7246094   3.5908329e-19
   6779.8750000   3.6991850e-19
   6817.0249023   3.6454147e-19
   6854.1748047   3.4241889e-19
   6891.3247070   3.4378709e-19
   6928.4746094   3.4875075e-19
   6965.6250000   3.6242789e-19
   7002.7749023   3.3365573e-19
   7039.9248047   3.1905292e-19
   7077.0747070   3.4072373e-19
   7114.2246094   3.2368505e-19
   7151.3750000   3.1053570e-19
   7188.5249023   3.2976176e-19
   7225.6748047   3.3634668e-19
   7262.8247070   3.0860105e-19
   7307.4047852   3.3325739e-19
   7340.8398438   3.4393206e-19
   7370.5600586   3.2720970e-19
   7411.4248047   3.2190026e-19
   7448.5747070   3.3339939e-19
   7485.7246094   3.2939263e-19
   7522.8750000   3.3972261e-19
   7560.0249023   3.1812666e-19
   7597.1748047   3.2407336e-19
   7634.3247070   2.9004644e-19
   7671.4746094   3.0452029e-19
   7704.9096680   3.3580059e-19
   7719.7700195   3.1187648e-19
   7745.7749023   3.2394957e-19
   7782.9248047   3.0966545e-19
   7820.0747070   3.1735498e-19
   7857.2246094   3.2160914e-19
   7894.3750000   3.2295662e-19
   7931.5249023   3.1724349e-19
   7968.6748047   3.0936369e-19
   8005.8247070   3.1994113e-19
   8042.9746094   3.1586021e-19
   8080.1250000   3.1654760e-19
   8117.2749023   3.0866746e-19
   8154.4248047   3.1727554e-19
   8191.5747070   3.1546371e-19
   8228.7246094   3.0977971e-19
   8265.8750000   3.0607293e-19
   8303.0244141   3.0937863e-19
   8340.1748047   3.0942888e-19
   8377.3251953   3.0313122e-19
   8414.4746094   3.0992258e-19
   8451.6250000   3.1162595e-19
   8488.7744141   3.1303329e-19
   8525.9248047   2.9703474e-19
   8563.0751953   3.0532110e-19
   8600.2246094   2.9960528e-19
   8637.3750000   2.6615056e-19
   8674.5244141   2.9210330e-19
   8711.6748047   2.9297181e-19
   8748.8251953   2.9430913e-19
   8785.9746094   2.8930983e-19
   8823.1250000   2.8677344e-19
   8860.2744141   2.7939144e-19
   8897.4248047   2.8380277e-19
   8934.5751953   2.7822817e-19
   8971.7246094   2.7855832e-19
   9008.8750000   2.8036987e-19
   9046.0244141   2.7285057e-19
   9083.1748047   2.7629086e-19
   9120.3251953   2.7442971e-19
   9157.4746094   2.7144263e-19
   9194.6250000   2.6753107e-19
   9231.7744141   2.6608392e-19
   9268.9248047   2.2759505e-19
   9306.0751953   2.6132409e-19
   9335.7949219   2.4988475e-19
   9354.3701172   2.6005098e-19
   9380.3750000   2.5737970e-19
   9417.5244141   2.5723505e-19
   9454.6748047   2.5206608e-19
   9491.8251953   2.5582564e-19
   9528.9746094   2.5408672e-19
   9566.1250000   2.5686026e-19
   9603.2744141   2.5513112e-19
   9640.4248047   2.5314663e-19
   9677.5751953   2.5090748e-19
   9714.7246094   2.4839011e-19
   9751.8750000   2.4919648e-19
   9789.0244141   2.4922057e-19
   9826.1748047   2.5121067e-19
   9863.3251953   2.5096365e-19
   9900.4746094   2.4307305e-19
   9937.6250000   2.4486777e-19
   9974.7744141   2.4497424e-19
  10011.9248047   2.3933372e-19
  10049.0751953   2.3838433e-19
  10086.2246094   2.3677021e-19
  10123.3750000   2.3695953e-19
  10160.5244141   2.3661946e-19
  10197.6748047   2.3063282e-19
  10234.8251953   2.3012289e-19
  10271.9746094   2.2991276e-19
  10309.1250000   2.3240407e-19
  10346.2744141   2.2931375e-19
  10383.4248047   2.1763600e-19
  10420.5751953   2.2170622e-19
  10457.7246094   2.2567108e-19
  10494.8750000   2.2353747e-19
  10532.0244141   2.1602666e-19
  10569.1748047   2.1642454e-19
  10606.3251953   2.1438305e-19
  10643.4746094   2.1571189e-19
  10680.6250000   2.1334237e-19
  10717.7744141   2.1222749e-19
  10754.9248047   2.0992205e-19
  10810.6494141   2.0951311e-19
  10884.9501953   2.0772830e-19
  10959.2500000   2.0433068e-19
  11033.5498047   2.0375449e-19
  11107.8496094   2.0174211e-19
  11182.1494141   1.9899310e-19
  11256.4501953   1.9888126e-19
  11330.7500000   1.9751118e-19
  11405.0498047   1.9589143e-19
  11479.3496094   1.9261125e-19
  11553.6494141   1.9153993e-19
  11627.9501953   1.8845011e-19
  11702.2500000   1.8692683e-19
  11776.5498047   1.8352978e-19
  11850.8496094   1.7987740e-19
  11925.1494141   1.7810790e-19
  11999.4501953   1.7542111e-19
  12073.7500000   1.7354217e-19
  12148.0498047   1.7028512e-19
  12222.3496094   1.6785488e-19
  12296.6494141   1.6536487e-19
  12370.9501953   1.6221712e-19
  12445.2500000   1.5906012e-19
  12519.5498047   1.5645784e-19
  12593.8496094   1.5425472e-19
  12668.1494141   1.5197448e-19
  12742.4492188   1.4835403e-19
  12816.7500000   1.4589355e-19
  12891.0498047   1.4423079e-19
  12965.3496094   1.4193406e-19
  13039.6494141   1.4006026e-19
  13113.9492188   1.3810384e-19
  13188.2500000   1.3609042e-19
  13262.5498047   1.3378164e-19
  13336.8496094   1.3077653e-19
  13411.1494141   1.2903192e-19
  13485.4492188   1.2757587e-19
  13522.5996094   1.2684567e-19
  13559.7500000   1.2656909e-19
  13634.0498047   1.2434864e-19
  13708.3496094   1.1983801e-19
  13782.6494141   1.2180821e-19
  13856.9492188   1.2060835e-19
  13931.2500000   1.3113139e-19
  14005.5498047   1.3112448e-19
  14079.8496094   1.3831507e-19
  14154.1494141   1.4552050e-19
  14228.4492188   1.2886316e-19
  14302.7500000   1.4720267e-19
  14377.0498047   1.4844135e-19
  14451.3496094   1.2282024e-19
  14525.6494141   1.4808583e-19
  14599.9492188   1.4176459e-19
  14674.2500000   1.4314852e-19
  14748.5498047   1.1453479e-19
  14822.8496094   1.4155742e-19
  14897.1494141   1.4326109e-19
  14971.4492188   1.3945998e-19
  15045.7500000   1.4080841e-19
  15120.0498047   1.3653222e-19
  15194.3496094   1.2892768e-19
  15268.6494141   1.1489046e-19
  15342.9492188   1.3176990e-19
  15417.2500000   1.3240917e-19
  15491.5498047   1.3177393e-19
  15565.8496094   1.3111295e-19
  15640.1494141   1.3044327e-19
  15714.4492188   1.2882071e-19
  15788.7500000   1.2736370e-19
  15863.0498047   1.2425802e-19
  15937.3496094   1.2398765e-19
  16011.6494141   1.2037815e-19
  16085.9492188   1.1250372e-19
  16160.2500000   1.0379776e-19
  16234.5498047   1.1875713e-19
  16308.8496094   1.1706484e-19
  16383.1494141   1.1713272e-19
  16457.4492188   1.1687785e-19
  16531.7500000   1.1628188e-19
  16606.0488281   1.1334733e-19
  16680.3496094   1.1427703e-19
  16754.6503906   1.1501163e-19
  16828.9492188   1.1234078e-19
  16903.2500000   1.1115215e-19
  16977.5488281   1.1172919e-19
  17051.8496094   1.0958892e-19
  17126.1503906   1.0889135e-19
  17200.4492188   1.0704588e-19
  17274.7500000   1.0558816e-19
  17349.0488281   1.0598445e-19
  17423.3496094   1.0463490e-19
  17497.6503906   1.0219111e-19
  17571.9492188   1.0317421e-19
  17646.2500000   1.0273471e-19
  17720.5488281   1.0242296e-19
  17794.8496094   1.0094658e-19
  17869.1503906   9.9386668e-20
  17943.4492188   9.8433181e-20
  18017.7500000   9.1692952e-20
  18092.0488281   8.2157724e-20
  18166.3496094   9.5301055e-20
  18240.6503906   9.5140052e-20
  18314.9492188   9.2957607e-20
  18389.2500000   9.3826328e-20
  18463.5488281   9.2739852e-20
  18537.8496094   9.0734333e-20
  18612.1503906   8.7522934e-20
  18686.4492188   8.9075623e-20
  18760.7500000   8.7813623e-20
  18835.0488281   8.8732026e-20
  18909.3496094   8.7103036e-20
  18983.6503906   8.6597642e-20
  19057.9492188   8.4949988e-20
  19132.2500000   8.3647192e-20
  19206.5488281   8.1979311e-20
  19280.8496094   8.1663445e-20
  19355.1503906   8.1344153e-20
  19429.4492188   8.1525125e-20
  19503.7500000   8.1632251e-20
  19578.0488281   7.9279465e-20
  19652.3496094   8.0827786e-20
  19726.6503906   8.0638452e-20
  19800.9492188   7.8551992e-20
  19875.2500000   7.9228652e-20
  19949.5488281   7.8735051e-20
  20023.8496094   7.7506113e-20
  20098.1503906   7.6636901e-20
  20172.4492188   7.6130350e-20
  20246.7500000   7.5988714e-20
  20321.0488281   7.4589409e-20
  20395.3496094   7.4071019e-20
  20469.6503906   7.3518766e-20
  20543.9492188   7.3580462e-20
  20618.2500000   7.3468411e-20
  20692.5488281   7.2766768e-20
  20766.8496094   7.1558988e-20
  20841.1503906   7.1574071e-20
  20915.4492188   7.0574597e-20
  20989.7500000   7.0126595e-20
  21064.0488281   6.9329167e-20
  21138.3496094   6.9538056e-20
  21212.6503906   6.8704161e-20
  21286.9492188   6.9780045e-20
  21361.2500000   6.8244055e-20
  21435.5488281   6.8272534e-20
  21509.8496094   6.7037993e-20
  21584.1503906   6.7458266e-20
  21658.4492188   6.7574497e-20
  21732.7500000   6.6435101e-20
  21807.0488281   6.4962177e-20
  21881.3496094   6.3344729e-20
  21955.6503906   6.4503040e-20
  22029.9492188   6.4201765e-20
  22104.2500000   6.3636116e-20
  22178.5488281   6.3902177e-20
  22252.8496094   6.2945104e-20
  22327.1503906   6.2612596e-20
  22401.4492188   6.2898129e-20
  22475.7500000   6.2920230e-20
  22550.0488281   6.2761541e-20
  22624.3496094   6.1565244e-20
  22698.6503906   6.1324528e-20
  22772.9492188   5.9854408e-20
  22847.2500000   5.9420939e-20
  22921.5488281   5.8271158e-20
  22995.8496094   5.8555411e-20
  23070.1503906   5.7855507e-20
  23144.4492188   5.6657096e-20
  23218.7500000   5.5548597e-20
  23293.0488281   5.6602128e-20
  23367.3496094   5.7040081e-20
  23441.6503906   5.6298177e-20
  23515.9492188   5.6680238e-20
  23590.2500000   5.6156678e-20
  23664.5488281   5.5909609e-20
  23738.8496094   5.6203065e-20
  23813.1503906   5.5738725e-20
  23887.4492188   5.5663872e-20
  23961.7500000   5.5404364e-20
  24036.0488281   5.5247400e-20
  24110.3496094   5.4279127e-20
  24184.6503906   5.4657562e-20
  24258.9492188   5.4159586e-20
  24333.2500000   5.2394111e-20
  24407.5488281   4.7775503e-20
  24481.8496094   5.2944406e-20
  24556.1503906   5.3345156e-20
  24630.4492188   5.2863549e-20
  24704.7500000   5.2323287e-20
  24779.0488281   5.1253649e-20
  24853.3496094   5.1350978e-20
  24927.6503906   5.0357799e-20
  25001.9492188   5.0583894e-20
  25076.2500000   4.9912589e-20
  25150.5488281   4.9982566e-20
  25224.8496094   4.9430701e-20
  25299.1503906   4.9581374e-20
  25373.4492188   4.9658302e-20
  25447.7500000   4.9135475e-20
  25522.0488281   4.9391856e-20
  25596.3496094   4.9747582e-20
  25670.6484375   4.9600541e-20
  25744.9492188   4.9131155e-20
  25819.2500000   4.8660021e-20
  25893.5488281   4.8882571e-20
  25967.8496094   4.8558404e-20
  26042.1484375   4.8075647e-20
  26116.4492188   4.8089376e-20
  26190.7500000   4.7645804e-20
  26265.0488281   4.6119390e-20
  26339.3496094   4.5238718e-20
  26413.6484375   4.3780576e-20
  26487.9492188   4.3078116e-20
  26562.2500000   4.3251387e-20
  26636.5488281   4.3441186e-20
  26710.8496094   4.3229357e-20
  26785.1484375   4.3972505e-20
  26859.4492188   4.4230103e-20
  26933.7500000   4.4571745e-20
  27008.0488281   4.4569199e-20
  27082.3496094   4.4212623e-20
  27156.6484375   4.4908724e-20
  27230.9492188   4.4880332e-20
  27305.2500000   4.5011799e-20
  27379.5488281   4.5600167e-20
  27453.8496094   4.5029596e-20
  27528.1484375   4.4915235e-20
  27602.4492188   4.5003695e-20
  27676.7500000   4.4956481e-20
  27751.0488281   4.4832265e-20
  27825.3496094   4.4588389e-20
  27899.6484375   4.4803724e-20
  27973.9492188   4.5019114e-20
  28048.2500000   4.5029793e-20
  28122.5488281   4.4715658e-20
  28196.8496094   4.4161393e-20
  28271.1484375   4.3750975e-20
  28345.4492188   4.3391226e-20
  28419.7500000   4.2944377e-20
  28494.0488281   4.1956132e-20
  28568.3496094   4.2305655e-20
  28642.6484375   4.1778511e-20
  28716.9492188   4.1654841e-20
  28791.2500000   4.1470118e-20
  28865.5488281   4.1509293e-20
  28939.8496094   4.1694924e-20
  29014.1484375   4.1630333e-20
  29088.4492188   4.1521872e-20
  29162.7500000   4.0971551e-20
  29237.0488281   4.0914011e-20
  29311.3496094   3.9884633e-20
  29385.6484375   3.9330784e-20
  29459.9492188   3.9487942e-20
  29534.2500000   3.9158433e-20
  29608.5488281   3.9820226e-20
  29682.8496094   3.9707758e-20
  29757.1484375   3.9987061e-20
  29831.4492188   3.9891645e-20
  29905.7500000   3.9664709e-20
  29980.0488281   3.9349793e-20
  30054.3496094   3.8753980e-20
  30128.6484375   3.8525058e-20
  30202.9492188   3.8935156e-20
  30277.2500000   3.8880985e-20
  30351.5488281   3.8940626e-20
  30425.8496094   3.8507975e-20
  30500.1484375   3.8250421e-20
  30574.4492188   3.8441061e-20
  30648.7500000   3.8438188e-20
  30723.0488281   3.8514402e-20
  30797.3496094   3.8193685e-20
  30871.6484375   3.7271363e-20
  30945.9492188   3.7266777e-20
  31020.2500000   3.7146998e-20
  31094.5488281   3.7230459e-20
  31168.8496094   3.6782218e-20
  31243.1484375   3.7344109e-20
  31317.4492188   3.6788518e-20
  31391.7500000   3.6489386e-20
  31466.0488281   3.6269699e-20
  31540.3496094   3.6876843e-20
  31614.6484375   3.5223260e-20
  31688.9492188   3.6721368e-20
  31763.2500000   3.4217534e-20
  31837.5488281   3.7421438e-20
  31911.8496094   3.6227034e-20
  31986.1484375   3.6255048e-20
  32060.4492188   3.7598034e-20
  32134.7500000   3.7036227e-20
  32209.0488281   3.3803340e-20
  32283.3496094   3.6626501e-20
  32357.6484375   3.7434915e-20
  32431.9492188   3.7095157e-20
  32506.2500000   3.5083079e-20
  32580.5488281   3.6800154e-20
  32654.8496094   3.7286423e-20
  32729.1484375   3.6773820e-20
  32803.4492188   3.6810015e-20
  32877.7500000   3.6232763e-20
  32952.0507812   3.4490165e-20
  33026.3476562   3.6502692e-20
  33100.6484375   3.6927081e-20
  33174.9492188   3.6347676e-20
  33249.2500000   3.6346720e-20
  33323.5507812   3.6273201e-20
  33397.8476562   3.5909432e-20
  33472.1484375   3.3866493e-20
  33546.4492188   3.5107122e-20
  33620.7500000   3.6412865e-20
  33695.0507812   3.5938464e-20
  33769.3476562   3.5044731e-20
  33843.6484375   3.5114835e-20
  33917.9492188   3.5494553e-20
  33992.2500000   3.5200067e-20
  34066.5507812   3.4722548e-20
  34140.8476562   3.4490772e-20
  34215.1484375   3.3180576e-20
  34289.4492188   3.1539305e-20
  34363.7500000   3.2823157e-20
  34438.0507812   3.3412940e-20
  34512.3476562   3.3517882e-20
  34586.6484375   3.3650328e-20
  34660.9492188   3.3461840e-20
  34735.2500000   3.3410739e-20
  34809.5507812   3.3028785e-20
  34883.8476562   3.3170085e-20
  34958.1484375   3.2502123e-20
  35032.4492188   3.3038796e-20
  35106.7500000   3.2544688e-20
  35181.0507812   3.2805434e-20
  35255.3476562   3.2780515e-20
  35329.6484375   3.2340368e-20
  35403.9492188   3.2111798e-20
  35478.2500000   3.0377093e-20
  35552.5507812   3.1810849e-20
  35626.8476562   3.2450919e-20
  35701.1484375   3.2110528e-20
  35775.4492188   3.2102915e-20
  35849.7500000   3.1854328e-20
  35924.0507812   3.1679515e-20
  35998.3476562   3.1931227e-20
  36072.6484375   3.1765338e-20
  36146.9492188   3.1664215e-20
  36221.2500000   3.1451333e-20
  36295.5507812   3.1470674e-20
  36369.8476562   3.1099022e-20
  36444.1484375   3.1555654e-20
  36518.4492188   3.1323275e-20
  36592.7500000   3.1444841e-20
  36667.0507812   3.1258545e-20
  36741.3476562   3.1137149e-20
  36815.6484375   3.0987769e-20
  36889.9492188   3.1043617e-20
  36964.2500000   3.0977836e-20
  37038.5507812   3.0949412e-20
  37112.8476562   3.0761729e-20
  37242.8750000   3.0170741e-20
  37428.6250000   2.9581882e-20
  37614.3750000   3.0091609e-20
  37800.1250000   2.9820853e-20
  37985.8750000   2.9728535e-20
  38171.6250000   2.9624527e-20
  38357.3750000   2.9179174e-20
  38543.1250000   2.8912564e-20
  38728.8750000   2.8842683e-20
  38914.6250000   2.8527110e-20
  39100.3750000   2.8399104e-20
  39286.1250000   2.8079871e-20
  39471.8750000   2.7882268e-20
  39657.6250000   2.7387223e-20
  39843.3750000   2.7285296e-20
  40029.1250000   2.7026020e-20
  40214.8750000   2.6469692e-20
  40400.6250000   2.5998359e-20
  40586.3750000   2.5013181e-20
  40772.1250000   2.4806961e-20
  40957.8750000   2.4580842e-20
  41143.6250000   2.4334649e-20
  41329.3750000   2.4221945e-20
  41515.1250000   2.4089441e-20
  41700.8750000   2.3985772e-20
  41886.6250000   2.3774761e-20
  42072.3750000   2.3679932e-20
  42258.1250000   2.3584860e-20
  42443.8750000   2.3447603e-20
  42629.6250000   2.3547603e-20
  42815.3750000   2.3458831e-20
  43001.1250000   2.3245102e-20
  43186.8750000   2.2998547e-20
  43372.6250000   2.2918488e-20
  43558.3750000   2.2995718e-20
  43744.1250000   2.2747814e-20
  43929.8750000   2.2588130e-20
  44115.6250000   2.2269867e-20
  44301.3750000   2.2465254e-20
  44487.1250000   2.1897057e-20
  44672.8750000   2.2100917e-20
  44858.6250000   2.1869859e-20
  45044.3750000   2.1774596e-20
  45230.1250000   2.1738859e-20
  45415.8750000   2.1566169e-20
  45601.6250000   2.1410360e-20
  45787.3750000   2.1224240e-20
  45973.1250000   2.1127613e-20
  46158.8750000   2.0950759e-20
  46344.6250000   2.0843564e-20
  46530.3750000   2.0615780e-20
  46716.1250000   2.0528052e-20
  46901.8750000   2.0408585e-20
  47087.6250000   2.0208530e-20
  47273.3750000   2.0148976e-20
  47459.1250000   2.0038841e-20
  47644.8750000   1.9262479e-20
  47830.6250000   1.9686514e-20
  48016.3750000   1.9473171e-20
  48202.1250000   1.9554159e-20
  48387.8750000   1.9319921e-20
  48573.6250000   1.9350152e-20
  48759.3750000   1.9084803e-20
  48945.1250000   1.9012019e-20
  49130.8750000   1.8949167e-20
  49316.6250000   1.8701880e-20
  49502.3750000   1.8750650e-20
  49688.1250000   1.8563830e-20
  49873.8750000   1.8582018e-20
  50059.6250000   1.8455954e-20
  50245.3750000   1.8360314e-20
  50431.1250000   1.8121189e-20
  50616.8750000   1.8035282e-20
  50802.6250000   1.8021030e-20
  50988.3750000   1.7975974e-20
  51174.1250000   1.7879365e-20
  51359.8750000   1.7822684e-20
  51545.6250000   1.7632016e-20
  51731.3750000   1.7380302e-20
  51917.1250000   1.7333345e-20
  52102.8750000   1.7048868e-20
  52288.6250000   1.6939450e-20
  52474.3750000   1.6592140e-20
  52660.1250000   1.6502822e-20
  52845.8750000   1.6298479e-20
  53031.6250000   1.6125891e-20
  53217.3750000   1.6284886e-20
  53403.1250000   1.6287390e-20
  53588.8750000   1.5947141e-20
  53774.6250000   1.6127095e-20
  53960.3750000   1.5962977e-20
  54127.5468750   1.5995540e-20
  54313.2968750   1.5830051e-20
  54517.6250000   1.5771551e-20
  54703.3750000   1.5584747e-20
  54889.1250000   1.5628477e-20
  55074.8750000   1.5619968e-20
  55260.6250000   1.5558144e-20
  55446.3750000   1.5759019e-20
  55632.1250000   1.5623812e-20
  55817.8750000   1.5594264e-20
  56003.6250000   1.5490238e-20
  56189.3750000   1.5606665e-20
  56375.1250000   1.5628547e-20
  56560.8750000   1.5619009e-20
  56746.6250000   1.5609409e-20
  56932.3750000   1.5515499e-20
  57118.1250000   1.5611189e-20
  57303.8750000   1.5558350e-20
  57489.6250000   1.5579341e-20
  57675.3750000   1.5432316e-20
  57861.1250000   1.4745955e-20
  58046.8750000   1.4881929e-20
  58232.6250000   1.4903384e-20
  58418.3750000   1.5136765e-20
  58604.1250000   1.4223857e-20
  58789.8750000   1.4064586e-20
  58975.6250000   1.4105040e-20
  59161.3750000   1.4572068e-20
  59347.1250000   1.4070825e-20
  59625.7500000   1.4213053e-20
  59997.2500000   1.4432836e-20
  60368.7500000   1.4014887e-20
  60740.2500000   1.4384427e-20
  61111.7500000   1.3762187e-20
  61483.2500000   1.4035893e-20
  61854.7500000   1.3720787e-20
  62226.2500000   1.3651664e-20
  62597.7500000   1.3356678e-20
  62969.2500000   1.3382160e-20
  63340.7500000   1.3161546e-20
  63712.2500000   1.3014284e-20
  64083.7500000   1.2792654e-20
  64455.2500000   1.2471673e-20
  64826.7500000   1.2420455e-20
  65198.2500000   1.2249973e-20
  65569.7500000   1.2079123e-20
  65941.2500000   1.1864452e-20
  66312.7500000   1.1768807e-20
  66684.2500000   1.1573622e-20
  67055.7500000   1.1346785e-20
  67427.2500000   1.1150761e-20
  67798.7500000   1.0997995e-20
  68170.2500000   1.0822197e-20
  68541.7500000   1.0621745e-20
  68913.2500000   1.0494232e-20
  69284.7500000   1.0248145e-20
  69656.2500000   1.0035557e-20
  70027.7500000   9.9762320e-21
  70399.2500000   9.6771335e-21
  70770.7500000   9.7152032e-21
  71142.2500000   9.5309842e-21
  71513.7500000   9.4014004e-21
  71885.2500000   9.1812225e-21
  72256.7500000   8.9573054e-21
  72628.2500000   8.9285164e-21
  72999.7500000   8.7581374e-21
  73371.2500000   8.5841088e-21
  73742.7500000   8.4707083e-21
  74114.2500000   8.3493777e-21
  74485.7500000   8.2699660e-21
  74857.2500000   8.1516525e-21
  75228.7500000   7.9563740e-21
  75600.2500000   7.8352842e-21
  75971.7500000   7.7829828e-21
  76343.2500000   7.6371793e-21
  76714.7500000   7.5054718e-21
  77086.2500000   7.4083386e-21
  77457.7500000   7.2898232e-21
  77829.2500000   7.1675362e-21
  78200.7500000   7.1101618e-21
  78572.2500000   6.9810699e-21
  78943.7500000   6.8753063e-21
  79315.2500000   6.8161686e-21
  79686.7500000   6.7078927e-21
  80058.2500000   6.6027871e-21
  80429.7500000   6.4596590e-21
  80801.2500000   6.3913402e-21
  81172.7500000   6.3161658e-21
  81544.2500000   6.2408616e-21
  81915.7500000   6.1102471e-21
  82287.2500000   6.0767681e-21
  82658.7500000   5.9470017e-21
  83030.2500000   5.8734670e-21
  83401.7500000   5.7957234e-21
  83773.2500000   5.7231039e-21
  84144.7500000   5.6209483e-21
  84516.2500000   5.5854636e-21
  84887.7500000   5.4789750e-21
  85259.2500000   4.6226257e-21
  85630.7500000   4.9425059e-21
  86002.2500000   4.9114762e-21
  86373.7500000   4.2017168e-21
  86745.2500000   4.5537723e-21
  87116.7500000   4.2840960e-21
  87488.2500000   3.8541641e-21
  87859.7500000   4.2055567e-21
  88231.2500000   3.9589874e-21
  88602.7500000   3.6671247e-21
  88974.2500000   3.9449112e-21
  89345.7500000   3.8255799e-21
  89717.2500000   3.5574457e-21
  90088.7500000   3.7632231e-21
  90460.2500000   3.6332034e-21
  90831.7500000   3.5190170e-21
  91203.2500000   3.5498137e-21
  91574.7500000   3.5593053e-21
  91946.2500000   3.4838489e-21
  92317.7500000   3.1521305e-21
  92689.2500000   3.1425512e-21
  93060.7500000   3.2322763e-21
  93432.2500000   3.1368014e-21
  93803.7500000   3.2446786e-21
  94175.2500000   3.2758788e-21
  94546.7500000   3.2886504e-21
  94918.2500000   3.2968354e-21
  95289.7500000   3.3127136e-21
  95661.2500000   3.3347849e-21
  96032.7500000   3.2388982e-21
  96404.2500000   3.2397233e-21
  96775.7500000   3.2467312e-21
  97147.2500000   3.1772454e-21
  97518.7500000   3.1308419e-21
  97890.2500000   3.1408815e-21
  98261.7500000   3.1153015e-21
  98633.2500000   3.0664476e-21
  99004.7500000   3.0183067e-21
  99376.2500000   3.0344822e-21
  99747.7500000   3.0064132e-21
 100119.2500000   2.9328464e-21
 100490.7500000   2.9416441e-21
 100862.2500000   2.9076067e-21
 101233.7500000   2.8933778e-21
 101605.2500000   2.8203464e-21
 101976.7500000   2.8212384e-21
 102348.2500000   2.7952156e-21
 102719.7500000   2.7586045e-21
 103091.2500000   2.7063793e-21
 103462.7500000   2.7036705e-21
 103834.2500000   2.6880421e-21
 104205.7500000   2.6556207e-21
 104577.2500000   2.6093760e-21
 104948.7500000   2.5971656e-21
 105320.2500000   2.5814156e-21
 105691.7500000   2.5488361e-21
 106063.2500000   2.5173418e-21
 106434.7500000   2.4890664e-21
 106806.2500000   2.4560877e-21
 107177.7500000   2.4372404e-21
 107549.2500000   2.4101402e-21
 107920.7500000   2.3818759e-21
 108292.2500000   2.3594909e-21
 108663.7500000   2.3206136e-21
 109035.2500000   2.3088416e-21
 109406.7500000   2.2734930e-21
 109778.2500000   2.2464071e-21
 110149.7500000   2.2275542e-21
 110521.2500000   2.2016440e-21
 110892.7500000   2.1710139e-21
 111264.2500000   2.1451021e-21
 111635.7500000   2.1191826e-21
 112007.2500000   2.0991560e-21
 112378.7500000   2.0708885e-21
 112750.2500000   2.0355503e-21
 113121.7500000   2.0214121e-21
 113493.2500000   1.9990318e-21
 113864.7500000   1.9766478e-21
 114236.2500000   1.9566184e-21
 114607.7500000   1.9283472e-21
 114979.2500000   1.9071481e-21
 115350.7500000   1.8906522e-21
 115722.2500000   1.8612075e-21
 116093.7500000   1.8447121e-21
 116465.2500000   1.8235114e-21
 116836.7500000   1.8034807e-21
 117208.2500000   1.7811024e-21
 117579.7500000   1.7575425e-21
 117951.2500000   1.7422259e-21
 118322.7500000   1.7222030e-21
 118694.2500000   1.7033525e-21
 119251.5000000   1.6715527e-21
 119994.5000000   1.6350314e-21
 120737.5000000   1.5973356e-21
 121480.5000000   1.5608243e-21
 122223.5000000   1.5219490e-21
 122966.5000000   1.4924999e-21
 123709.5000000   1.4595124e-21
 124452.5000000   1.4300650e-21
 125195.5000000   1.3982611e-21
 125938.5000000   1.3676328e-21
 126681.5000000   1.3370059e-21
 127424.5000000   1.3110892e-21
 128167.5000000   1.2851726e-21
 128910.5000000   1.2580818e-21
 129653.5000000   1.2333430e-21
 130396.5000000   1.2086074e-21
 131139.5000000   1.1815106e-21
 131882.5000000   1.1597179e-21
 132625.5000000   1.1356906e-21
 133368.5000000   1.1128354e-21
 134111.5000000   1.0923381e-21
 134854.5000000   1.0714889e-21
 135597.5000000   1.0473420e-21
 136340.5000000   1.0273155e-21
 137083.5000000   1.0025777e-21
 137826.5000000   9.8231494e-22
 138569.5000000   9.6594268e-22
 139312.5000000   9.4132164e-22
 140055.5000000   9.3036847e-22
 140798.5000000   9.1210981e-22
 141541.5000000   8.9585246e-22
 142284.5000000   8.8089030e-22
 143027.5000000   8.6522375e-22
 143770.5000000   8.4684761e-22
 144513.5000000   8.3165130e-22
 145256.5000000   8.1645513e-22
 145999.5000000   8.0314699e-22
 146742.5000000   7.8547509e-22
 147485.5000000   7.7169181e-22
 148228.5000000   7.5461258e-22
 148971.5000000   7.4271353e-22
 149714.5000000   7.3034752e-22
 150457.5000000   7.1526940e-22
 151200.5000000   7.0431233e-22
 151943.5000000   6.9206270e-22
 152686.5000000   6.8039957e-22
 153429.5000000   6.6909157e-22
 154172.5000000   6.5648792e-22
 154915.5000000   6.4376538e-22
 155658.5000000   6.3351685e-22
 156401.5000000   6.2185357e-22
 157144.5000000   6.1349049e-22
 157887.5000000   6.0147436e-22
 158630.5000000   5.9228651e-22
 159373.5000000   5.6542995e-22
 160116.5000000   5.4234089e-22
 160859.5000000   5.4222421e-22
 161602.5000000   5.1948917e-22
 162345.5000000   5.0688415e-22
 163088.5000000   4.9581157e-22
 163831.5000000   4.7460765e-22
 164574.5000000   4.7083742e-22
 165317.5000000   4.6023680e-22
 166060.5000000   4.4468703e-22
 166803.5000000   4.4539263e-22
 167546.5000000   4.3384937e-22
 168289.5000000   4.2218791e-22
 169032.5000000   4.2089198e-22
 169775.5000000   4.1370610e-22
 170518.5000000   4.0074793e-22
 171261.5000000   4.0169065e-22
 172004.5000000   3.9261925e-22
 172747.5000000   3.8673046e-22
 173490.5000000   3.8307916e-22
 174233.5000000   3.7660005e-22
 174976.5000000   3.6964889e-22
 175719.5000000   3.6894338e-22
 176462.5000000   3.6140427e-22
 177205.5000000   3.5657359e-22
 177948.5000000   3.5127327e-22
 178691.5000000   3.4408767e-22
 179434.5000000   3.4396981e-22
 180177.5000000   3.3749050e-22
 180920.5000000   3.3113028e-22
 181663.5000000   3.2747853e-22
 182406.5000000   3.2217743e-22
 183149.5000000   3.1781802e-22
 183892.5000000   3.1240015e-22
 184635.5000000   3.1063255e-22
 185378.5000000   3.0497802e-22
 186121.5000000   3.0203356e-22
 186864.5000000   2.9791008e-22
 187607.5000000   2.9178531e-22
 188350.5000000   2.8895808e-22
 189093.5000000   2.8507068e-22
 189836.5000000   2.8047703e-22
 190579.5000000   2.7635398e-22
 191322.5000000   2.7270205e-22
 192065.5000000   2.7152368e-22
 192808.5000000   2.6681182e-22
 193551.5000000   2.6304207e-22
 194294.5000000   2.5939054e-22
 195037.5000000   2.5691667e-22
 195780.5000000   2.5573914e-22
 196523.5000000   2.4984964e-22
 197266.5000000   2.4596176e-22
 198009.5000000   2.4407755e-22
 198752.5000000   2.4089654e-22
 199495.5000000   2.3783323e-22
 200238.5000000   2.3512465e-22
 200981.5000000   2.3229689e-22
 201724.5000000   2.2841014e-22
 202467.5000000   2.2699610e-22
 203210.5000000   2.2287380e-22
 203953.5000000   2.2110625e-22
 204696.5000000   2.1721872e-22
 205439.5000000   2.1757294e-22
 206182.5000000   2.1238973e-22
 206925.5000000   2.1121118e-22
 207668.5000000   2.0779491e-22
 208411.5000000   2.0649944e-22
 209154.5000000   2.0249397e-22
 209897.5000000   2.0131638e-22
 210640.5000000   1.9860719e-22
 211383.5000000   1.9495505e-22
 212126.5000000   1.9401294e-22
 212869.5000000   1.9177476e-22
 213612.5000000   1.8930120e-22
 214355.5000000   1.8694489e-22
 215098.5000000   1.8529618e-22
 215841.5000000   1.8270465e-22
 216584.5000000   1.8070167e-22
 217327.5000000   1.7858176e-22
 218070.5000000   1.7575423e-22
 218813.5000000   1.7386945e-22
 219556.5000000   1.7151378e-22
 220299.5000000   1.7021783e-22
 221042.5000000   1.6774434e-22
 221785.5000000   1.6644835e-22
 222528.5000000   1.6444582e-22
 223271.5000000   1.6256088e-22
 224014.5000000   1.6055858e-22
 224757.5000000   1.5831998e-22
 225500.5000000   1.5655338e-22
 226243.5000000   1.5455038e-22
 226986.5000000   1.5266619e-22
 227729.5000000   1.5125269e-22
 228472.5000000   1.4972071e-22
 229215.5000000   1.4830712e-22
 229958.5000000   1.4642249e-22
 230701.5000000   1.4500883e-22
 231444.5000000   1.4288848e-22
 232187.5000000   1.4100395e-22
 232930.5000000   1.3947284e-22
 233673.5000000   1.3794138e-22
 234416.5000000   1.3640997e-22
 235159.5000000   1.3523188e-22
 235902.5000000   1.3346474e-22
 236645.5000000   1.3240452e-22
 237388.5000000   1.3052005e-22
 238503.0000000   1.2839936e-22
 239989.0000000   1.2545451e-22
 241475.0000000   1.2274529e-22
 242961.0000000   1.1991803e-22
 244447.0000000   1.1744437e-22
 245933.0000000   1.1477044e-22
 247419.0000000   1.1230822e-22
 248905.0000000   1.0990559e-22
 250391.0000000   1.0740802e-22
 251877.0000000   1.0512268e-22
 253363.0000000   1.0283763e-22
 254849.0000000   1.0072913e-22
 256335.0000000   9.8479010e-23
 257821.0000000   9.6417527e-23
 259307.0000000   9.4367694e-23
 260793.0000000   9.2353328e-23
 262279.0000000   9.0468525e-23
 263765.0000000   8.8537009e-23
 265251.0000000   8.6734663e-23
 266737.0000000   8.4908583e-23
 268223.0000000   8.3165137e-23
 269709.0000000   8.1433512e-23
 271195.0000000   7.9784540e-23
 272681.0000000   7.8135322e-23
 274167.0000000   7.6568600e-23
 275653.0000000   7.4943061e-23
 277139.0000000   7.3341074e-23
 278625.0000000   7.1868592e-23
 280111.0000000   7.0525642e-23
 281597.0000000   6.9182571e-23
 283083.0000000   6.7816207e-23
 284569.0000000   6.6485014e-23
 286055.0000000   6.5165635e-23
 287541.0000000   6.3905262e-23
 289027.0000000   6.2656609e-23
 290513.0000000   6.1443423e-23
 291999.0000000   6.0265370e-23
 293485.0000000   5.9110938e-23
 294971.0000000   5.7980147e-23
 296457.0000000   5.6884476e-23
 297943.0000000   5.5777168e-23
 299429.0000000   5.4728904e-23
 300915.0000000   5.3715906e-23
 302401.0000000   5.2702671e-23
 303887.0000000   5.1736717e-23
 305373.0000000   5.0782671e-23
 306859.0000000   4.9840305e-23
 308345.0000000   4.8933260e-23
 309831.0000000   4.8026268e-23
 311317.0000000   4.7154517e-23
 312803.0000000   4.6318110e-23
 314289.0000000   4.5481757e-23
 315775.0000000   4.4657176e-23
 317261.0000000   4.3867955e-23
 318747.0000000   4.3090416e-23
 320233.0000000   4.2324798e-23
 321719.0000000   4.1582644e-23
 323205.0000000   4.0864090e-23
 324691.0000000   4.0145431e-23
 326177.0000000   3.9438719e-23
 327663.0000000   3.8755512e-23
 329149.0000000   3.8083970e-23
 330635.0000000   3.7424394e-23
 332121.0000000   3.6799992e-23
 333607.0000000   3.6152173e-23
 335093.0000000   3.5563206e-23
 336579.0000000   3.4962334e-23
 338065.0000000   3.4349882e-23
 339551.0000000   3.3796215e-23
 341037.0000000   3.3242564e-23
 342523.0000000   3.2688938e-23
 344009.0000000   3.2147076e-23
 345495.0000000   3.1628775e-23
 346981.0000000   3.1098607e-23
 348467.0000000   3.0592105e-23
 349953.0000000   3.0097293e-23
 351439.0000000   2.9602548e-23
 352925.0000000   2.9131412e-23
 354411.0000000   2.8660222e-23
 355897.0000000   2.8212632e-23
 357383.0000000   2.7753133e-23
 358869.0000000   2.7317310e-23
 360355.0000000   2.6881483e-23
 361841.0000000   2.6445640e-23
 363327.0000000   2.6045103e-23
 364813.0000000   2.5632836e-23
 366299.0000000   2.5244054e-23
 367785.0000000   2.4855380e-23
 369271.0000000   2.4466567e-23
 370757.0000000   2.4089655e-23
 372243.0000000   2.3724485e-23
 743000.0000000   1.5973357e-24
1486000.0000000   1.0276675e-25
2229000.0000000   2.0426159e-26
2972000.0000000   6.4741730e-27
3715000.0000000   2.6516234e-27
4458000.0000000   1.2781085e-27
5201000.0000000   6.8899970e-28
5944000.0000000   4.0345693e-28
