    389.2070007   4.3923093e-24
    402.0379944   5.0266323e-24
    410.5919800   5.3752485e-24
    419.1459961   3.0116463e-23
    427.6999817   8.3343199e-23
    436.2539978   9.0440726e-23
    444.8079834   8.5880302e-23
    453.3619995   8.7297588e-23
    461.9159851   8.9080710e-23
    470.4700012   1.0176697e-22
    487.5780029   1.0558445e-22
    504.6860046   1.0253278e-22
    517.5169678   1.2995207e-22
    534.6250000   1.3486651e-22
    543.1790161   1.3772406e-22
    547.4559937   1.3989552e-22
    560.2869873   1.3498088e-22
    564.5639648   1.3966714e-22
    573.1179810   1.3338096e-22
    585.9489746   1.4835337e-22
    598.7799683   1.4869648e-22
    611.6110229   1.8789889e-22
    628.7189941   2.3373063e-22
    645.8269653   2.0927218e-22
    662.9349976   2.3613053e-22
    680.0429688   2.3715943e-22
    692.8739624   2.3750234e-22
    709.9819946   2.3898815e-22
    727.0899658   2.3875944e-22
    739.9210205   1.9624276e-22
    757.0289917   2.4058887e-22
    769.8599854   2.4093145e-22
    778.4140015   2.4093145e-22
    795.5219727   2.4127453e-22
    816.9069824   2.4161704e-22
    829.7379761   2.4298872e-22
    846.8460083   2.4241741e-22
    863.9539795   2.4321723e-22
    876.7849731   2.4298872e-22
    898.1699829   2.3555980e-22
    923.8319702   2.3465219e-22
    940.9400024   2.2515037e-22
    953.7709961   2.1517917e-22
    970.8789673   2.0925196e-22
    983.7099609   2.5354053e-22
   1000.8179932   3.6355658e-22
   1026.4799805   3.7153362e-22
   1052.1419678   3.2584020e-22
   1077.8039551   3.1643917e-22
   1099.1889648   2.7709288e-22
   1112.0200195   2.8230977e-22
   1129.1279297   3.4043804e-22
   1150.5129395   3.3241690e-22
   1171.8979492   3.2133947e-22
   1193.2829590   2.6438326e-22
   1214.6679688   2.9846667e-22
   1240.3299561   2.9104045e-22
   1265.9919434   2.5314887e-22
   1287.3769531   2.2083842e-22
   1317.3160400   2.2263609e-22
   1360.0859375   1.9985844e-22
   1402.8559570   1.8861407e-22
   1445.6259766   1.6313519e-22
   1488.3959961   1.4143127e-22
   1526.8890381   1.7552283e-22
   1565.3819580   2.4728750e-22
   1603.8750000   2.2579105e-22
   1646.6450195   1.6525887e-22
   1689.4150391   2.2686256e-22
   1732.1849365   2.6006353e-22
   1770.6779785   2.4146111e-22
   1804.8939209   2.0646407e-22
   1839.1099854   1.8614284e-22
   1886.1569824   2.0146764e-22
   1928.9270020   1.9213138e-22
   1967.4199219   1.5937130e-22
   2010.1899414   1.5275270e-22
   2052.9599609   1.6197651e-22
   2095.7299805   1.2960838e-22
   2138.5000000   1.5195445e-22
   2164.1618652   1.2692926e-22
   2189.8239746   1.9447618e-22
   2224.0400391   1.7819475e-22
   2266.8100586   1.5741381e-22
   2309.5800781   1.2430825e-22
   2352.3498535   1.1629719e-22
   2395.1198730   1.4812161e-22
   2437.8898926   1.6129361e-22
   2480.6599121   1.5371506e-22
   2523.4299316   1.5318266e-22
   2566.1999512   1.2630755e-22
   2608.9699707   1.2106793e-22
   2651.7399902   1.5268967e-22
   2694.5100098   1.4318373e-22
   2737.2800293   1.5825880e-22
   2780.0500488   1.5321159e-22
   2814.2658691   1.4174530e-22
   2844.2050781   1.6202347e-22
   2886.9748535   1.7405204e-22
   2929.7448730   1.5281712e-22
   2972.5148926   1.8345483e-22
   3015.2849121   1.5367186e-22
   3062.3320312   2.0712251e-22
   3105.1020508   2.2058154e-22
   3143.5949707   2.3331219e-22
   3186.3649902   2.4047055e-22
   3229.1350098   2.5652770e-22
   3271.9050293   2.4906192e-22
   3314.6750488   3.0320845e-22
   3357.4450684   3.0503964e-22
   3400.2148438   3.6381056e-22
   3442.9848633   4.2586771e-22
   3485.7548828   5.0563015e-22
   3528.5249023   6.1201036e-22
   3571.2949219   5.8350807e-22
   3614.0649414   8.7242786e-22
   3656.8349609   1.0479265e-21
   3699.6049805   1.3404336e-21
   3742.3750000   1.6765964e-21
   3785.1450195   2.1119078e-21
   3827.9150391   2.6880775e-21
   3870.6850586   3.3805864e-21
   3913.4548340   4.2737975e-21
   3956.2248535   1.6386114e-20
   3998.9948730   3.1432828e-20
   4041.7648926   4.7392444e-20
   4084.5349121   6.3844947e-20
   4127.3051758   6.9741749e-20
   4170.0751953   3.4112050e-20
   4212.8447266   6.7962012e-20
   4255.6147461   6.7302607e-20
   4298.3847656   8.5644516e-20
   4341.1547852   9.0213016e-20
   4383.9248047   6.5685715e-20
   4426.6948242   1.0840417e-19
   4469.4648438   1.4879119e-19
   4512.2348633   1.4505597e-19
   4555.0048828   1.2463678e-19
   4597.7749023   1.3847006e-19
   4640.5449219   1.2352457e-19
   4683.3149414   1.4554671e-19
   4726.0849609   1.3930387e-19
   4768.8549805   1.3726995e-19
   4811.6250000   1.2120413e-19
   4854.3950195   1.4562150e-19
   4897.1650391   1.3969966e-19
   4939.9350586   1.4101015e-19
   4982.7050781   1.3944282e-19
   5025.4750977   9.4511208e-20
   5068.2451172   1.3520159e-19
   5111.0151367   1.1996175e-19
   5153.7851562   1.0228315e-19
   5196.5551758   8.5017546e-20
   5239.3247070   2.0534725e-19
   5282.0947266   2.4285325e-19
   5324.8647461   2.4961054e-19
   5367.6347656   2.4600605e-19
   5410.4047852   2.4463130e-19
   5453.1748047   2.7897948e-19
   5495.9448242   2.8615194e-19
   5538.7148438   2.5022849e-19
   5581.4848633   2.5758779e-19
   5624.2548828   2.9348565e-19
   5667.0249023   2.8333575e-19
   5709.7949219   2.7166563e-19
   5752.5649414   2.9416184e-19
   5795.3349609   2.9115039e-19
   5838.1049805   2.7526500e-19
   5880.8750000   2.7526260e-19
   5923.6450195   2.7473842e-19
   5966.4150391   2.0697248e-19
   6009.1850586   2.0481045e-19
   6051.9550781   2.6573009e-19
   6094.7250977   2.6018806e-19
   6137.4951172   2.7432127e-19
   6167.4340820   2.7912041e-19
   6188.8188477   2.7929329e-19
   6223.0351562   2.7271641e-19
   6265.8046875   2.6146644e-19
   6308.5747070   2.6867085e-19
   6351.3447266   2.7311314e-19
   6394.1147461   2.7266130e-19
   6436.8847656   2.5944636e-19
   6466.8237305   2.4029426e-19
   6488.2089844   2.4842178e-19
   6522.4248047   2.4929285e-19
   6565.1948242   2.1647778e-19
   6607.9648438   1.9485576e-19
   6650.7348633   1.9547031e-19
   6693.5048828   2.1869477e-19
   6736.2749023   2.3218880e-19
   6779.0449219   2.3650208e-19
   6821.8149414   2.3758269e-19
   6864.5849609   2.3468107e-19
   6907.3549805   2.3193503e-19
   6950.1250000   2.3018454e-19
   6992.8950195   2.4239931e-19
   7035.6650391   2.4370478e-19
   7078.4350586   2.4166053e-19
   7121.2050781   2.4981123e-19
   7151.1440430   2.3471405e-19
   7172.5288086   2.6089178e-19
   7206.7451172   2.5794438e-19
   7249.5151367   2.4737115e-19
   7292.2851562   2.4258248e-19
   7335.0546875   2.3047790e-19
   7377.8247070   2.2723050e-19
   7420.5947266   2.3876258e-19
   7463.3647461   2.3457387e-19
   7506.1347656   2.3903958e-19
   7548.9047852   2.3305718e-19
   7591.6748047   2.2721354e-19
   7634.4448242   2.3380764e-19
   7677.2148438   2.3939889e-19
   7719.9848633   2.4187079e-19
   7762.7548828   2.2395116e-19
   7805.5249023   2.2997335e-19
   7848.2949219   2.2567209e-19
   7891.0649414   2.1124550e-19
   7933.8349609   2.1132346e-19
   7976.6049805   2.1443296e-19
   8019.3750000   2.2300893e-19
   8062.1450195   2.0475649e-19
   8104.9150391   1.9539478e-19
   8147.6850586   2.0871137e-19
   8190.4550781   1.9793407e-19
   8233.2246094   1.8977735e-19
   8275.9951172   2.0114759e-19
   8318.7646484   2.0466929e-19
   8361.5351562   1.8773144e-19
   8412.8593750   2.0238372e-19
   8451.3515625   2.0845854e-19
   8485.5683594   1.9792974e-19
   8532.6152344   1.9411522e-19
   8575.3847656   2.0073193e-19
   8618.1552734   1.9755891e-19
   8660.9248047   2.0378043e-19
   8703.6953125   1.9030399e-19
   8746.4648438   1.9352277e-19
   8789.2353516   1.7345149e-19
   8832.0048828   1.8142132e-19
   8870.4980469   1.9933948e-19
   8887.6054688   1.8487350e-19
   8917.5449219   1.9201244e-19
   8960.3144531   1.8303716e-19
   9003.0849609   1.8723658e-19
   9045.8544922   1.8914829e-19
   9088.6250000   1.8973984e-19
   9131.3945312   1.8567824e-19
   9174.1650391   1.8090494e-19
   9216.9345703   1.8702537e-19
   9259.7050781   1.8401888e-19
   9302.4746094   1.8385975e-19
   9345.2451172   1.7891304e-19
   9388.0146484   1.8351850e-19
   9430.7851562   1.8204307e-19
   9473.5546875   1.7796403e-19
   9516.3251953   1.7518321e-19
   9559.0947266   1.7701770e-19
   9601.8652344   1.7615994e-19
   9644.6347656   1.7193690e-19
   9687.4052734   1.7526940e-19
   9730.1748047   1.7583532e-19
   9772.9453125   1.7615530e-19
   9815.7148438   1.6681206e-19
   9858.4853516   1.7066545e-19
   9901.2548828   1.6684577e-19
   9944.0244141   1.4700046e-19
   9986.7949219   1.6172914e-19
  10029.5644531   1.6180729e-19
  10072.3349609   1.6251521e-19
  10115.1044922   1.5924116e-19
  10157.8750000   1.5775846e-19
  10200.6445312   1.5341022e-19
  10243.4150391   1.5597279e-19
  10286.1845703   1.5256968e-19
  10328.9550781   1.5268162e-19
  10371.7246094   1.5365365e-19
  10414.4951172   1.4923491e-19
  10457.2646484   1.5124340e-19
  10500.0351562   1.4994905e-19
  10542.8046875   1.4819838e-19
  10585.5751953   1.4575075e-19
  10628.3447266   1.4511651e-19
  10671.1152344   1.2470468e-19
  10713.8847656   1.4234044e-19
  10748.1005859   1.3579488e-19
  10769.4863281   1.4120537e-19
  10799.4248047   1.3935712e-19
  10842.1953125   1.3911190e-19
  10884.9648438   1.3607607e-19
  10927.7353516   1.3807776e-19
  10970.5048828   1.3687925e-19
  11013.2744141   1.3836550e-19
  11056.0449219   1.3725790e-19
  11098.8144531   1.3601991e-19
  11141.5849609   1.3444368e-19
  11184.3544922   1.3291548e-19
  11227.1250000   1.3317842e-19
  11269.8945312   1.3304162e-19
  11312.6650391   1.3409576e-19
  11355.4345703   1.3373229e-19
  11398.2050781   1.2922303e-19
  11440.9746094   1.3009655e-19
  11483.7451172   1.2988190e-19
  11526.5146484   1.2671593e-19
  11569.2851562   1.2608254e-19
  11612.0546875   1.2491956e-19
  11654.8251953   1.2480933e-19
  11697.5947266   1.2470194e-19
  11740.3652344   1.2107644e-19
  11783.1347656   1.2069047e-19
  11825.9052734   1.2054480e-19
  11868.6748047   1.2184886e-19
  11911.4453125   1.2018587e-19
  11954.2148438   1.1364939e-19
  11996.9843750   1.1586285e-19
  12039.7548828   1.1812148e-19
  12082.5244141   1.1696309e-19
  12125.2949219   1.1291903e-19
  12168.0644531   1.1298203e-19
  12210.8349609   1.1195857e-19
  12253.6044922   1.1267629e-19
  12296.3750000   1.1130505e-19
  12339.1445312   1.1067138e-19
  12381.9150391   1.0942541e-19
  12446.0703125   1.0915325e-19
  12531.6093750   1.0782583e-19
  12617.1494141   1.0577753e-19
  12702.6894531   1.0516748e-19
  12788.2294922   1.0378774e-19
  12873.7695312   1.0215342e-19
  12959.3095703   1.0179022e-19
  13044.8496094   1.0075258e-19
  13130.3896484   9.9621781e-20
  13215.9296875   9.7804472e-20
  13301.4697266   9.6967036e-20
  13387.0097656   9.5267580e-20
  13472.5498047   9.4315489e-20
  13558.0898438   9.2486864e-20
  13643.6298828   9.0460982e-20
  13729.1699219   8.9569908e-20
  13814.7099609   8.8089423e-20
  13900.2500000   8.7097304e-20
  13985.7900391   8.5494564e-20
  14071.3300781   8.4212634e-20
  14156.8701172   8.2940450e-20
  14242.4101562   8.1308080e-20
  14327.9501953   7.9729548e-20
  14413.4902344   7.8392430e-20
  14499.0302734   7.7273300e-20
  14584.5703125   7.6120650e-20
  14670.1093750   7.4307567e-20
  14755.6494141   7.3097001e-20
  14841.1894531   7.2214406e-20
  14926.7294922   7.1081323e-20
  15012.2695312   7.0149084e-20
  15097.8095703   6.9123955e-20
  15183.3496094   6.8148212e-20
  15268.8896484   6.6928263e-20
  15354.4296875   6.5429179e-20
  15439.9697266   6.4523442e-20
  15525.5097656   6.3777409e-20
  15568.2802734   6.3441897e-20
  15611.0498047   6.3267155e-20
  15696.5898438   6.2129129e-20
  15782.1298828   5.9706336e-20
  15867.6699219   6.0716731e-20
  15953.2099609   6.0106239e-20
  16038.7500000   6.5514288e-20
  16124.2900391   6.5531555e-20
  16209.8300781   6.9282600e-20
  16295.3701172   7.2980885e-20
  16380.9101562   6.4309286e-20
  16466.4492188   7.3725374e-20
  16551.9902344   7.4463729e-20
  16637.5292969   6.1000583e-20
  16723.0703125   7.4114620e-20
  16808.6093750   7.0779460e-20
  16894.1503906   7.1423976e-20
  16979.6894531   5.6515190e-20
  17065.2304688   7.0476105e-20
  17150.7695312   7.1399826e-20
  17236.3105469   6.9433082e-20
  17321.8496094   7.0005051e-20
  17407.3906250   6.7771547e-20
  17492.9296875   6.3742402e-20
  17578.4707031   5.6525368e-20
  17664.0097656   6.5096406e-20
  17749.5488281   6.5429747e-20
  17835.0898438   6.5015265e-20
  17920.6289062   6.4619576e-20
  18006.1699219   6.4192182e-20
  18091.7089844   6.3306905e-20
  18177.2500000   6.2554603e-20
  18262.7890625   6.0917587e-20
  18348.3300781   6.0737262e-20
  18433.8691406   5.8850346e-20
  18519.4101562   5.4785658e-20
  18604.9492188   5.0409579e-20
  18690.4902344   5.7933313e-20
  18776.0292969   5.7035577e-20
  18861.5703125   5.7046847e-20
  18947.1093750   5.6856007e-20
  19032.6503906   5.6542745e-20
  19118.1894531   5.5067171e-20
  19203.7304688   5.5469375e-20
  19289.2695312   5.5842369e-20
  19374.8105469   5.4432142e-20
  19460.3496094   5.3832572e-20
  19545.8906250   5.4079488e-20
  19631.4296875   5.2999775e-20
  19716.9707031   5.2651771e-20
  19802.5097656   5.1677450e-20
  19888.0488281   5.0994764e-20
  19973.5898438   5.1106869e-20
  20059.1289062   5.0445238e-20
  20144.6699219   4.9181458e-20
  20230.2089844   4.9614704e-20
  20315.7500000   4.9388822e-20
  20401.2890625   4.9190534e-20
  20486.8300781   4.8478710e-20
  20572.3691406   4.7671546e-20
  20657.9101562   4.7162591e-20
  20743.4492188   4.3744830e-20
  20828.9902344   3.9101206e-20
  20914.5292969   4.5552323e-20
  21000.0703125   4.5455798e-20
  21085.6093750   4.4411909e-20
  21171.1503906   4.4829312e-20
  21256.6894531   4.4268002e-20
  21342.2304688   4.3243788e-20
  21427.7695312   4.1693092e-20
  21513.3105469   4.2411692e-20
  21598.8496094   4.1776673e-20
  21684.3906250   4.2217864e-20
  21769.9296875   4.1393149e-20
  21855.4707031   4.1152248e-20
  21941.0097656   4.0321068e-20
  22026.5488281   3.9672199e-20
  22112.0898438   3.8834227e-20
  22197.6289062   3.8709245e-20
  22283.1699219   3.8520997e-20
  22368.7089844   3.8612801e-20
  22454.2500000   3.8672710e-20
  22539.7890625   3.7509303e-20
  22625.3300781   3.8257478e-20
  22710.8691406   3.8189656e-20
  22796.4101562   3.7112431e-20
  22881.9492188   3.7451688e-20
  22967.4902344   3.7222287e-20
  23053.0292969   3.6580363e-20
  23138.5703125   3.6157893e-20
  23224.1093750   3.5923947e-20
  23309.6503906   3.5847979e-20
  23395.1894531   3.5166382e-20
  23480.7304688   3.4896831e-20
  23566.2695312   3.4625696e-20
  23651.8105469   3.4641519e-20
  23737.3496094   3.4592412e-20
  23822.8906250   3.4222491e-20
  23908.4296875   3.3658461e-20
  23993.9687500   3.3671027e-20
  24079.5097656   3.3168337e-20
  24165.0488281   3.2953880e-20
  24250.5898438   3.2544833e-20
  24336.1289062   3.2651203e-20
  24421.6699219   3.2239969e-20
  24507.2089844   3.2766269e-20
  24592.7500000   3.2016323e-20
  24678.2890625   3.2023493e-20
  24763.8300781   3.1413095e-20
  24849.3691406   3.1617247e-20
  24934.9101562   3.1675205e-20
  25020.4492188   3.1116370e-20
  25105.9902344   3.0428501e-20
  25191.5292969   2.9627648e-20
  25277.0703125   3.0186118e-20
  25362.6093750   3.0037868e-20
  25448.1503906   2.9764198e-20
  25533.6894531   2.9880504e-20
  25619.2304688   2.9414762e-20
  25704.7695312   2.9237410e-20
  25790.3105469   2.9375646e-20
  25875.8496094   2.9378741e-20
  25961.3906250   2.9292291e-20
  26046.9296875   2.8706075e-20
  26132.4687500   2.8588441e-20
  26218.0097656   2.7873822e-20
  26303.5488281   2.7678155e-20
  26389.0898438   2.7133175e-20
  26474.6289062   2.7284937e-20
  26560.1699219   2.6950874e-20
  26645.7089844   2.6372802e-20
  26731.2500000   2.5833098e-20
  26816.7890625   2.6333915e-20
  26902.3300781   2.6527881e-20
  26987.8691406   2.6163531e-20
  27073.4101562   2.6333915e-20
  27158.9492188   2.6078753e-20
  27244.4902344   2.5953755e-20
  27330.0292969   2.6090207e-20
  27415.5703125   2.5860454e-20
  27501.1093750   2.5818239e-20
  27586.6503906   2.5688396e-20
  27672.1894531   2.5608644e-20
  27757.7304688   2.5143807e-20
  27843.2695312   2.5323113e-20
  27928.8105469   2.5079951e-20
  28014.3496094   2.4220033e-20
  28099.8906250   2.2060962e-20
  28185.4296875   2.4488928e-20
  28270.9687500   2.4677759e-20
  28356.5097656   2.4452388e-20
  28442.0488281   2.4205995e-20
  28527.5898438   2.3703865e-20
  28613.1289062   2.3752218e-20
  28698.6699219   2.3275749e-20
  28784.2089844   2.3388466e-20
  28869.7500000   2.3067637e-20
  28955.2890625   2.3094603e-20
  29040.8300781   2.2827377e-20
  29126.3691406   2.2888212e-20
  29211.9101562   2.2918188e-20
  29297.4492188   2.2659968e-20
  29382.9902344   2.2775305e-20
  29468.5292969   2.2935505e-20
  29554.0703125   2.2854963e-20
  29639.6093750   2.2629734e-20
  29725.1503906   2.2403872e-20
  29810.6894531   2.2501691e-20
  29896.2304688   2.2344224e-20
  29981.7695312   2.2103440e-20
  30067.3105469   2.2117910e-20
  30152.8496094   2.1917840e-20
  30238.3906250   2.1218929e-20
  30323.9296875   2.0813195e-20
  30409.4687500   2.0146675e-20
  30495.0097656   1.9815588e-20
  30580.5488281   1.9890222e-20
  30666.0898438   1.9968208e-20
  30751.6289062   1.9851562e-20
  30837.1699219   2.0190521e-20
  30922.7089844   2.0307016e-20
  31008.2500000   2.0447969e-20
  31093.7890625   2.0442585e-20
  31179.3300781   2.0259004e-20
  31264.8691406   2.0571101e-20
  31350.4101562   2.0551506e-20
  31435.9492188   2.0601754e-20
  31521.4902344   2.0865545e-20
  31607.0292969   2.0593519e-20
  31692.5703125   2.0527962e-20
  31778.1093750   2.0570920e-20
  31863.6503906   2.0543654e-20
  31949.1894531   2.0484554e-20
  32034.7304688   2.0365607e-20
  32120.2695312   2.0460997e-20
  32205.8105469   2.0556472e-20
  32291.3496094   2.0553312e-20
  32376.8886719   2.0401954e-20
  32462.4296875   2.0147914e-20
  32547.9687500   1.9960579e-20
  32633.5097656   1.9797668e-20
  32719.0488281   1.9595510e-20
  32804.5898438   1.9134655e-20
  32890.1289062   1.9296348e-20
  32975.6679688   1.9043609e-20
  33061.2109375   1.8989073e-20
  33146.7500000   1.8895317e-20
  33232.2890625   1.8911423e-20
  33317.8281250   1.8991492e-20
  33403.3710938   1.8954244e-20
  33488.9101562   1.8898969e-20
  33574.4492188   1.8640790e-20
  33659.9882812   1.8620824e-20
  33745.5312500   1.8148029e-20
  33831.0703125   1.7888634e-20
  33916.6093750   1.7950018e-20
  34002.1484375   1.7793589e-20
  34087.6914062   1.8097886e-20
  34173.2304688   1.8037817e-20
  34258.7695312   1.8152892e-20
  34344.3085938   1.8110528e-20
  34429.8476562   1.7999990e-20
  34515.3906250   1.7853393e-20
  34600.9296875   1.7577354e-20
  34686.4687500   1.7473294e-20
  34772.0078125   1.7656350e-20
  34857.5507812   1.7623889e-20
  34943.0898438   1.7645341e-20
  35028.6289062   1.7440097e-20
  35114.1679688   1.7324518e-20
  35199.7109375   1.7406887e-20
  35285.2500000   1.7402835e-20
  35370.7890625   1.7438334e-20
  35456.3281250   1.7293427e-20
  35541.8710938   1.6862923e-20
  35627.4101562   1.6858333e-20
  35712.9492188   1.6803042e-20
  35798.4882812   1.6834434e-20
  35884.0312500   1.6616058e-20
  35969.5703125   1.6871814e-20
  36055.1093750   1.6602491e-20
  36140.6484375   1.6474074e-20
  36226.1914062   1.6370937e-20
  36311.7304688   1.6630587e-20
  36397.2695312   1.5880884e-20
  36482.8085938   1.6558290e-20
  36568.3476562   1.5404080e-20
  36653.8906250   1.6871294e-20
  36739.4296875   1.6320039e-20
  36824.9687500   1.6325345e-20
  36910.5078125   1.6939081e-20
  36996.0507812   1.6674833e-20
  37081.5898438   1.5188374e-20
  37167.1289062   1.6473858e-20
  37252.6679688   1.6847822e-20
  37338.2109375   1.6688828e-20
  37423.7500000   1.5769197e-20
  37509.2890625   1.6545569e-20
  37594.8281250   1.6766479e-20
  37680.3710938   1.6530025e-20
  37765.9101562   1.6542299e-20
  37851.4492188   1.6276019e-20
  37936.9882812   1.5481398e-20
  38022.5312500   1.6395544e-20
  38108.0703125   1.6591191e-20
  38193.6093750   1.6320542e-20
  38279.1484375   1.6317890e-20
  38364.6914062   1.6282024e-20
  38450.2304688   1.6113714e-20
  38535.7695312   1.5176039e-20
  38621.3085938   1.5735920e-20
  38706.8476562   1.6329432e-20
  38792.3906250   1.6116474e-20
  38877.9296875   1.5715131e-20
  38963.4687500   1.5748711e-20
  39049.0078125   1.5918871e-20
  39134.5507812   1.5786312e-20
  39220.0898438   1.5572365e-20
  39305.6289062   1.5472696e-20
  39391.1679688   1.4877357e-20
  39476.7109375   1.4140830e-20
  39562.2500000   1.4706569e-20
  39647.7890625   1.4972859e-20
  39733.3281250   1.5020742e-20
  39818.8710938   1.5083412e-20
  39904.4101562   1.4994116e-20
  39989.9492188   1.4967798e-20
  40075.4882812   1.4789149e-20
  40161.0312500   1.4855484e-20
  40246.5703125   1.4546554e-20
  40332.1093750   1.4787461e-20
  40417.6484375   1.4559977e-20
  40503.1914062   1.4682044e-20
  40588.7304688   1.4662649e-20
  40674.2695312   1.4464502e-20
  40759.8085938   1.4348147e-20
  40845.3476562   1.3560657e-20
  40930.8906250   1.4204442e-20
  41016.4296875   1.4494390e-20
  41101.9687500   1.4340401e-20
  41187.5078125   1.4331836e-20
  41273.0507812   1.4218611e-20
  41358.5898438   1.4135179e-20
  41444.1289062   1.4246115e-20
  41529.6679688   1.4173783e-20
  41615.2109375   1.4120102e-20
  41700.7500000   1.4021414e-20
  41786.2890625   1.4027511e-20
  41871.8281250   1.3861182e-20
  41957.3710938   1.4065822e-20
  42042.9101562   1.3955616e-20
  42128.4492188   1.4010394e-20
  42213.9882812   1.3922498e-20
  42299.5312500   1.3864531e-20
  42385.0703125   1.3795290e-20
  42470.6093750   1.3816086e-20
  42556.1484375   1.3788081e-20
  42641.6914062   1.3767508e-20
  42727.2304688   1.3686663e-20
  42876.9257812   1.3408339e-20
  43090.7734375   1.3141157e-20
  43304.6250000   1.3367886e-20
  43518.4726562   1.3239812e-20
  43732.3242188   1.3190886e-20
  43946.1757812   1.3141273e-20
  44160.0234375   1.2932239e-20
  44373.8750000   1.2810026e-20
  44587.7226562   1.2770648e-20
  44801.5742188   1.2628925e-20
  45015.4257812   1.2566351e-20
  45229.2734375   1.2415929e-20
  45443.1250000   1.2325686e-20
  45656.9726562   1.2101531e-20
  45870.8242188   1.2049558e-20
  46084.6757812   1.1931285e-20
  46298.5234375   1.1679164e-20
  46512.3750000   1.1476389e-20
  46726.2226562   1.1042231e-20
  46940.0742188   1.0953215e-20
  47153.9257812   1.0860145e-20
  47367.7734375   1.0747644e-20
  47581.6250000   1.0692278e-20
  47795.4726562   1.0629118e-20
  48009.3242188   1.0577335e-20
  48223.1757812   1.0475261e-20
  48437.0234375   1.0427112e-20
  48650.8750000   1.0378911e-20
  48864.7226562   1.0310309e-20
  49078.5742188   1.0355007e-20
  49292.4257812   1.0313434e-20
  49506.2734375   1.0210453e-20
  49720.1250000   1.0098604e-20
  49933.9726562   1.0056691e-20
  50147.8242188   1.0088720e-20
  50361.6757812   9.9686993e-21
  50575.5234375   9.8952442e-21
  50789.3750000   9.7552657e-21
  51003.2226562   9.8380023e-21
  51217.0742188   9.5837461e-21
  51430.9257812   9.6699538e-21
  51644.7734375   9.5645723e-21
  51858.6250000   9.5209862e-21
  52072.4726562   9.5047754e-21
  52286.3242188   9.4225646e-21
  52500.1757812   9.3512033e-21
  52714.0234375   9.2678786e-21
  52927.8750000   9.2238611e-21
  53141.7226562   9.1403062e-21
  53355.5742188   9.0921811e-21
  53569.4257812   8.9886349e-21
  53783.2734375   8.9481838e-21
  53997.1250000   8.8914597e-21
  54210.9726562   8.8029474e-21
  54424.8242188   8.7737682e-21
  54638.6757812   8.7246996e-21
  54852.5234375   8.3740550e-21
  55066.3750000   8.5627960e-21
  55280.2226562   8.4694062e-21
  55494.0742188   8.5034353e-21
  55707.9257812   8.3979213e-21
  55921.7734375   8.4080332e-21
  56135.6250000   8.2903304e-21
  56349.4726562   8.2521881e-21
  56563.3242188   8.2259897e-21
  56777.1757812   8.1155393e-21
  56991.0234375   8.1330934e-21
  57204.8750000   8.0504335e-21
  57418.7226562   8.0599857e-21
  57632.5742188   7.9971175e-21
  57846.4257812   7.9582619e-21
  58060.2734375   7.8471652e-21
  58274.1250000   7.8121255e-21
  58487.9726562   7.8011202e-21
  58701.8242188   7.7820942e-21
  58915.6757812   7.7348674e-21
  59129.5234375   7.7113961e-21
  59343.3750000   7.6235066e-21
  59557.2226562   7.5197584e-21
  59771.0742188   7.4960836e-21
  59984.9257812   7.3716317e-21
  60198.7734375   7.3236463e-21
  60412.6250000   7.1747490e-21
  60626.4726562   7.1386971e-21
  60840.3242188   7.0497776e-21
  61054.1757812   6.9691227e-21
  61268.0234375   7.0380525e-21
  61481.8750000   7.0419792e-21
  61695.7226562   6.8880008e-21
  61909.5742188   6.9650845e-21
  62123.4257812   6.8879095e-21
  62315.8906250   6.9076916e-21
  62529.7382812   6.8301022e-21
  62764.9726562   6.8060873e-21
  62978.8242188   6.7202185e-21
  63192.6757812   6.7402590e-21
  63406.5234375   6.7318277e-21
  63620.3750000   6.7027394e-21
  63834.2226562   6.7879378e-21
  64048.0742188   6.7262717e-21
  64261.9257812   6.7096606e-21
  64475.7734375   6.6641701e-21
  64689.6250000   6.7125198e-21
  64903.4726562   6.7200710e-21
  65117.3242188   6.7112814e-21
  65331.1757812   6.7065671e-21
  65545.0234375   6.6609809e-21
  65758.8750000   6.7053304e-21
  65972.7265625   6.6798760e-21
  66186.5781250   6.6871264e-21
  66400.4218750   6.6209362e-21
  66614.2734375   6.3292169e-21
  66828.1250000   6.3893478e-21
  67041.9765625   6.3926594e-21
  67255.8281250   6.4903717e-21
  67469.6718750   6.1030060e-21
  67683.5234375   6.0404214e-21
  67897.3750000   6.0471370e-21
  68111.2265625   6.2476903e-21
  68325.0703125   6.0363905e-21
  68645.8515625   6.0984779e-21
  69073.5468750   6.1820474e-21
  69501.2500000   6.0063753e-21
  69928.9453125   6.1560647e-21
  70356.6484375   5.8850088e-21
  70784.3515625   6.0017612e-21
  71212.0468750   5.8661973e-21
  71639.7500000   5.8256578e-21
  72067.4453125   5.6979743e-21
  72495.1484375   5.7107011e-21
  72922.8515625   5.6117726e-21
  73350.5468750   5.5454511e-21
  73778.2500000   5.4462278e-21
  74205.9453125   5.3047048e-21
  74633.6484375   5.2838250e-21
  75061.3515625   5.2086905e-21
  75489.0468750   5.1334296e-21
  75916.7500000   5.0413564e-21
  76344.4453125   4.9992668e-21
  76772.1484375   4.9106999e-21
  77199.8515625   4.8140514e-21
  77627.5468750   4.7251953e-21
  78055.2500000   4.6613809e-21
  78482.9453125   4.5853000e-21
  78910.6484375   4.5002903e-21
  79338.3515625   4.4445860e-21
  79766.0468750   4.3383604e-21
  80193.7500000   4.2445792e-21
  80621.4453125   4.2222501e-21
  81049.1484375   4.0925512e-21
  81476.8515625   4.1096982e-21
  81904.5468750   4.0302832e-21
  82332.2500000   3.9740386e-21
  82759.9453125   3.8792295e-21
  83187.6484375   3.7826763e-21
  83615.3515625   3.7714298e-21
  84043.0468750   3.6988112e-21
  84470.7500000   3.6242947e-21
  84898.4453125   3.5752228e-21
  85326.1484375   3.5235487e-21
  85753.8515625   3.4896218e-21
  86181.5468750   3.4392146e-21
  86609.2500000   3.3550870e-21
  87036.9453125   3.3031543e-21
  87464.6484375   3.2809182e-21
  87892.3515625   3.2188045e-21
  88320.0468750   3.1624331e-21
  88747.7500000   3.1210532e-21
  89175.4453125   3.0698432e-21
  89603.1484375   3.0171140e-21
  90030.8515625   2.9930810e-21
  90458.5468750   2.9378741e-21
  90886.2500000   2.8928570e-21
  91313.9453125   2.8672560e-21
  91741.6484375   2.8208543e-21
  92169.3515625   2.7761302e-21
  92597.0468750   2.7144261e-21
  93024.7500000   2.6854344e-21
  93452.4453125   2.6538369e-21
  93880.1484375   2.6213564e-21
  94307.8515625   2.5656939e-21
  94735.5468750   2.5517817e-21
  95163.2500000   2.4964561e-21
  95590.9453125   2.4651111e-21
  96018.6484375   2.4318090e-21
  96446.3515625   2.4008223e-21
  96874.0468750   2.3569225e-21
  97301.7500000   2.3422182e-21
  97729.4453125   2.2967358e-21
  98157.1484375   1.9392009e-21
  98584.8515625   2.0720440e-21
  99012.5468750   2.0587191e-21
  99440.2500000   1.7621954e-21
  99867.9453125   1.9080946e-21
 100295.6484375   1.7976921e-21
 100723.3515625   1.6162050e-21
 101151.0468750   1.7622340e-21
 101578.7500000   1.6606793e-21
 102006.4453125   1.5368199e-21
 102434.1484375   1.6518704e-21
 102861.8515625   1.6024931e-21
 103289.5468750   1.4893896e-21
 103717.2500000   1.5745391e-21
 104144.9453125   1.5215881e-21
 104572.6484375   1.4720462e-21
 105000.3515625   1.4839637e-21
 105428.0468750   1.4890757e-21
 105855.7500000   1.4563941e-21
 106283.4453125   1.3197781e-21
 106711.1484375   1.3164321e-21
 107138.8515625   1.3532278e-21
 107566.5468750   1.3108244e-21
 107994.2500000   1.3558156e-21
 108421.9453125   1.3682816e-21
 108849.6484375   1.3720426e-21
 109277.3515625   1.3744972e-21
 109705.0468750   1.3803228e-21
 110132.7500000   1.3893362e-21
 110560.4453125   1.3481144e-21
 110988.1484375   1.3491332e-21
 111415.8515625   1.3515765e-21
 111843.5468750   1.3220928e-21
 112271.2500000   1.3017656e-21
 112698.9453125   1.3067032e-21
 113126.6484375   1.2955488e-21
 113554.3515625   1.2747394e-21
 113982.0468750   1.2542421e-21
 114409.7500000   1.2610303e-21
 114837.4453125   1.2498321e-21
 115265.1484375   1.2184137e-21
 115692.8515625   1.2220150e-21
 116120.5468750   1.2076948e-21
 116548.2500000   1.2012834e-21
 116975.9453125   1.1705559e-21
 117403.6484375   1.1711626e-21
 117831.3515625   1.1598758e-21
 118259.0468750   1.1446086e-21
 118686.7500000   1.1226137e-21
 119114.4453125   1.1214262e-21
 119542.1484375   1.1145032e-21
 119969.8515625   1.1012930e-21
 120397.5468750   1.0815403e-21
 120825.2500000   1.0759121e-21
 121252.9453125   1.0698337e-21
 121680.6484375   1.0561367e-21
 122108.3515625   1.0425097e-21
 122536.0468750   1.0310037e-21
 122963.7500000   1.0168477e-21
 123391.4453125   1.0097673e-21
 123819.1484375   9.9826311e-22
 124246.8515625   9.8675569e-22
 124674.5468750   9.7746495e-22
 125102.2500000   9.6065022e-22
 125529.9453125   9.5622624e-22
 125957.6484375   9.4162355e-22
 126385.3515625   9.3056052e-22
 126813.0468750   9.2259678e-22
 127240.7500000   9.1153314e-22
 127668.4453125   8.9914381e-22
 128096.1484375   8.8852526e-22
 128523.8515625   8.7746162e-22
 128951.5468750   8.6949769e-22
 129379.2500000   8.5799248e-22
 129806.9453125   8.4294778e-22
 130234.6484375   8.3763730e-22
 130662.3515625   8.2790142e-22
 131090.0468750   8.1860942e-22
 131517.7500000   8.1064553e-22
 131945.4531250   7.9869736e-22
 132373.1562500   7.8984757e-22
 132800.8437500   7.8321190e-22
 133228.5468750   7.7082131e-22
 133656.2500000   7.6418433e-22
 134083.9531250   7.5533207e-22
 134511.6562500   7.4692673e-22
 134939.3437500   7.3763266e-22
 135367.0468750   7.2789784e-22
 135794.7500000   7.2170337e-22
 136222.4531250   7.1329626e-22
 136650.1406250   7.0533081e-22
 137291.7031250   6.9250052e-22
 138147.0937500   6.7701340e-22
 139002.5000000   6.6152396e-22
 139857.8906250   6.4647967e-22
 140713.2968750   6.3010932e-22
 141568.7031250   6.1771893e-22
 142424.0937500   6.0444285e-22
 143279.5000000   5.9249730e-22
 144134.8906250   5.7877874e-22
 144990.2968750   5.6638931e-22
 145845.7031250   5.5355720e-22
 146701.0937500   5.4293669e-22
 147556.5000000   5.3231652e-22
 148411.8906250   5.2081188e-22
 149267.2968750   5.1063570e-22
 150122.7031250   5.0045831e-22
 150978.0937500   4.8939492e-22
 151833.5000000   4.8010448e-22
 152688.8906250   4.6992638e-22
 153544.2968750   4.6063317e-22
 154399.7031250   4.5222626e-22
 155255.0937500   4.4337658e-22
 156110.5000000   4.3346465e-22
 156965.8906250   4.2519118e-22
 157821.2968750   4.1492526e-22
 158676.7031250   4.0651792e-22
 159532.0937500   3.9974773e-22
 160387.5000000   3.8948156e-22
 161242.8906250   3.8501208e-22
 162098.2968750   3.7740146e-22
 162953.7031250   3.7072032e-22
 163809.0937500   3.6452546e-22
 164664.5000000   3.5802037e-22
 165519.8906250   3.5036579e-22
 166375.2968750   3.4412546e-22
 167230.7031250   3.3784194e-22
 168086.0937500   3.3231181e-22
 168941.5000000   3.2496558e-22
 169796.8906250   3.1925756e-22
 170652.2968750   3.1217801e-22
 171507.7031250   3.0722172e-22
 172363.0937500   3.0213307e-22
 173218.5000000   2.9589418e-22
 174073.8906250   2.9133716e-22
 174929.2968750   2.8629274e-22
 175784.7031250   2.8146916e-22
 176640.0937500   2.7677911e-22
 177495.5000000   2.7160120e-22
 178350.8906250   2.6629203e-22
 179206.2968750   2.6204354e-22
 180061.7031250   2.5717633e-22
 180917.0937500   2.5376888e-22
 181772.5000000   2.4876894e-22
 182627.8906250   2.4500760e-22
 183483.2968750   2.3372447e-22
 184338.7031250   2.2398952e-22
 185194.0937500   2.2398952e-22
 186049.5000000   2.1443107e-22
 186904.8906250   2.0920969e-22
 187760.2968750   2.0465220e-22
 188615.7031250   1.9580282e-22
 189471.0937500   1.9420987e-22
 190326.5000000   1.8987323e-22
 191181.8906250   1.8336865e-22
 192037.2968750   1.8372254e-22
 192892.7031250   1.7894371e-22
 193748.0937500   1.7403218e-22
 194603.5000000   1.7354522e-22
 195458.8906250   1.7058078e-22
 196314.2968750   1.6518196e-22
 197169.7031250   1.6562435e-22
 198025.0937500   1.6186344e-22
 198880.5000000   1.5943010e-22
 199735.8906250   1.5796923e-22
 200591.2968750   1.5531452e-22
 201446.7031250   1.5243840e-22
 202302.0937500   1.5217285e-22
 203157.5000000   1.4907573e-22
 204012.8906250   1.4708442e-22
 204868.2968750   1.4487197e-22
 205723.7031250   1.4190725e-22
 206579.0937500   1.4195151e-22
 207434.5000000   1.3920786e-22
 208289.8906250   1.3659701e-22
 209145.2968750   1.3509297e-22
 210000.7031250   1.3288046e-22
 210856.0937500   1.3111007e-22
 211711.5000000   1.2889768e-22
 212566.8906250   1.2814583e-22
 213422.2968750   1.2580044e-22
 214277.7031250   1.2460559e-22
 215133.0937500   1.2288014e-22
 215988.5000000   1.2035754e-22
 216843.8906250   1.1920704e-22
 217699.2968750   1.1757029e-22
 218554.7031250   1.1566710e-22
 219410.0937500   1.1398581e-22
 220265.5000000   1.1248149e-22
 221120.8906250   1.1199447e-22
 221976.2968750   1.1004759e-22
 222831.7031250   1.0854327e-22
 223687.0937500   1.0699466e-22
 224542.5000000   1.0602124e-22
 225397.8906250   1.0553439e-22
 226253.2968750   1.0305646e-22
 227108.7031250   1.0146350e-22
 227964.0937500   1.0071100e-22
 228819.5000000   9.9383619e-23
 229674.8906250   9.8100439e-23
 230530.2968750   9.7038600e-23
 231385.7031250   9.5843773e-23
 232241.0937500   9.4250892e-23
 233096.5000000   9.3675630e-23
 233951.8906250   9.1949823e-23
 234807.2968750   9.1241823e-23
 235662.7031250   8.9649012e-23
 236518.0937500   8.9781408e-23
 237373.5000000   8.7613309e-23
 238228.8906250   8.7215200e-23
 239084.2968750   8.5754797e-23
 239939.7031250   8.5223900e-23
 240795.0937500   8.3586597e-23
 241650.5000000   8.3100148e-23
 242505.8906250   8.1993717e-23
 243361.2968750   8.0489138e-23
 244216.7031250   8.0091028e-23
 245072.0937500   7.9161870e-23
 245927.5000000   7.8143899e-23
 246782.8906250   7.7170533e-23
 247638.2968750   7.6506754e-23
 248493.7031250   7.5445022e-23
 249349.0937500   7.4604154e-23
 250204.5000000   7.3719228e-23
 251059.8906250   7.2568583e-23
 251915.2968750   7.1816527e-23
 252770.7031250   7.0798739e-23
 253626.0937500   7.0267791e-23
 254481.5000000   6.9250054e-23
 255336.8906250   6.8718955e-23
 256192.2968750   6.7922622e-23
 257047.7031250   6.7081873e-23
 257903.0937500   6.6285293e-23
 258758.5000000   6.5355940e-23
 259613.8906250   6.4647965e-23
 260469.2968750   6.3807387e-23
 261324.7031250   6.3054952e-23
 262180.0937500   6.2435482e-23
 263035.5000000   6.1771892e-23
 263890.9062500   6.1240831e-23
 264746.3125000   6.0444290e-23
 265601.6875000   5.9869134e-23
 266457.0937500   5.9028436e-23
 267312.5000000   5.8232021e-23
 268167.9062500   5.7568084e-23
 269023.3125000   5.6948721e-23
 269878.6875000   5.6285080e-23
 270734.0937500   5.5842372e-23
 271589.5000000   5.5090152e-23
 272444.9062500   5.4647721e-23
 273300.2812500   5.3895495e-23
 274583.4062500   5.3054739e-23
 276294.1875000   5.1771493e-23
 278005.0000000   5.0665270e-23
 279715.7812500   4.9514786e-23
 281426.5937500   4.8497023e-23
 283137.4062500   4.7390778e-23
 284848.1875000   4.6373072e-23
 286559.0000000   4.5355495e-23
 288269.7812500   4.4337656e-23
 289980.5937500   4.3399612e-23
 291691.4062500   4.2452695e-23
 293402.1875000   4.1581000e-23
 295113.0000000   4.0656080e-23
 296823.7812500   3.9806590e-23
 298534.5937500   3.8961329e-23
 300245.4062500   3.8125140e-23
 301956.1875000   3.7346240e-23
 303667.0000000   3.6549854e-23
 305377.7812500   3.5802039e-23
 307088.5937500   3.5049813e-23
 308799.4062500   3.4328466e-23
 310510.1875000   3.3616061e-23
 312221.0000000   3.2934637e-23
 313931.7812500   3.2253282e-23
 315642.5937500   3.1607249e-23
 317353.4062500   3.0934603e-23
 319064.1875000   3.0270814e-23
 320775.0000000   2.9664625e-23
 322485.7812500   2.9111586e-23
 324196.5937500   2.8554061e-23
 325907.4062500   2.7987655e-23
 327618.1875000   2.7438873e-23
 329329.0000000   2.6894707e-23
 331039.7812500   2.6372571e-23
 332750.5937500   2.5863635e-23
 334461.4062500   2.5359174e-23
 336172.1875000   2.4872415e-23
 337883.0000000   2.4394574e-23
 339593.7812500   2.3925489e-23
 341304.5937500   2.3474188e-23
 343015.4062500   2.3018453e-23
 344726.1875000   2.2584756e-23
 346437.0000000   2.2168867e-23
 348147.7812500   2.1748504e-23
 349858.5937500   2.1350265e-23
 351569.4062500   2.0956372e-23
 353280.1875000   2.0567036e-23
 354991.0000000   2.0195308e-23
 356701.7812500   1.9814805e-23
 358412.5937500   1.9456331e-23
 360123.4062500   1.9111224e-23
 361834.1875000   1.8766056e-23
 363545.0000000   1.8429793e-23
 365255.7812500   1.8102337e-23
 366966.5937500   1.7779293e-23
 368677.4062500   1.7465161e-23
 370388.1875000   1.7159818e-23
 372099.0000000   1.6858925e-23
 373809.7812500   1.6562436e-23
 375520.5937500   1.6274876e-23
 377231.4062500   1.5987254e-23
 378942.1875000   1.5712855e-23
 380653.0000000   1.5442962e-23
 382363.7812500   1.5181906e-23
 384074.5937500   1.4916415e-23
 385785.4062500   1.4673020e-23
 387496.1875000   1.4425232e-23
 389207.0000000   1.4173036e-23
 390917.7812500   1.3938467e-23
 392628.5937500   1.3712835e-23
 394339.4062500   1.3487125e-23
 396050.1875000   1.3261462e-23
 397761.0000000   1.3044670e-23
 399471.7812500   1.2827817e-23
 401182.5937500   1.2619888e-23
 402893.4062500   1.2416311e-23
 404604.1875000   1.2212800e-23
 406315.0000000   1.2018058e-23
 408025.7812500   1.1823360e-23
 409736.5937500   1.1637537e-23
 411447.4062500   1.1447243e-23
 413158.1875000   1.1270252e-23
 414869.0000000   1.1088836e-23
 416579.7812500   1.0907418e-23
 418290.5937500   1.0739292e-23
 420001.4062500   1.0575570e-23
 421712.1875000   1.0411828e-23
 423423.0000000   1.0252556e-23
 425133.7812500   1.0093239e-23
 426844.5937500   9.9383624e-24
 428555.4062500   9.7834971e-24
 855400.0000000   6.5842828e-25
1710800.0000000   4.2324428e-26
2566200.0000000   8.4117633e-27
3421600.0000000   2.6651315e-27
4277000.0000000   1.0911827e-27
5132400.0000000   5.2568133e-28
5987800.0000000   2.8350502e-28
6843200.0000000   1.6597897e-28
