    362.6349792   1.9076198e-23
    374.5899963   2.1831121e-23
    382.5599976   2.3345089e-23
    390.5299988   1.3079797e-22
    398.5000000   3.6196551e-22
    406.4700012   3.9279056e-22
    414.4400024   3.7298596e-22
    422.4100037   3.7914137e-22
    430.3799744   3.8688394e-22
    438.3499756   4.4198324e-22
    454.2899780   4.5856290e-22
    470.2299805   4.4530918e-22
    482.1849976   5.6439123e-22
    498.1250000   5.8573753e-22
    506.0950012   5.9814549e-22
    510.0799866   6.0757900e-22
    522.0349731   5.8623422e-22
    526.0199585   6.0658446e-22
    533.9899902   5.7928305e-22
    545.9450073   6.4430933e-22
    557.8999634   6.4579950e-22
    569.8549805   8.1606199e-22
    585.7949829   1.0156084e-21
    601.7349854   9.0888409e-22
    617.6749878   1.0260319e-21
    633.6149902   1.0300050e-21
    645.5700073   1.0314943e-21
    661.5100098   1.0379472e-21
    677.4500122   1.0369539e-21
    689.4049683   8.5229633e-22
    705.3449707   1.0448947e-21
    717.2999878   1.0463826e-21
    725.2699585   1.0463826e-21
    741.2099609   1.0478726e-21
    761.1350098   1.0493647e-21
    773.0899658   1.0553176e-21
    789.0299683   1.0528362e-21
    804.9699707   1.0563098e-21
    816.9249878   1.0553176e-21
    836.8499756   1.0230531e-21
    860.7599487   1.0543262e-21
    876.6999512   1.0582972e-21
    888.6549683   1.0453905e-21
    904.5949707   1.0607774e-21
    916.5499878   1.3125372e-21
    932.4899902   1.8869304e-21
    956.3999634   1.9462853e-21
    980.3099976   1.7208974e-21
   1004.2199707   1.6868058e-21
   1024.1450195   1.4885219e-21
   1036.0999756   1.5209088e-21
   1052.0399170   1.8452495e-21
   1071.9649658   1.8158418e-21
   1091.8900146   1.7683534e-21
   1111.8149414   1.4659578e-21
   1131.7399902   1.6678081e-21
   1155.6500244   1.6474099e-21
   1179.5599365   1.4460647e-21
   1199.4849854   1.2713140e-21
   1227.3800049   1.2908027e-21
   1267.2299805   1.1762572e-21
   1307.0799561   1.1267645e-21
   1346.9299316   9.8910879e-22
   1386.7799072   8.7022490e-22
   1422.6450195   1.0942701e-21
   1458.5100098   1.5619099e-21
   1494.3750000   1.4446555e-21
   1534.2249756   1.0724697e-21
   1574.0749512   1.4930330e-21
   1613.9249268   1.7353480e-21
   1649.7899170   1.6310819e-21
   1681.6699219   1.4097196e-21
   1713.5499268   1.2844803e-21
   1757.3850098   1.4101840e-21
   1797.2349854   1.3619704e-21
   1833.0999756   1.1423905e-21
   1872.9499512   1.1082183e-21
   1912.7999268   1.1889559e-21
   1952.6499023   9.6219270e-22
   1992.5000000   1.1404505e-21
   2016.4099121   9.5869173e-22
   2040.3199463   1.4779561e-21
   2072.1999512   1.3650725e-21
   2112.0500488   1.2174153e-21
   2151.8999023   9.7007637e-22
   2191.7500000   9.1526909e-22
   2231.5998535   1.1749561e-21
   2271.4499512   1.2887692e-21
   2311.3000488   1.2363872e-21
   2351.1499023   1.2394644e-21
   2391.0000000   1.0273756e-21
   2430.8498535   9.8920865e-22
   2470.6999512   1.2522349e-21
   2510.5500488   1.1776942e-21
   2550.3999023   1.3043713e-21
   2590.2500000   1.2642428e-21
   2622.1298828   1.1699409e-21
   2650.0249023   1.3369550e-21
   2689.8750000   1.4344387e-21
   2729.7248535   1.2566037e-21
   2769.5749512   1.5035285e-21
   2809.4248047   1.2538639e-21
   2853.2600098   1.6795392e-21
   2893.1098633   1.7763631e-21
   2928.9748535   1.8652608e-21
   2968.8249512   1.9046730e-21
   3008.6748047   2.0103659e-21
   3048.5249023   1.9285361e-21
   3088.3750000   2.3164523e-21
   3128.2248535   2.2959727e-21
   3168.0749512   2.6936713e-21
   3207.9248047   3.0595107e-21
   3247.7749023   3.4754179e-21
   3287.6250000   4.0168767e-21
   3327.4748535   3.6521825e-21
   3367.3249512   5.1969302e-21
   3407.1748047   5.9308648e-21
   3447.0249023   7.1941643e-21
   3486.8750000   8.5144705e-21
   3526.7248535   1.0131003e-20
   3566.5749512   1.2155934e-20
   3606.4248047   1.4380910e-20
   3646.2749023   1.6983128e-20
   3686.1250000   5.6969066e-20
   3725.9748535   1.0280436e-19
   3765.8249512   1.4848656e-19
   3805.6748047   1.9090279e-19
   3845.5249023   2.0492591e-19
   3885.3750000   9.3971207e-20
   3925.2248535   1.8563368e-19
   3965.0749512   1.8016862e-19
   4004.9248047   2.2533566e-19
   4044.7749023   2.3172865e-19
   4084.6250000   1.6319132e-19
   4124.4750977   2.5095520e-19
   4164.3247070   3.4198653e-19
   4204.1748047   3.2871100e-19
   4244.0249023   2.7732946e-19
   4283.8750000   3.0446722e-19
   4323.7250977   2.6645501e-19
   4363.5747070   3.1124069e-19
   4403.4248047   2.9474549e-19
   4443.2749023   2.8622652e-19
   4483.1250000   2.5036736e-19
   4522.9750977   2.9710043e-19
   4562.8247070   2.8054027e-19
   4602.6748047   2.8053903e-19
   4642.5249023   2.7499353e-19
   4682.3750000   1.8580168e-19
   4722.2250977   2.6084174e-19
   4762.0747070   2.2425363e-19
   4801.9248047   1.8932558e-19
   4841.7749023   1.5392673e-19
   4881.6250000   3.3128201e-19
   4921.4750977   3.9642127e-19
   4961.3247070   4.0620798e-19
   5001.1748047   3.9508989e-19
   5041.0249023   3.8327830e-19
   5080.8750000   4.3196204e-19
   5120.7250977   4.3934344e-19
   5160.5747070   3.7782653e-19
   5200.4248047   3.8369261e-19
   5240.2749023   4.3614059e-19
   5280.1250000   4.1684366e-19
   5319.9750977   3.9254567e-19
   5359.8247070   4.2492671e-19
   5399.6748047   4.1555499e-19
   5439.5249023   3.8724429e-19
   5479.3750000   3.8622523e-19
   5519.2250977   3.8331531e-19
   5559.0747070   2.9115212e-19
   5598.9248047   2.8672851e-19
   5638.7749023   3.6086713e-19
   5678.6250000   3.5193777e-19
   5718.4746094   3.6632185e-19
   5746.3696289   3.7194231e-19
   5766.2949219   3.7124220e-19
   5798.1748047   3.5994431e-19
   5838.0249023   3.4141624e-19
   5877.8750000   3.4662264e-19
   5917.7246094   3.4962691e-19
   5957.5747070   3.4677490e-19
   5997.4248047   3.2833730e-19
   6025.3198242   3.0236316e-19
   6045.2446289   3.1286196e-19
   6077.1250000   3.1126664e-19
   6116.9746094   2.6925949e-19
   6156.8247070   2.4588218e-19
   6196.6748047   2.4458009e-19
   6236.5249023   2.7067991e-19
   6276.3750000   2.8650951e-19
   6316.2246094   2.9167810e-19
   6356.0747070   2.9206651e-19
   6395.9248047   2.8672851e-19
   6435.7749023   2.8266747e-19
   6475.6250000   2.7788786e-19
   6515.4746094   2.9119813e-19
   6555.3247070   2.9123522e-19
   6595.1748047   2.8537424e-19
   6635.0249023   2.9472347e-19
   6662.9199219   2.7499353e-19
   6682.8447266   3.0464245e-19
   6714.7246094   3.0184966e-19
   6754.5747070   2.8810569e-19
   6794.4248047   2.8083363e-19
   6834.2749023   2.6546335e-19
   6874.1250000   2.6095633e-19
   6913.9746094   2.7354927e-19
   6953.8247070   2.6789710e-19
   6993.6748047   2.7317831e-19
   7033.5249023   2.6373881e-19
   7073.3750000   2.5709200e-19
   7113.2246094   2.6310136e-19
   7153.0747070   2.6873260e-19
   7192.9248047   2.6989053e-19
   7232.7749023   2.4905790e-19
   7272.6250000   2.5472730e-19
   7312.4746094   2.4845701e-19
   7352.3247070   2.3159436e-19
   7392.1748047   2.3084695e-19
   7432.0249023   2.3409462e-19
   7471.8750000   2.4422050e-19
   7511.7246094   2.2387380e-19
   7551.5747070   2.1318064e-19
   7591.4248047   2.2720289e-19
   7631.2749023   2.1541589e-19
   7671.1250000   2.0644986e-19
   7710.9746094   2.1829395e-19
   7750.8247070   2.2168316e-19
   7790.6748047   2.0311061e-19
   7838.4946289   2.1858369e-19
   7874.3598633   2.2483844e-19
   7906.2397461   2.1278496e-19
   7950.0747070   2.0773226e-19
   7989.9248047   2.1441444e-19
   8029.7749023   2.1004962e-19
   8069.6250000   2.1661504e-19
   8109.4746094   2.0186648e-19
   8149.3247070   2.0503034e-19
   8189.1748047   1.8426257e-19
   8229.0244141   1.9160246e-19
   8264.8896484   2.0938003e-19
   8280.8300781   1.9441923e-19
   8308.7246094   2.0149890e-19
   8348.5751953   1.9148218e-19
   8388.4248047   1.9527068e-19
   8428.2744141   1.9685677e-19
   8468.1250000   1.9717865e-19
   8507.9746094   1.9163024e-19
   8547.8251953   1.8716779e-19
   8587.6748047   1.9290191e-19
   8627.5244141   1.8896423e-19
   8667.3750000   1.8820887e-19
   8707.2246094   1.8278678e-19
   8747.0751953   1.8732733e-19
   8786.9248047   1.8474957e-19
   8826.7744141   1.7973473e-19
   8866.6250000   1.7582166e-19
   8906.4746094   1.7792911e-19
   8946.3251953   1.7582399e-19
   8986.1748047   1.7077594e-19
   9026.0244141   1.7362857e-19
   9065.8750000   1.7384297e-19
   9105.7246094   1.7371094e-19
   9145.5751953   1.6418698e-19
   9185.4248047   1.6672660e-19
   9225.2744141   1.6218317e-19
   9265.1250000   1.4110762e-19
   9304.9746094   1.5603329e-19
   9344.8251953   1.5551541e-19
   9384.6748047   1.5644225e-19
   9424.5244141   1.5240447e-19
   9464.3750000   1.5107631e-19
   9504.2246094   1.4633464e-19
   9544.0751953   1.4926265e-19
   9583.9248047   1.4546829e-19
   9623.7744141   1.4559996e-19
   9663.6250000   1.4667823e-19
   9703.4746094   1.4205523e-19
   9743.3251953   1.4433935e-19
   9783.1748047   1.4267234e-19
   9823.0244141   1.4096330e-19
   9862.8750000   1.3814528e-19
   9902.7246094   1.3804278e-19
   9942.5751953   1.1966514e-19
   9982.4248047   1.3543891e-19
  10014.3046875   1.2866541e-19
  10034.2294922   1.3365733e-19
  10062.1250000   1.3124623e-19
  10101.9746094   1.3089796e-19
  10141.8251953   1.2775715e-19
  10181.6748047   1.2974696e-19
  10221.5244141   1.2832906e-19
  10261.3750000   1.2995854e-19
  10301.2246094   1.2867557e-19
  10341.0751953   1.2738906e-19
  10380.9248047   1.2535501e-19
  10420.7744141   1.2377509e-19
  10460.6250000   1.2395298e-19
  10500.4746094   1.2368489e-19
  10540.3251953   1.2488738e-19
  10580.1748047   1.2424674e-19
  10620.0244141   1.1961207e-19
  10659.8750000   1.2048781e-19
  10699.7246094   1.1991451e-19
  10739.5751953   1.1680258e-19
  10779.4248047   1.1621517e-19
  10819.2744141   1.1466229e-19
  10859.1250000   1.1434447e-19
  10898.9746094   1.1451634e-19
  10938.8251953   1.1038319e-19
  10978.6748047   1.0987293e-19
  11018.5244141   1.0983675e-19
  11058.3750000   1.1112692e-19
  11098.2246094   1.0958715e-19
  11138.0742188   1.0272538e-19
  11177.9248047   1.0501301e-19
  11217.7744141   1.0765848e-19
  11257.6250000   1.0661814e-19
  11297.4746094   1.0277998e-19
  11337.3242188   1.0254508e-19
  11377.1748047   1.0168804e-19
  11417.0244141   1.0249015e-19
  11456.8750000   1.0107982e-19
  11496.7246094   1.0051583e-19
  11536.5742188   9.9285164e-20
  11596.3496094   9.9169676e-20
  11676.0498047   9.7539509e-20
  11755.7500000   9.5401693e-20
  11835.4492188   9.4520882e-20
  11915.1494141   9.3008783e-20
  11994.8496094   9.1420047e-20
  12074.5498047   9.0726488e-20
  12154.2500000   8.9453670e-20
  12233.9492188   8.8151462e-20
  12313.6494141   8.6446526e-20
  12393.3496094   8.5394495e-20
  12473.0498047   8.3757220e-20
  12552.7500000   8.2786265e-20
  12632.4492188   8.1072502e-20
  12712.1494141   7.9075113e-20
  12791.8496094   7.8323024e-20
  12871.5498047   7.6940528e-20
  12951.2500000   7.6058598e-20
  13030.9492188   7.4702946e-20
  13110.6494141   7.3559240e-20
  13190.3496094   7.2456588e-20
  13270.0498047   7.1018386e-20
  13349.7500000   6.9590705e-20
  13429.4492188   6.8392372e-20
  13509.1494141   6.7424888e-20
  13588.8496094   6.6453577e-20
  13668.5498047   6.4933458e-20
  13748.2500000   6.3880658e-20
  13827.9492188   6.3082189e-20
  13907.6494141   6.2108481e-20
  13987.3496094   6.1349673e-20
  14067.0498047   6.0417834e-20
  14146.7500000   5.9584088e-20
  14226.4492188   5.8420639e-20
  14306.1494141   5.7139957e-20
  14385.8496094   5.6392786e-20
  14465.5498047   5.5746887e-20
  14505.3994141   5.5433405e-20
  14545.2500000   5.5339514e-20
  14624.9492188   5.4288025e-20
  14704.6494141   5.1915009e-20
  14784.3496094   5.2940994e-20
  14864.0498047   5.2368653e-20
  14943.7500000   5.7542380e-20
  15023.4492188   5.7677747e-20
  15103.1494141   6.1351824e-20
  15182.8496094   6.4879582e-20
  15262.5498047   5.6640255e-20
  15342.2500000   6.5580016e-20
  15421.9492188   6.6604344e-20
  15501.6494141   5.3396098e-20
  15581.3496094   6.6146092e-20
  15661.0498047   6.3089395e-20
  15740.7500000   6.3600166e-20
  15820.4492188   4.9092837e-20
  15900.1494141   6.2573376e-20
  15979.8496094   6.3654094e-20
  16059.5498047   6.1823272e-20
  16139.2500000   6.2236817e-20
  16218.9492188   6.0152807e-20
  16298.6494141   5.6045887e-20
  16378.3496094   4.9191901e-20
  16458.0488281   5.7405068e-20
  16537.7500000   5.7748716e-20
  16617.4492188   5.7273617e-20
  16697.1503906   5.6835115e-20
  16776.8496094   5.6395016e-20
  16856.5488281   5.5559169e-20
  16936.2500000   5.4843994e-20
  17015.9492188   5.3318062e-20
  17095.6503906   5.3048288e-20
  17175.3496094   5.1242915e-20
  17255.0488281   4.7292501e-20
  17334.7500000   4.3288313e-20
  17414.4492188   5.0446198e-20
  17494.1503906   4.9558801e-20
  17573.8496094   4.9584279e-20
  17653.5488281   4.9338377e-20
  17733.2500000   4.9047361e-20
  17812.9492188   4.7770747e-20
  17892.6503906   4.8020429e-20
  17972.3496094   4.8417072e-20
  18052.0488281   4.7067889e-20
  18131.7500000   4.6493451e-20
  18211.4492188   4.6739126e-20
  18291.1503906   4.5717536e-20
  18370.8496094   4.5432911e-20
  18450.5488281   4.4511167e-20
  18530.2500000   4.3968701e-20
  18609.9492188   4.3995746e-20
  18689.6503906   4.3343482e-20
  18769.3496094   4.2200128e-20
  18849.0488281   4.2564020e-20
  18928.7500000   4.2374146e-20
  19008.4492188   4.2161968e-20
  19088.1503906   4.1522114e-20
  19167.8496094   4.0773435e-20
  19247.5488281   4.0300766e-20
  19327.2500000   3.7022782e-20
  19406.9492188   3.2903018e-20
  19486.6503906   3.8787578e-20
  19566.3496094   3.8738209e-20
  19646.0488281   3.7807385e-20
  19725.7500000   3.8207660e-20
  19805.4492188   3.7682562e-20
  19885.1503906   3.6746914e-20
  19964.8496094   3.5399640e-20
  20044.5488281   3.5969939e-20
  20124.2500000   3.5396377e-20
  20203.9492188   3.5793911e-20
  20283.6503906   3.5023858e-20
  20363.3496094   3.4814830e-20
  20443.0488281   3.4085292e-20
  20522.7500000   3.3505859e-20
  20602.4492188   3.2773368e-20
  20682.1503906   3.2669178e-20
  20761.8496094   3.2499458e-20
  20841.5488281   3.2590218e-20
  20921.2500000   3.2637345e-20
  21000.9492188   3.1551266e-20
  21080.6503906   3.2251200e-20
  21160.3496094   3.2210293e-20
  21240.0488281   3.1207835e-20
  21319.7500000   3.1558889e-20
  21399.4492188   3.1341343e-20
  21479.1503906   3.0773394e-20
  21558.8496094   3.0379404e-20
  21638.5488281   3.0181917e-20
  21718.2500000   3.0159525e-20
  21797.9492188   2.9566078e-20
  21877.6503906   2.9345124e-20
  21957.3496094   2.9057598e-20
  22037.0488281   2.9099613e-20
  22116.7500000   2.9031193e-20
  22196.4492188   2.8720493e-20
  22276.1484375   2.8210691e-20
  22355.8496094   2.8251481e-20
  22435.5488281   2.7806491e-20
  22515.2500000   2.7625852e-20
  22594.9492188   2.7268086e-20
  22674.6484375   2.7373917e-20
  22754.3496094   2.6971041e-20
  22834.0488281   2.7452897e-20
  22913.7500000   2.6783359e-20
  22993.4492188   2.6777712e-20
  23073.1484375   2.6239746e-20
  23152.8496094   2.6433253e-20
  23232.5488281   2.6493805e-20
  23312.2500000   2.5998511e-20
  23391.9492188   2.5435951e-20
  23471.6484375   2.4694598e-20
  23551.3496094   2.5198896e-20
  23631.0488281   2.5079985e-20
  23710.7500000   2.4826941e-20
  23790.4492188   2.4930522e-20
  23870.1484375   2.4520711e-20
  23949.8496094   2.4333723e-20
  24029.5488281   2.4458973e-20
  24109.2500000   2.4450275e-20
  24188.9492188   2.4374366e-20
  24268.6484375   2.3828419e-20
  24348.3496094   2.3729521e-20
  24428.0488281   2.3115132e-20
  24507.7500000   2.2970720e-20
  24587.4492188   2.2512102e-20
  24667.1484375   2.2681108e-20
  24746.8496094   2.2403411e-20
  24826.5488281   2.1905458e-20
  24906.2500000   2.1424689e-20
  24985.9492188   2.1853857e-20
  25065.6484375   2.1997721e-20
  25145.3496094   2.1660077e-20
  25225.0488281   2.1788113e-20
  25304.7500000   2.1555784e-20
  25384.4492188   2.1438054e-20
  25464.1484375   2.1561369e-20
  25543.8496094   2.1346357e-20
  25623.5488281   2.1309358e-20
  25703.2500000   2.1188787e-20
  25782.9492188   2.1110856e-20
  25862.6484375   2.0709551e-20
  25942.3496094   2.0859619e-20
  26022.0488281   2.0640996e-20
  26101.7500000   1.9858393e-20
  26181.4492188   1.8033329e-20
  26261.1484375   2.0126098e-20
  26340.8496094   2.0296259e-20
  26420.5488281   2.0112845e-20
  26500.2500000   1.9919974e-20
  26579.9492188   1.9506838e-20
  26659.6484375   1.9565526e-20
  26739.3496094   1.9149478e-20
  26819.0488281   1.9264791e-20
  26898.7500000   1.8986765e-20
  26978.4492188   1.8999610e-20
  27058.1484375   1.8773502e-20
  27137.8496094   1.8804363e-20
  27217.5488281   1.8821550e-20
  27297.2500000   1.8578945e-20
  27376.9492188   1.8668919e-20
  27456.6484375   1.8790823e-20
  27536.3496094   1.8700592e-20
  27616.0488281   1.8502972e-20
  27695.7500000   1.8309691e-20
  27775.4492188   1.8378977e-20
  27855.1484375   1.8237941e-20
  27934.8496094   1.8009900e-20
  28014.5488281   1.8040060e-20
  28094.2500000   1.7896282e-20
  28173.9492188   1.7351803e-20
  28253.6484375   1.7033474e-20
  28333.3496094   1.6517929e-20
  28413.0488281   1.6247118e-20
  28492.7500000   1.6287842e-20
  28572.4492188   1.6344666e-20
  28652.1484375   1.6206426e-20
  28731.8496094   1.6474388e-20
  28811.5488281   1.6558749e-20
  28891.2500000   1.6652390e-20
  28970.9492188   1.6628783e-20
  29050.6484375   1.6446554e-20
  29130.3496094   1.6684966e-20
  29210.0488281   1.6661314e-20
  29289.7500000   1.6681304e-20
  29369.4492188   1.6885477e-20
  29449.1484375   1.6645225e-20
  29528.8496094   1.6575265e-20
  29608.5488281   1.6611267e-20
  29688.2500000   1.6584950e-20
  29767.9492188   1.6535567e-20
  29847.6484375   1.6428363e-20
  29927.3496094   1.6501180e-20
  30007.0488281   1.6569370e-20
  30086.7500000   1.6563621e-20
  30166.4492188   1.6430744e-20
  30246.1484375   1.6226153e-20
  30325.8496094   1.6081498e-20
  30405.5488281   1.5957532e-20
  30485.2500000   1.5803329e-20
  30564.9492188   1.5417571e-20
  30644.6484375   1.5559397e-20
  30724.3496094   1.5344616e-20
  30804.0488281   1.5296439e-20
  30883.7500000   1.5208887e-20
  30963.4492188   1.5220849e-20
  31043.1484375   1.5286231e-20
  31122.8496094   1.5242523e-20
  31202.5488281   1.5182527e-20
  31282.2500000   1.4969265e-20
  31361.9492188   1.4960195e-20
  31441.6484375   1.4579386e-20
  31521.3496094   1.4358695e-20
  31601.0488281   1.4395823e-20
  31680.7500000   1.4253894e-20
  31760.4492188   1.4507275e-20
  31840.1484375   1.4449029e-20
  31919.8496094   1.4523403e-20
  31999.5488281   1.4481365e-20
  32079.2500000   1.4385711e-20
  32158.9492188   1.4271370e-20
  32238.6484375   1.4035728e-20
  32318.3496094   1.3956127e-20
  32398.0488281   1.4093295e-20
  32477.7500000   1.4062566e-20
  32557.4492188   1.4073813e-20
  32637.1484375   1.3888989e-20
  32716.8496094   1.3799793e-20
  32796.5507812   1.3864612e-20
  32876.2500000   1.3859376e-20
  32955.9492188   1.3896188e-20
  33035.6484375   1.3771701e-20
  33115.3476562   1.3418020e-20
  33195.0507812   1.3410243e-20
  33274.7500000   1.3357987e-20
  33354.4492188   1.3382885e-20
  33434.1484375   1.3180769e-20
  33513.8476562   1.3385883e-20
  33593.5507812   1.3148450e-20
  33673.2500000   1.3060797e-20
  33752.9492188   1.2973101e-20
  33832.6484375   1.3164281e-20
  33912.3476562   1.2553627e-20
  33992.0507812   1.3103600e-20
  34071.7500000   1.2138329e-20
  34151.4492188   1.3345497e-20
  34231.1484375   1.2889107e-20
  34310.8476562   1.2880901e-20
  34390.5507812   1.3384648e-20
  34470.2500000   1.3162779e-20
  34549.9492188   1.1925591e-20
  34629.6484375   1.2984159e-20
  34709.3476562   1.3293318e-20
  34789.0507812   1.3153417e-20
  34868.7500000   1.2392359e-20
  34948.4492188   1.3026254e-20
  35028.1484375   1.3210906e-20
  35107.8476562   1.3018990e-20
  35187.5507812   1.3024709e-20
  35267.2500000   1.2790199e-20
  35346.9492188   1.2140888e-20
  35426.6484375   1.2893410e-20
  35506.3476562   1.3061715e-20
  35586.0507812   1.2838712e-20
  35665.7500000   1.2832567e-20
  35745.4492188   1.2798067e-20
  35825.1484375   1.2654983e-20
  35904.8476562   1.1867492e-20
  35984.5507812   1.2316668e-20
  36064.2500000   1.2815672e-20
  36143.9492188   1.2655872e-20
  36223.6484375   1.2335290e-20
  36303.3476562   1.2369086e-20
  36383.0507812   1.2509212e-20
  36462.7500000   1.2398782e-20
  36542.4492188   1.2240955e-20
  36622.1484375   1.2172976e-20
  36701.8476562   1.1693244e-20
  36781.5507812   1.1090167e-20
  36861.2500000   1.1544955e-20
  36940.9492188   1.1760816e-20
  37020.6484375   1.1801484e-20
  37100.3476562   1.1851710e-20
  37180.0507812   1.1776269e-20
  37259.7500000   1.1755342e-20
  37339.4492188   1.1606367e-20
  37419.1484375   1.1656531e-20
  37498.8476562   1.1398347e-20
  37578.5507812   1.1597858e-20
  37658.2500000   1.1410718e-20
  37737.9492188   1.1508254e-20
  37817.6484375   1.1489517e-20
  37897.3476562   1.1325940e-20
  37977.0507812   1.1207384e-20
  38056.7500000   1.0563794e-20
  38136.4492188   1.1081744e-20
  38216.1484375   1.1326637e-20
  38295.8476562   1.1203202e-20
  38375.5507812   1.1186682e-20
  38455.2500000   1.1089291e-20
  38534.9492188   1.1025141e-20
  38614.6484375   1.1115571e-20
  38694.3476562   1.1048990e-20
  38774.0507812   1.1003808e-20
  38853.7500000   1.0922870e-20
  38933.4492188   1.0925269e-20
  39013.1484375   1.0787098e-20
  39092.8476562   1.0949046e-20
  39172.5507812   1.0858444e-20
  39252.2500000   1.0896517e-20
  39331.9492188   1.0822545e-20
  39411.6484375   1.0777154e-20
  39491.3476562   1.0719799e-20
  39571.0507812   1.0731623e-20
  39650.7500000   1.0705216e-20
  39730.4492188   1.0688397e-20
  39810.1484375   1.0616630e-20
  39949.6250000   1.0384761e-20
  40148.8750000   1.0161438e-20
  40348.1250000   1.0346612e-20
  40547.3750000   1.0237812e-20
  40746.6250000   1.0195903e-20
  40945.8750000   1.0151357e-20
  41145.1250000   9.9772983e-21
  41344.3750000   9.8774130e-21
  41543.6250000   9.8443702e-21
  41742.8750000   9.7226874e-21
  41942.1250000   9.6702640e-21
  42141.3750000   9.5481337e-21
  42340.6250000   9.4737399e-21
  42539.8750000   9.2886324e-21
  42739.1250000   9.2479285e-21
  42938.3750000   9.1489536e-21
  43137.6250000   8.9561777e-21
  43336.8750000   8.8065566e-21
  43536.1250000   8.4757441e-21
  43735.3750000   8.4172074e-21
  43934.6250000   8.3658705e-21
  44133.8750000   8.2806628e-21
  44333.1250000   8.2266157e-21
  44532.3750000   8.1676476e-21
  44731.6250000   8.1231810e-21
  44930.8750000   8.0302468e-21
  45130.1250000   7.9904581e-21
  45329.3750000   7.9433977e-21
  45528.6250000   7.8789818e-21
  45727.8750000   7.9142169e-21
  45927.1250000   7.8740001e-21
  46126.3750000   7.7855233e-21
  46325.6250000   7.6917885e-21
  46524.8750000   7.6562658e-21
  46724.1250000   7.6789963e-21
  46923.3750000   7.5753572e-21
  47122.6250000   7.5178536e-21
  47321.8750000   7.4043158e-21
  47521.1250000   7.4683593e-21
  47720.3750000   7.2620335e-21
  47919.6250000   7.3283541e-21
  48118.8750000   7.2437814e-21
  48318.1250000   7.2076043e-21
  48517.3750000   7.1933104e-21
  48716.6250000   7.1256771e-21
  48915.8750000   7.0698481e-21
  49115.1250000   7.0018060e-21
  49314.3750000   6.9654303e-21
  49513.6250000   6.8997267e-21
  49712.8750000   6.8608379e-21
  49912.1250000   6.7779381e-21
  50111.3750000   6.7438807e-21
  50310.6250000   6.6973930e-21
  50509.8750000   6.6264142e-21
  50709.1250000   6.6018977e-21
  50908.3750000   6.5626692e-21
  51107.6250000   6.2808232e-21
  51306.8750000   6.4326605e-21
  51506.1250000   6.3613012e-21
  51705.3750000   6.3857099e-21
  51904.6250000   6.3020156e-21
  52103.8750000   6.3067780e-21
  52303.1250000   6.2131947e-21
  52502.3750000   6.1833863e-21
  52701.6250000   6.1609418e-21
  52900.8750000   6.0744291e-21
  53100.1250000   6.0863655e-21
  53299.3750000   6.0194559e-21
  53498.6250000   6.0264393e-21
  53697.8750000   5.9767018e-21
  53897.1250000   5.9441639e-21
  54096.3750000   5.8574012e-21
  54295.6250000   5.8272782e-21
  54494.8750000   5.8168201e-21
  54694.1250000   5.8014615e-21
  54893.3750000   5.7638494e-21
  55092.6250000   5.7434070e-21
  55291.8750000   5.6784968e-21
  55491.1250000   5.6062626e-21
  55690.3750000   5.5857411e-21
  55889.6250000   5.4911000e-21
  56088.8750000   5.4606292e-21
  56288.1250000   5.3510423e-21
  56487.3750000   5.3304015e-21
  56686.6250000   5.2576981e-21
  56885.8750000   5.1925039e-21
  57085.1250000   5.2435625e-21
  57284.3750000   5.2450363e-21
  57483.6250000   5.1226940e-21
  57682.8750000   5.1836864e-21
  57882.1250000   5.1207145e-21
  58061.4492188   5.1344288e-21
  58260.6992188   5.0787650e-21
  58479.8750000   5.0605516e-21
  58679.1250000   4.9899509e-21
  58878.3750000   5.0012717e-21
  59077.6250000   4.9927349e-21
  59276.8750000   4.9642453e-21
  59476.1250000   5.0276995e-21
  59675.3750000   4.9768408e-21
  59874.6250000   4.9583625e-21
  60073.8750000   4.9199031e-21
  60273.1250000   4.9559674e-21
  60472.3750000   4.9572518e-21
  60671.6250000   4.9485729e-21
  60870.8750000   4.9424042e-21
  61070.1250000   4.9088306e-21
  61269.3750000   4.9374794e-21
  61468.6250000   4.9112674e-21
  61667.8750000   4.9149359e-21
  61867.1250000   4.8614164e-21
  62066.3750000   4.6559044e-21
  62265.6250000   4.7117116e-21
  62464.8750000   4.6979913e-21
  62664.1250000   4.7640223e-21
  62863.3750000   4.4882566e-21
  63062.6250000   4.4520161e-21
  63261.8750000   4.4355056e-21
  63461.1250000   4.5813814e-21
  63660.3750000   4.4401052e-21
  63959.2500000   4.4841784e-21
  64357.7500000   4.5260843e-21
  64756.2500000   4.4132566e-21
  65154.7500000   4.5001784e-21
  65553.2500000   4.3071937e-21
  65951.7500000   4.3841247e-21
  66350.2500000   4.2858897e-21
  66748.7500000   4.2476625e-21
  67147.2500000   4.1442500e-21
  67545.7500000   4.1583795e-21
  67944.2500000   4.0774333e-21
  68342.7500000   4.0313511e-21
  68741.2500000   3.9502568e-21
  69139.7500000   3.8413266e-21
  69538.2500000   3.8277363e-21
  69936.7500000   3.7714351e-21
  70335.2500000   3.7175940e-21
  70733.7500000   3.6461245e-21
  71132.2500000   3.6123183e-21
  71530.7500000   3.5481355e-21
  71929.2500000   3.4739837e-21
  72327.7500000   3.4071973e-21
  72726.2500000   3.3605038e-21
  73124.7500000   3.3063667e-21
  73523.2500000   3.2419626e-21
  73921.7500000   3.2002027e-21
  74320.2500000   3.1231010e-21
  74718.7500000   3.0509901e-21
  75117.2500000   3.0368999e-21
  75515.7500000   2.9393368e-21
  75914.2500000   2.9529744e-21
  76312.7500000   2.8958735e-21
  76711.2500000   2.8537800e-21
  77109.7500000   2.7839604e-21
  77508.2500000   2.7114512e-21
  77906.7500000   2.7046839e-21
  78305.2500000   2.6523492e-21
  78703.7500000   2.5975685e-21
  79102.2500000   2.5628931e-21
  79500.7500000   2.5251629e-21
  79899.2500000   2.5010908e-21
  80297.7500000   2.4644760e-21
  80696.2500000   2.4020808e-21
  81094.7500000   2.3640065e-21
  81493.2500000   2.3489896e-21
  81891.7500000   2.3036588e-21
  82290.2500000   2.2622214e-21
  82688.7500000   2.2318268e-21
  83087.2500000   2.1948216e-21
  83485.7500000   2.1555971e-21
  83884.2500000   2.1386145e-21
  84282.7500000   2.0979885e-21
  84681.2500000   2.0652331e-21
  85079.7500000   2.0467766e-21
  85478.2500000   2.0132199e-21
  85876.7500000   1.9804045e-21
  86275.2500000   1.9340068e-21
  86673.7500000   1.9138801e-21
  87072.2500000   1.8912033e-21
  87470.7500000   1.8677528e-21
  87869.2500000   1.8267042e-21
  88267.7500000   1.8171583e-21
  88666.2500000   1.7765972e-21
  89064.7500000   1.7541058e-21
  89463.2500000   1.7300060e-21
  89861.7500000   1.7074967e-21
  90260.2500000   1.6755315e-21
  90658.7500000   1.6647345e-21
  91057.2500000   1.6316552e-21
  91455.7500000   1.3821081e-21
  91854.2500000   1.4746623e-21
  92252.7500000   1.4637383e-21
  92651.2500000   1.2566369e-21
  93049.7500000   1.3571519e-21
  93448.2500000   1.2841306e-21
  93846.7500000   1.1524641e-21
  94245.2500000   1.2543046e-21
  94643.7500000   1.1863166e-21
  95042.2500000   1.0947074e-21
  95440.7500000   1.1748528e-21
  95839.2500000   1.1426415e-21
  96237.7500000   1.0599625e-21
  96636.2500000   1.1185896e-21
  97034.7500000   1.0842908e-21
  97433.2500000   1.0461299e-21
  97831.7500000   1.0530212e-21
  98230.2500000   1.0586784e-21
  98628.7500000   1.0343296e-21
  99027.2500000   9.4096339e-22
  99425.7500000   9.4039328e-22
  99824.2500000   9.6655944e-22
 100222.7500000   9.3112597e-22
 100621.2500000   9.6265345e-22
 101019.7500000   9.7034900e-22
 101418.2500000   9.7034486e-22
 101816.7500000   9.7008061e-22
 102215.2500000   9.7337529e-22
 102613.7500000   9.7979594e-22
 103012.2500000   9.4816072e-22
 103410.7500000   9.4990717e-22
 103809.2500000   9.5169856e-22
 104207.7500000   9.3006746e-22
 104606.2500000   9.1486317e-22
 105004.7500000   9.1892233e-22
 105403.2500000   9.1117822e-22
 105801.7500000   8.9595606e-22
 106200.2500000   8.8094574e-22
 106598.7500000   8.8607149e-22
 106997.2500000   8.7805262e-22
 107395.7500000   8.5584476e-22
 107794.2500000   8.5809164e-22
 108192.7500000   8.4799513e-22
 108591.2500000   8.4331190e-22
 108989.7500000   8.2155317e-22
 109388.2500000   8.2150622e-22
 109786.7500000   8.1319619e-22
 110185.2500000   8.0230198e-22
 110583.7500000   7.8697132e-22
 110982.2500000   7.8588333e-22
 111380.7500000   7.8117586e-22
 111779.2500000   7.7151672e-22
 112177.7500000   7.5775202e-22
 112576.2500000   7.5355053e-22
 112974.7500000   7.4908616e-22
 113373.2500000   7.3915464e-22
 113771.7500000   7.2961117e-22
 114170.2500000   7.2158715e-22
 114568.7500000   7.1123578e-22
 114967.2500000   7.0631758e-22
 115365.7500000   6.9855271e-22
 115764.2500000   6.9053052e-22
 116162.7500000   6.8380064e-22
 116561.2500000   6.7215271e-22
 116959.7500000   6.6930710e-22
 117358.2500000   6.5869532e-22
 117756.7500000   6.5118804e-22
 118155.2500000   6.4575417e-22
 118553.7500000   6.3798789e-22
 118952.2500000   6.2918940e-22
 119350.7500000   6.2194193e-22
 119749.2500000   6.1417878e-22
 120147.7500000   6.0848419e-22
 120546.2500000   6.0020072e-22
 120944.7500000   5.8959085e-22
 121343.2500000   5.8596654e-22
 121741.7500000   5.7923721e-22
 122140.2500000   5.7276638e-22
 122538.7500000   5.6707214e-22
 122937.2500000   5.5853245e-22
 123335.7500000   5.5257912e-22
 123734.2500000   5.4817987e-22
 124132.7500000   5.3911905e-22
 124531.2500000   5.3446071e-22
 124929.7500000   5.2850858e-22
 125328.2500000   5.2255616e-22
 125726.7500000   5.1608568e-22
 126125.2500000   5.0935519e-22
 126523.7500000   5.0495625e-22
 126922.2500000   4.9874316e-22
 127320.7500000   4.9356798e-22
 127918.5000000   4.8450893e-22
 128715.5000000   4.7338011e-22
 129512.5000000   4.6276903e-22
 130309.5000000   4.5215740e-22
 131106.5000000   4.4051043e-22
 131903.5000000   4.3196963e-22
 132700.5000000   4.2265231e-22
 133497.5000000   4.1436859e-22
 134294.5000000   4.0479217e-22
 135091.5000000   3.9573416e-22
 135888.5000000   3.8693489e-22
 136685.5000000   3.7968792e-22
 137482.5000000   3.7192272e-22
 138279.5000000   3.6415793e-22
 139076.5000000   3.5665240e-22
 139873.5000000   3.4992337e-22
 140670.5000000   3.4189944e-22
 141467.5000000   3.3542961e-22
 142264.5000000   3.2844117e-22
 143061.5000000   3.2171272e-22
 143858.5000000   3.1575939e-22
 144655.5000000   3.0980600e-22
 145452.5000000   3.0281762e-22
 146249.5000000   2.9686563e-22
 147046.5000000   2.8961787e-22
 147843.5000000   2.8366610e-22
 148640.5000000   2.7900682e-22
 149437.5000000   2.7176028e-22
 150234.5000000   2.6865470e-22
 151031.5000000   2.6347833e-22
 151828.5000000   2.5866398e-22
 152625.5000000   2.5436733e-22
 153422.5000000   2.4983790e-22
 154219.5000000   2.4445444e-22
 155016.5000000   2.4005514e-22
 155813.5000000   2.3565431e-22
 156610.5000000   2.3182433e-22
 157407.5000000   2.2662189e-22
 158204.5000000   2.2266183e-22
 159001.5000000   2.1764109e-22
 159798.5000000   2.1419891e-22
 160595.5000000   2.1065287e-22
 161392.5000000   2.0625320e-22
 162189.5000000   2.0314717e-22
 162986.5000000   1.9960083e-22
 163783.5000000   1.9626286e-22
 164580.5000000   1.9297562e-22
 165377.5000000   1.8932640e-22
 166174.5000000   1.8557334e-22
 166971.5000000   1.8262228e-22
 167768.5000000   1.7920663e-22
 168565.5000000   1.7687729e-22
 169362.5000000   1.7335731e-22
 170159.5000000   1.7071668e-22
 170956.5000000   1.6256396e-22
 171753.5000000   1.5544644e-22
 172550.5000000   1.5565343e-22
 173347.5000000   1.4869147e-22
 174144.5000000   1.4496446e-22
 174941.5000000   1.4183267e-22
 175738.5000000   1.3546567e-22
 176535.5000000   1.3437893e-22
 177332.5000000   1.3135060e-22
 178129.5000000   1.2666605e-22
 178926.5000000   1.2702814e-22
 179723.5000000   1.2368977e-22
 180520.5000000   1.2016968e-22
 181317.5000000   1.1991082e-22
 182114.5000000   1.1791796e-22
 182911.5000000   1.1398396e-22
 183708.5000000   1.1444997e-22
 184505.5000000   1.1180984e-22
 185302.5000000   1.1010140e-22
 186099.5000000   1.0914382e-22
 186896.5000000   1.0733225e-22
 187693.5000000   1.0531368e-22
 188490.5000000   1.0523601e-22
 189287.5000000   1.0306158e-22
 190084.5000000   1.0166392e-22
 190881.5000000   1.0018881e-22
 191678.5000000   9.8040706e-23
 192475.5000000   9.8195840e-23
 193272.5000000   9.6280568e-23
 194069.5000000   9.4442869e-23
 194866.5000000   9.3407909e-23
 195663.5000000   9.1854705e-23
 196460.5000000   9.0664352e-23
 197257.5000000   8.9111356e-23
 198054.5000000   8.8619605e-23
 198851.5000000   8.6989244e-23
 199648.5000000   8.6186853e-23
 200445.5000000   8.4996008e-23
 201242.5000000   8.3210184e-23
 202039.5000000   8.2433970e-23
 202836.5000000   8.1321052e-23
 203633.5000000   7.9975148e-23
 204430.5000000   7.8836197e-23
 205227.5000000   7.7800889e-23
 206024.5000000   7.7490570e-23
 206821.5000000   7.6118754e-23
 207618.5000000   7.5083510e-23
 208415.5000000   7.3996339e-23
 209212.5000000   7.3349234e-23
 210009.5000000   7.3038700e-23
 210806.5000000   7.1278682e-23
 211603.5000000   7.0191714e-23
 212400.5000000   6.9699900e-23
 213197.5000000   6.8768262e-23
 213994.5000000   6.7914064e-23
 214791.5000000   6.7163630e-23
 215588.5000000   6.6361125e-23
 216385.5000000   6.5222414e-23
 217182.5000000   6.4859929e-23
 217979.5000000   6.3643474e-23
 218776.5000000   6.3151761e-23
 219573.5000000   6.2064856e-23
 220370.5000000   6.2194191e-23
 221167.5000000   6.0667241e-23
 221964.5000000   6.0408280e-23
 222761.5000000   5.9373023e-23
 223558.5000000   5.9036558e-23
 224355.5000000   5.7871852e-23
 225152.5000000   5.7561337e-23
 225949.5000000   5.6784966e-23
 226746.5000000   5.5749576e-23
 227543.5000000   5.5490887e-23
 228340.5000000   5.4843756e-23
 229137.5000000   5.4144920e-23
 229934.5000000   5.3446071e-23
 230731.5000000   5.3006139e-23
 231528.5000000   5.2281327e-23
 232325.5000000   5.1686148e-23
 233122.5000000   5.1064986e-23
 233919.5000000   5.0262642e-23
 234716.5000000   4.9745032e-23
 235513.5000000   4.9046288e-23
 236310.5000000   4.8709693e-23
 237107.5000000   4.7985011e-23
 237904.5000000   4.7622646e-23
 238701.5000000   4.7053218e-23
 239498.5000000   4.6509791e-23
 240295.5000000   4.5940347e-23
 241092.5000000   4.5293257e-23
 241889.5000000   4.4801626e-23
 242686.5000000   4.4232109e-23
 243483.5000000   4.3688635e-23
 244280.5000000   4.3274628e-23
 245077.5000000   4.2834623e-23
 245874.5000000   4.2446226e-23
 246671.5000000   4.1902786e-23
 247468.5000000   4.1514638e-23
 248265.5000000   4.0893410e-23
 249062.5000000   4.0349825e-23
 249859.5000000   3.9909925e-23
 250656.5000000   3.9495804e-23
 251453.5000000   3.9029887e-23
 252250.5000000   3.8693492e-23
 253047.5000000   3.8201624e-23
 253844.5000000   3.7891163e-23
 254641.5000000   3.7347607e-23
 255837.0000000   3.6752234e-23
 257431.0000000   3.5898132e-23
 259025.0000000   3.5095917e-23
 260619.0000000   3.4319473e-23
 262213.0000000   3.3620539e-23
 263807.0000000   3.2844117e-23
 265401.0000000   3.2145284e-23
 266995.0000000   3.1446542e-23
 268589.0000000   3.0721809e-23
 270183.0000000   3.0074738e-23
 271777.0000000   2.9427724e-23
 273371.0000000   2.8806518e-23
 274965.0000000   2.8185426e-23
 276559.0000000   2.7590082e-23
 278153.0000000   2.6994861e-23
 279747.0000000   2.6425477e-23
 281341.0000000   2.5874123e-23
 282935.0000000   2.5320259e-23
 284529.0000000   2.4802639e-23
 286123.0000000   2.4279812e-23
 287717.0000000   2.3782834e-23
 289311.0000000   2.3285904e-23
 290905.0000000   2.2812277e-23
 292499.0000000   2.2338665e-23
 294093.0000000   2.1890936e-23
 295687.0000000   2.1422430e-23
 297281.0000000   2.0959163e-23
 298875.0000000   2.0537279e-23
 300469.0000000   2.0156792e-23
 302063.0000000   1.9773800e-23
 303657.0000000   1.9380372e-23
 305251.0000000   1.8999945e-23
 306845.0000000   1.8621996e-23
 308439.0000000   1.8259661e-23
 310033.0000000   1.7905087e-23
 311627.0000000   1.7555700e-23
 313221.0000000   1.7219256e-23
 314815.0000000   1.6885328e-23
 316409.0000000   1.6561803e-23
 318003.0000000   1.6251257e-23
 319597.0000000   1.5932882e-23
 321191.0000000   1.5632686e-23
 322785.0000000   1.5345358e-23
 324379.0000000   1.5050347e-23
 325973.0000000   1.4775991e-23
 327567.0000000   1.4504216e-23
 329161.0000000   1.4235064e-23
 330755.0000000   1.3973668e-23
 332349.0000000   1.3712253e-23
 333943.0000000   1.3463768e-23
 335537.0000000   1.3223038e-23
 337131.0000000   1.2984957e-23
 338725.0000000   1.2752004e-23
 340319.0000000   1.2524275e-23
 341913.0000000   1.2301693e-23
 343507.0000000   1.2084287e-23
 345101.0000000   1.1872028e-23
 346695.0000000   1.1662369e-23
 348289.0000000   1.1457922e-23
 349883.0000000   1.1258643e-23
 351477.0000000   1.1059331e-23
 353071.0000000   1.0867794e-23
 354665.0000000   1.0681451e-23
 356259.0000000   1.0500287e-23
 357853.0000000   1.0316529e-23
 359447.0000000   1.0148281e-23
 361041.0000000   9.9774741e-24
 362635.0000000   9.8014887e-24
 364229.0000000   9.6410044e-24
 365823.0000000   9.4831486e-24
 367417.0000000   9.3278369e-24
 369011.0000000   9.1725299e-24
 370605.0000000   9.0224238e-24
 372199.0000000   8.8723194e-24
 373793.0000000   8.7273938e-24
 375387.0000000   8.5850257e-24
 376981.0000000   8.4452751e-24
 378575.0000000   8.3080921e-24
 380169.0000000   8.1760818e-24
 381763.0000000   8.0440841e-24
 383357.0000000   7.9147038e-24
 384951.0000000   7.7904487e-24
 386545.0000000   7.6662252e-24
 388139.0000000   7.5394119e-24
 389733.0000000   7.4255154e-24
 391327.0000000   7.3116370e-24
 392921.0000000   7.1977665e-24
 394515.0000000   7.0864787e-24
 396109.0000000   6.9751649e-24
 397703.0000000   6.8690687e-24
 399297.0000000   6.7629519e-24
 797000.0000000   4.5370896e-25
1594000.0000000   2.9117127e-26
2391000.0000000   5.7820280e-27
3188000.0000000   1.8306234e-27
3985000.0000000   7.4928025e-28
4782000.0000000   3.6079421e-28
5579000.0000000   1.9452854e-28
6376000.0000000   1.1385439e-28
