    294.2940063   3.2225672e-23
    303.9960022   3.6766393e-23
    310.4639893   3.9265375e-23
    316.9320068   2.1625353e-22
    323.3999939   5.9690083e-22
    329.8680115   6.4761638e-22
    336.3359985   6.1503090e-22
    342.8039856   6.2515881e-22
    349.2720032   6.3790019e-22
    355.7399902   7.2855033e-22
    368.6759949   7.5582659e-22
    381.6119995   7.3401975e-22
    391.3139954   9.2936801e-22
    404.2500000   9.6530241e-22
    410.7179871   9.8571626e-22
    413.9519958   1.0012357e-21
    423.6539917   9.6530241e-22
    426.8880005   9.9878505e-22
    433.3559875   9.5468204e-22
    443.0579834   1.0608506e-21
    452.7600098   1.0641170e-21
    462.4620056   1.3434157e-21
    475.3980103   1.6725369e-21
    488.3339844   1.4969507e-21
    501.2699890   1.6888643e-21
    514.2059937   1.6962158e-21
    523.9080200   1.6986685e-21
    536.8439941   1.7092878e-21
    549.7799683   1.7076520e-21
    559.4819946   1.4038482e-21
    572.4179688   1.7207213e-21
    582.1199951   1.7231715e-21
    588.5880127   1.7231715e-21
    601.5239868   1.7256175e-21
    617.6939697   1.7272478e-21
    627.3959961   1.7378701e-21
    640.3319702   1.7337841e-21
    653.2680054   1.7395041e-21
    662.9699707   1.7378701e-21
    679.1400146   1.6847824e-21
    698.5440063   1.7362376e-21
    711.4799805   1.7419507e-21
    721.1820068   1.7215375e-21
    734.1179810   1.7468538e-21
    743.8200073   2.1878507e-21
    756.7559814   3.2707467e-21
    776.1599731   3.5639355e-21
    795.5639648   3.3246509e-21
    814.9680176   3.4332693e-21
    831.1380005   3.1621414e-21
    840.8399658   3.3197484e-21
    853.7760010   4.1650091e-21
    869.9459839   4.2719775e-21
    886.1159668   4.3348755e-21
    902.2860107   3.7436070e-21
    918.4559937   4.3782306e-21
    937.8599854   4.3905160e-21
    957.2639771   3.9225216e-21
    973.4339600   3.4985067e-21
    996.0719604   3.6410625e-21
   1028.4119873   3.4148330e-21
   1060.7519531   3.3706095e-21
   1093.0920410   3.0471696e-21
   1125.4320068   2.7610530e-21
   1154.5379639   3.5621830e-21
   1183.6440430   5.2160394e-21
   1212.7500000   4.9477833e-21
   1245.0899658   3.7617363e-21
   1277.4299316   5.3823354e-21
   1309.7700195   6.4206001e-21
   1338.8759766   6.1706547e-21
   1364.7480469   5.4413265e-21
   1390.6199951   5.0563241e-21
   1426.1939697   5.6992260e-21
   1458.5339355   5.6334045e-21
   1487.6400146   4.8216693e-21
   1519.9799805   4.7800906e-21
   1552.3199463   5.2409073e-21
   1584.6600342   4.3234675e-21
   1617.0000000   5.2231912e-21
   1636.4039307   4.4392800e-21
   1655.8079834   6.9169505e-21
   1681.6799316   6.4761347e-21
   1714.0200195   5.8690581e-21
   1746.3599854   4.7470352e-21
   1778.6999512   4.5409312e-21
   1811.0400391   5.9029479e-21
   1843.3800049   6.5482077e-21
   1875.7199707   6.3448865e-21
   1908.0599365   6.4153006e-21
   1940.4000244   5.3555490e-21
   1972.7399902   5.1855238e-21
   2005.0799561   6.5908507e-21
   2037.4199219   6.2133769e-21
   2069.7600098   6.8864878e-21
   2102.1000977   6.6675669e-21
   2127.9719238   6.1567950e-21
   2150.6098633   7.0153713e-21
   2182.9499512   7.4834521e-21
   2215.2900391   6.5047545e-21
   2247.6298828   7.7064193e-21
   2279.9699707   6.3498205e-21
   2315.5439453   8.3719233e-21
   2347.8840332   8.7068619e-21
   2376.9899902   8.9867794e-21
   2409.3300781   8.9820053e-21
   2441.6699219   9.2556357e-21
   2474.0100098   8.6456659e-21
   2506.3498535   1.0084422e-20
   2538.6899414   9.6790891e-21
   2571.0300293   1.0964958e-20
   2603.3698730   1.2136340e-20
   2635.7099609   1.3560956e-20
   2668.0500488   1.5373465e-20
   2700.3898926   1.3661621e-20
   2732.7299805   1.8937439e-20
   2765.0700684   2.0980961e-20
   2797.4099121   2.4620062e-20
   2829.7500000   2.8094307e-20
   2862.0900879   3.2101645e-20
   2894.4299316   3.6848192e-20
   2926.7700195   4.1540846e-20
   2959.1098633   4.6130535e-20
   2991.4499512   1.2976617e-19
   3023.7900391   2.2428682e-19
   3056.1298828   3.1974307e-19
   3088.4699707   4.0223792e-19
   3120.8100586   4.4697402e-19
   3153.1499023   1.9670354e-19
   3185.4899902   4.0330282e-19
   3217.8300781   4.0412374e-19
   3250.1699219   5.2267940e-19
   3282.5100098   5.5358639e-19
   3314.8498535   3.9982325e-19
   3347.1899414   5.7091463e-19
   3379.5300293   8.0405052e-19
   3411.8698730   7.9409453e-19
   3444.2099609   6.8564303e-19
   3476.5500488   7.7079424e-19
   3508.8898926   6.8789012e-19
   3541.2299805   8.2252684e-19
   3573.5700684   7.9989441e-19
   3605.9099121   7.9442240e-19
   3638.2500000   7.1320231e-19
   3670.5898438   8.6481733e-19
   3702.9299316   8.3381284e-19
   3735.2700195   8.5500578e-19
   3767.6098633   8.5918408e-19
   3799.9499512   5.9789778e-19
   3832.2900391   8.4598899e-19
   3864.6298828   7.2696184e-19
   3896.9699707   6.2636804e-19
   3929.3100586   5.1420266e-19
   3961.6499023   9.0319272e-19
   3993.9899902   1.1149880e-18
   4026.3300781   1.1675062e-18
   4058.6699219   1.1479616e-18
   4091.0100098   1.1106041e-18
   4123.3500977   1.3145083e-18
   4155.6899414   1.3607489e-18
   4188.0297852   1.1779667e-18
   4220.3701172   1.1995122e-18
   4252.7099609   1.3899344e-18
   4285.0498047   1.3467652e-18
   4317.3901367   1.2747003e-18
   4349.7299805   1.4107211e-18
   4382.0698242   1.3934549e-18
   4414.4101562   1.3076160e-18
   4446.7500000   1.3261403e-18
   4479.0898438   1.3302294e-18
   4511.4301758   1.0396064e-18
   4543.7700195   1.0341919e-18
   4576.1098633   1.2848397e-18
   4608.4501953   1.2713793e-18
   4640.7900391   1.3259830e-18
   4663.4277344   1.3616576e-18
   4679.5981445   1.3701399e-18
   4705.4697266   1.3377577e-18
   4737.8100586   1.2781479e-18
   4770.1499023   1.3058083e-18
   4802.4897461   1.3336046e-18
   4834.8300781   1.3407222e-18
   4867.1699219   1.2787205e-18
   4889.8081055   1.1794474e-18
   4905.9780273   1.2295950e-18
   4931.8500977   1.2187082e-18
   4964.1899414   1.0613725e-18
   4996.5297852   9.9581979e-19
   5028.8701172   9.8463455e-19
   5061.2099609   1.0792675e-18
   5093.5498047   1.1439554e-18
   5125.8901367   1.1735776e-18
   5158.2299805   1.1837752e-18
   5190.5698242   1.1645208e-18
   5222.9101562   1.1563968e-18
   5255.2500000   1.1372679e-18
   5287.5898438   1.1991224e-18
   5319.9301758   1.2093403e-18
   5352.2700195   1.1830736e-18
   5384.6098633   1.2369559e-18
   5407.2480469   1.1488391e-18
   5423.4179688   1.2798386e-18
   5449.2900391   1.2819201e-18
   5481.6298828   1.2265477e-18
   5513.9697266   1.1968548e-18
   5546.3100586   1.1345741e-18
   5578.6499023   1.1199547e-18
   5610.9897461   1.1792971e-18
   5643.3300781   1.1595550e-18
   5675.6699219   1.1928612e-18
   5708.0097656   1.1480422e-18
   5740.3500977   1.1340459e-18
   5772.6899414   1.1657693e-18
   5805.0297852   1.2028304e-18
   5837.3701172   1.2109187e-18
   5869.7099609   1.1240594e-18
   5902.0498047   1.1517086e-18
   5934.3901367   1.1265651e-18
   5966.7299805   1.0536443e-18
   5999.0698242   1.0520536e-18
   6031.4101562   1.0690260e-18
   6063.7500000   1.1219977e-18
   6096.0898438   1.0325263e-18
   6128.4301758   9.8669081e-19
   6160.7700195   1.0498935e-18
   6193.1098633   9.9986914e-19
   6225.4497070   9.6358270e-19
   6257.7900391   1.0172765e-18
   6290.1298828   1.0356646e-18
   6322.4697266   9.5488758e-19
   6361.2778320   1.0308318e-18
   6390.3837891   1.0621093e-18
   6416.2558594   1.0072472e-18
   6451.8300781   9.8456961e-19
   6484.1699219   1.0183404e-18
   6516.5097656   9.9690494e-19
   6548.8500977   1.0337241e-18
   6581.1899414   9.6746269e-19
   6613.5297852   9.8747105e-19
   6645.8701172   8.9425669e-19
   6678.2099609   9.2982938e-19
   6707.3159180   1.0140648e-18
   6720.2519531   9.4767663e-19
   6742.8901367   9.8153882e-19
   6775.2299805   9.3489452e-19
   6807.5698242   9.5362189e-19
   6839.9101562   9.6325689e-19
   6872.2500000   9.6866158e-19
   6904.5898438   9.3712667e-19
   6936.9296875   9.2454784e-19
   6969.2700195   9.5508052e-19
   7001.6098633   9.3586811e-19
   7033.9497070   9.3383987e-19
   7066.2900391   9.0985328e-19
   7098.6298828   9.3844054e-19
   7130.9697266   9.2581559e-19
   7163.3100586   9.0198359e-19
   7195.6499023   8.8375791e-19
   7227.9897461   9.0376410e-19
   7260.3300781   8.9094404e-19
   7292.6699219   8.6909685e-19
   7325.0097656   8.8708255e-19
   7357.3500977   8.9593907e-19
   7389.6899414   9.0083164e-19
   7422.0297852   8.5564436e-19
   7454.3701172   8.6721724e-19
   7486.7099609   8.4517200e-19
   7519.0498047   7.3135220e-19
   7551.3901367   8.1633328e-19
   7583.7299805   8.1238127e-19
   7616.0698242   8.2494340e-19
   7648.4101562   7.9979607e-19
   7680.7500000   7.9711348e-19
   7713.0898438   7.6946166e-19
   7745.4296875   7.9084035e-19
   7777.7700195   7.6943457e-19
   7810.1098633   7.7271263e-19
   7842.4497070   7.8253116e-19
   7874.7900391   7.5740167e-19
   7907.1298828   7.7462223e-19
   7939.4697266   7.6468458e-19
   7971.8100586   7.5798396e-19
   8004.1499023   7.4206802e-19
   8036.4897461   7.4732382e-19
   8068.8300781   6.5590584e-19
   8101.1699219   7.4015418e-19
   8127.0419922   7.0077340e-19
   8143.2119141   7.2836474e-19
   8165.8500977   7.1292670e-19
   8198.1894531   7.1327117e-19
   8230.5302734   6.9742368e-19
   8262.8701172   7.1272947e-19
   8295.2099609   7.0597854e-19
   8327.5498047   7.2029435e-19
   8359.8896484   7.1438099e-19
   8392.2294922   7.0879633e-19
   8424.5703125   6.9686337e-19
   8456.9101562   6.9001116e-19
   8489.2500000   6.9477009e-19
   8521.5898438   6.9532259e-19
   8553.9296875   7.0813666e-19
   8586.2695312   7.0558796e-19
   8618.6103516   6.7808472e-19
   8650.9501953   6.8701150e-19
   8683.2900391   6.8431039e-19
   8715.6298828   6.6766793e-19
   8747.9697266   6.6776766e-19
   8780.3095703   6.5770578e-19
   8812.6503906   6.5768846e-19
   8844.9902344   6.6341508e-19
   8877.3300781   6.3409867e-19
   8909.6699219   6.3251606e-19
   8942.0097656   6.3545633e-19
   8974.3496094   6.4561147e-19
   9006.6894531   6.3718617e-19
   9039.0302734   5.8813146e-19
   9071.3701172   6.0557748e-19
   9103.7099609   6.2998210e-19
   9136.0498047   6.2545814e-19
   9168.3896484   6.0266425e-19
   9200.7294922   5.9953332e-19
   9233.0703125   5.9529857e-19
   9265.4101562   6.0301901e-19
   9297.7500000   5.9460617e-19
   9330.0898438   5.9309868e-19
   9362.4296875   5.8607644e-19
   9410.9394531   5.9120025e-19
   9475.6201172   5.8217706e-19
   9540.2998047   5.7254929e-19
   9604.9794922   5.7033576e-19
   9669.6601562   5.6452430e-19
   9734.3398438   5.5942277e-19
   9799.0195312   5.5702756e-19
   9863.7001953   5.5141710e-19
   9928.3798828   5.4559474e-19
   9993.0595703   5.3844629e-19
  10057.7402344   5.3286153e-19
  10122.4199219   5.2450060e-19
  10187.0996094   5.2043004e-19
  10251.7802734   5.1116526e-19
  10316.4599609   4.9853224e-19
  10381.1396484   4.9612964e-19
  10445.8203125   4.8782842e-19
  10510.5000000   4.8374070e-19
  10575.1796875   4.7697307e-19
  10639.8603516   4.7039306e-19
  10704.5400391   4.6423811e-19
  10769.2197266   4.5556130e-19
  10833.8994141   4.4676795e-19
  10898.5800781   4.3920587e-19
  10963.2597656   4.3332004e-19
  11027.9394531   4.2825345e-19
  11092.6201172   4.1927953e-19
  11157.2998047   4.1320135e-19
  11221.9794922   4.0809390e-19
  11286.6601562   4.0256665e-19
  11351.3398438   3.9854870e-19
  11416.0195312   3.9262963e-19
  11480.7001953   3.8822293e-19
  11545.3798828   3.7995763e-19
  11610.0595703   3.7267762e-19
  11674.7402344   3.6893046e-19
  11739.4199219   3.6533326e-19
  11771.7597656   3.6374825e-19
  11804.0996094   3.6417666e-19
  11868.7802734   3.5739985e-19
  11933.4599609   3.4029308e-19
  11998.1396484   3.5042119e-19
  12062.8203125   3.4746350e-19
  12127.5000000   3.8831332e-19
  12192.1796875   3.9188886e-19
  12256.8603516   4.2360317e-19
  12321.5400391   4.5285037e-19
  12386.2197266   3.9056240e-19
  12450.8994141   4.6218955e-19
  12515.5800781   4.7618399e-19
  12580.2597656   3.6894988e-19
  12644.9394531   4.7540670e-19
  12709.6201172   4.5406518e-19
  12774.2998047   4.5962684e-19
  12838.9794922   3.4186591e-19
  12903.6601562   4.5458998e-19
  12968.3398438   4.6739065e-19
  13033.0195312   4.5631020e-19
  13097.7001953   4.5920311e-19
  13162.3798828   4.4438443e-19
  13227.0595703   4.0897125e-19
  13291.7402344   3.5438790e-19
  13356.4199219   4.2573122e-19
  13421.0996094   4.3085310e-19
  13485.7802734   4.2829109e-19
  13550.4599609   4.2566952e-19
  13615.1396484   4.2338182e-19
  13679.8203125   4.1791910e-19
  13744.5000000   4.1373155e-19
  13809.1796875   4.0296465e-19
  13873.8593750   4.0105958e-19
  13938.5400391   3.8662181e-19
  14003.2197266   3.5247869e-19
  14067.8994141   3.2092625e-19
  14132.5800781   3.8461156e-19
  14197.2597656   3.7882460e-19
  14261.9394531   3.8022474e-19
  14326.6201172   3.7891614e-19
  14391.2998047   3.7768666e-19
  14455.9794922   3.6962134e-19
  14520.6601562   3.7093855e-19
  14585.3398438   3.7586314e-19
  14650.0195312   3.6504615e-19
  14714.7001953   3.6117422e-19
  14779.3798828   3.6455589e-19
  14844.0595703   3.5660022e-19
  14908.7402344   3.5566802e-19
  14973.4199219   3.4825488e-19
  15038.0996094   3.4562346e-19
  15102.7802734   3.4574795e-19
  15167.4599609   3.4103364e-19
  15232.1396484   3.3219654e-19
  15296.8203125   3.3597024e-19
  15361.5000000   3.3513466e-19
  15426.1796875   3.3389911e-19
  15490.8593750   3.2917717e-19
  15555.5400391   3.2339094e-19
  15620.2197266   3.1964340e-19
  15684.8994141   2.8933780e-19
  15749.5800781   2.5528244e-19
  15814.2597656   3.0798230e-19
  15878.9394531   3.0895364e-19
  15943.6201172   3.0248359e-19
  16008.2998047   3.0643477e-19
  16072.9794922   3.0253940e-19
  16137.6601562   2.9469072e-19
  16202.3398438   2.8457536e-19
  16267.0195312   2.8914980e-19
  16331.7001953   2.8477538e-19
  16396.3789062   2.8869045e-19
  16461.0605469   2.8230483e-19
  16525.7402344   2.8091964e-19
  16590.4199219   2.7554927e-19
  16655.0996094   2.7081508e-19
  16719.7792969   2.6499936e-19
  16784.4589844   2.6475624e-19
  16849.1406250   2.6424163e-19
  16913.8203125   2.6505873e-19
  16978.5000000   2.6600567e-19
  17043.1796875   2.5648940e-19
  17107.8593750   2.6346294e-19
  17172.5390625   2.6372803e-19
  17237.2207031   2.5509301e-19
  17301.9003906   2.5884772e-19
  17366.5800781   2.5733449e-19
  17431.2597656   2.5283776e-19
  17495.9394531   2.4967852e-19
  17560.6191406   2.4854182e-19
  17625.3007812   2.4916696e-19
  17689.9804688   2.4407220e-19
  17754.6601562   2.4250472e-19
  17819.3398438   2.4038187e-19
  17884.0195312   2.4098651e-19
  17948.6992188   2.4076539e-19
  18013.3789062   2.3821271e-19
  18078.0605469   2.3413748e-19
  18142.7402344   2.3513604e-19
  18207.4199219   2.3172938e-19
  18272.0996094   2.3037774e-19
  18336.7792969   2.2750212e-19
  18401.4589844   2.2876052e-19
  18466.1406250   2.2531754e-19
  18530.8203125   2.3003298e-19
  18595.5000000   2.2449772e-19
  18660.1796875   2.2463677e-19
  18724.8593750   2.1990927e-19
  18789.5390625   2.2198684e-19
  18854.2207031   2.2295312e-19
  18918.9003906   2.1875624e-19
  18983.5800781   2.1482699e-19
  19048.2597656   2.0808901e-19
  19112.9394531   2.1295390e-19
  19177.6191406   2.1208122e-19
  19242.3007812   2.1008071e-19
  19306.9804688   2.1102484e-19
  19371.6601562   2.0760794e-19
  19436.3398438   2.0615419e-19
  19501.0195312   2.0737101e-19
  19565.6992188   2.0760339e-19
  19630.3789062   2.0684344e-19
  19695.0605469   2.0226200e-19
  19759.7402344   2.0149154e-19
  19824.4199219   1.9618157e-19
  19889.0996094   1.9539909e-19
  19953.7792969   1.9177226e-19
  20018.4589844   1.9382473e-19
  20083.1406250   1.9175037e-19
  20147.8203125   1.8753368e-19
  20212.5000000   1.8330585e-19
  20277.1796875   1.8735094e-19
  20341.8593750   1.8854286e-19
  20406.5390625   1.8544355e-19
  20471.2207031   1.8648979e-19
  20535.9003906   1.8452633e-19
  20600.5800781   1.8356204e-19
  20665.2597656   1.8489300e-19
  20729.9394531   1.8291824e-19
  20794.6191406   1.8280821e-19
  20859.2988281   1.8168924e-19
  20923.9804688   1.8114267e-19
  20988.6601562   1.7770786e-19
  21053.3398438   1.7917727e-19
  21118.0195312   1.7717716e-19
  21182.6992188   1.6938039e-19
  21247.3789062   1.5301995e-19
  21312.0605469   1.7288643e-19
  21376.7402344   1.7478820e-19
  21441.4199219   1.7349493e-19
  21506.0996094   1.7205248e-19
  21570.7792969   1.6871518e-19
  21635.4589844   1.6959477e-19
  21700.1406250   1.6595492e-19
  21764.8203125   1.6726910e-19
  21829.5000000   1.6493333e-19
  21894.1796875   1.6507754e-19
  21958.8593750   1.6331943e-19
  22023.5390625   1.6346079e-19
  22088.2207031   1.6360084e-19
  22152.9003906   1.6124687e-19
  22217.5800781   1.6226487e-19
  22282.2597656   1.6328429e-19
  22346.9394531   1.6239177e-19
  22411.6191406   1.6061361e-19
  22476.2988281   1.5897841e-19
  22540.9804688   1.5955197e-19
  22605.6601562   1.5850226e-19
  22670.3398438   1.5626831e-19
  22735.0195312   1.5683898e-19
  22799.6992188   1.5592965e-19
  22864.3789062   1.5161317e-19
  22929.0605469   1.4921461e-19
  22993.7402344   1.4525488e-19
  23058.4199219   1.4299458e-19
  23123.0996094   1.4324097e-19
  23187.7792969   1.4370915e-19
  23252.4589844   1.4213929e-19
  23317.1406250   1.4443744e-19
  23381.8203125   1.4520384e-19
  23446.5000000   1.4579173e-19
  23511.1796875   1.4548409e-19
  23575.8593750   1.4366751e-19
  23640.5390625   1.4567333e-19
  23705.2207031   1.4548279e-19
  23769.9003906   1.4557548e-19
  23834.5800781   1.4736051e-19
  23899.2597656   1.4514520e-19
  23963.9394531   1.4448693e-19
  24028.6191406   1.4498147e-19
  24093.2988281   1.4480138e-19
  24157.9804688   1.4449961e-19
  24222.6601562   1.4357983e-19
  24287.3398438   1.4426880e-19
  24352.0195312   1.4494327e-19
  24416.6992188   1.4495473e-19
  24481.3789062   1.4380385e-19
  24546.0605469   1.4203259e-19
  24610.7402344   1.4086161e-19
  24675.4199219   1.3988569e-19
  24740.0996094   1.3862035e-19
  24804.7792969   1.3518794e-19
  24869.4589844   1.3665821e-19
  24934.1406250   1.3473450e-19
  24998.8203125   1.3438525e-19
  25063.5000000   1.3359494e-19
  25128.1796875   1.3375991e-19
  25192.8593750   1.3439528e-19
  25257.5390625   1.3398215e-19
  25322.2207031   1.3338506e-19
  25386.9003906   1.3159871e-19
  25451.5800781   1.3157733e-19
  25516.2597656   1.2839991e-19
  25580.9394531   1.2639191e-19
  25645.6191406   1.2668645e-19
  25710.2988281   1.2534657e-19
  25774.9804688   1.2773398e-19
  25839.6601562   1.2717200e-19
  25904.3398438   1.2778785e-19
  25969.0195312   1.2745380e-19
  26033.6992188   1.2661359e-19
  26098.3789062   1.2578720e-19
  26163.0605469   1.2370102e-19
  26227.7402344   1.2311675e-19
  26292.4199219   1.2440547e-19
  26357.0996094   1.2423512e-19
  26421.7792969   1.2438688e-19
  26486.4589844   1.2259984e-19
  26551.1406250   1.2177986e-19
  26615.8203125   1.2228364e-19
  26680.5000000   1.2237176e-19
  26745.1796875   1.2279923e-19
  26809.8593750   1.2169806e-19
  26874.5390625   1.1851018e-19
  26939.2207031   1.1842485e-19
  27003.9003906   1.1795197e-19
  27068.5800781   1.1820609e-19
  27133.2597656   1.1616857e-19
  27197.9394531   1.1804733e-19
  27262.6191406   1.1575859e-19
  27327.2988281   1.1515720e-19
  27391.9804688   1.1426047e-19
  27456.6601562   1.1607881e-19
  27521.3398438   1.1048975e-19
  27586.0195312   1.1572656e-19
  27650.6992188   1.0656931e-19
  27715.3789062   1.1798617e-19
  27780.0605469   1.1359900e-19
  27844.7402344   1.1345839e-19
  27909.4199219   1.1849196e-19
  27974.0996094   1.1635749e-19
  28038.7792969   1.0465696e-19
  28103.4589844   1.1482842e-19
  28168.1406250   1.1790432e-19
  28232.8203125   1.1649811e-19
  28297.5000000   1.0903971e-19
  28362.1796875   1.1529232e-19
  28426.8593750   1.1741859e-19
  28491.5390625   1.1571081e-19
  28556.2187500   1.1577129e-19
  28620.9003906   1.1318218e-19
  28685.5800781   1.0687301e-19
  28750.2597656   1.1420931e-19
  28814.9394531   1.1601103e-19
  28879.6191406   1.1407495e-19
  28944.2988281   1.1407046e-19
  29008.9804688   1.1375076e-19
  29073.6601562   1.1232943e-19
  29138.3398438   1.0461009e-19
  29203.0195312   1.0894636e-19
  29267.6992188   1.1402687e-19
  29332.3789062   1.1291706e-19
  29397.0605469   1.1019704e-19
  29461.7402344   1.1069326e-19
  29526.4199219   1.1202596e-19
  29591.0996094   1.1108579e-19
  29655.7792969   1.0986024e-19
  29720.4589844   1.0937544e-19
  29785.1406250   1.0484145e-19
  29849.8203125   9.8798730e-20
  29914.5000000   1.0327939e-19
  29979.1796875   1.0548295e-19
  30043.8593750   1.0594538e-19
  30108.5390625   1.0643927e-19
  30173.2187500   1.0583934e-19
  30237.9003906   1.0563502e-19
  30302.5800781   1.0427158e-19
  30367.2597656   1.0479679e-19
  30431.9394531   1.0241351e-19
  30496.6191406   1.0436916e-19
  30561.2988281   1.0263550e-19
  30625.9804688   1.0366930e-19
  30690.6601562   1.0346189e-19
  30755.3398438   1.0186848e-19
  30820.0195312   1.0046450e-19
  30884.6992188   9.4307624e-20
  30949.3789062   9.9422476e-20
  31014.0605469   1.0190876e-19
  31078.7402344   1.0086859e-19
  31143.4199219   1.0070570e-19
  31208.0996094   9.9855699e-20
  31272.7792969   9.9324281e-20
  31337.4589844   1.0019967e-19
  31402.1406250   9.9507656e-20
  31466.8203125   9.9006786e-20
  31531.5000000   9.8281135e-20
  31596.1796875   9.8355833e-20
  31660.8593750   9.7099999e-20
  31725.5390625   9.8649146e-20
  31790.2187500   9.7825093e-20
  31854.9003906   9.8123712e-20
  31919.5800781   9.7427207e-20
  31984.2597656   9.7034774e-20
  32048.9394531   9.6529393e-20
  32113.6191406   9.6682550e-20
  32178.2988281   9.6465822e-20
  32242.9804688   9.6296929e-20
  32307.6601562   9.5676815e-20
  32420.8496094   9.3406553e-20
  32582.5488281   9.1354105e-20
  32744.2500000   9.3398346e-20
  32905.9492188   9.2423526e-20
  33067.6484375   9.2158848e-20
  33229.3515625   9.1824732e-20
  33391.0507812   9.0321648e-20
  33552.7500000   8.9432338e-20
  33714.4492188   8.9171136e-20
  33876.1484375   8.8066605e-20
  34037.8515625   8.7574839e-20
  34199.5507812   8.6461978e-20
  34361.2500000   8.5767980e-20
  34522.9492188   8.4140547e-20
  34684.6484375   8.3871222e-20
  34846.3515625   8.3053451e-20
  35008.0507812   8.1385254e-20
  35169.7500000   8.0139940e-20
  35331.4492188   7.7081459e-20
  35493.1484375   7.6845525e-20
  35654.8515625   7.6691107e-20
  35816.5507812   7.5910333e-20
  35978.2500000   7.5471209e-20
  36139.9492188   7.4915422e-20
  36301.6484375   7.4556671e-20
  36463.3515625   7.3635095e-20
  36625.0507812   7.3257700e-20
  36786.7500000   7.2796818e-20
  36948.4492188   7.2163049e-20
  37110.1484375   7.2546919e-20
  37271.8515625   7.2210606e-20
  37433.5507812   7.1364406e-20
  37595.2500000   7.0477035e-20
  37756.9492188   7.0154635e-20
  37918.6484375   7.0365392e-20
  38080.3515625   6.9341051e-20
  38242.0507812   6.8799591e-20
  38403.7500000   6.7772148e-20
  38565.4492188   6.8366155e-20
  38727.1484375   6.6462831e-20
  38888.8515625   6.7154102e-20
  39050.5507812   6.6339762e-20
  39212.2500000   6.6072260e-20
  39373.9492188   6.5972223e-20
  39535.6484375   6.5407058e-20
  39697.3476562   6.4885482e-20
  39859.0507812   6.4262421e-20
  40020.7500000   6.3958329e-20
  40182.4492188   6.3316359e-20
  40344.1484375   6.2977183e-20
  40505.8476562   6.2249031e-20
  40667.5507812   6.1925364e-20
  40829.2500000   6.1581742e-20
  40990.9492188   6.0864912e-20
  41152.6484375   6.0723135e-20
  41314.3476562   6.0309848e-20
  41476.0507812   5.7554439e-20
  41637.7500000   5.9124699e-20
  41799.4492188   5.8570591e-20
  41961.1484375   5.8817537e-20
  42122.8476562   5.8058373e-20
  42284.5507812   5.8118072e-20
  42446.2500000   5.7220742e-20
  42607.9492188   5.6936218e-20
  42769.6484375   5.6770924e-20
  42931.3476562   5.5936628e-20
  43093.0507812   5.6060583e-20
  43254.7500000   5.5447209e-20
  43416.4492188   5.5536893e-20
  43578.1484375   5.5093298e-20
  43739.8476562   5.4803469e-20
  43901.5507812   5.3947359e-20
  44063.2500000   5.3673459e-20
  44224.9492188   5.3622329e-20
  44386.6484375   5.3468066e-20
  44548.3476562   5.3176046e-20
  44710.0507812   5.3001872e-20
  44871.7500000   5.2431409e-20
  45033.4492188   5.1673365e-20
  45195.1484375   5.1463190e-20
  45356.8476562   5.0632352e-20
  45518.5507812   5.0438595e-20
  45680.2500000   4.9485224e-20
  45841.9492188   4.9394247e-20
  46003.6484375   4.8730596e-20
  46165.3476562   4.8154895e-20
  46327.0507812   4.8633745e-20
  46488.7500000   4.8678190e-20
  46650.4492188   4.7475776e-20
  46812.1484375   4.8076287e-20
  46973.8476562   4.7478904e-20
  47119.3789062   4.7642456e-20
  47281.0781250   4.7111464e-20
  47458.9492188   4.6916137e-20
  47620.6484375   4.6280090e-20
  47782.3476562   4.6375513e-20
  47944.0507812   4.6331950e-20
  48105.7500000   4.6059882e-20
  48267.4492188   4.6677931e-20
  48429.1484375   4.6179183e-20
  48590.8476562   4.5943511e-20
  48752.5507812   4.5600968e-20
  48914.2500000   4.5921319e-20
  49075.9492188   4.5979846e-20
  49237.6484375   4.5846356e-20
  49399.3476562   4.5870121e-20
  49561.0507812   4.5526528e-20
  49722.7500000   4.5725106e-20
  49884.4492188   4.5484161e-20
  50046.1484375   4.5523329e-20
  50207.8476562   4.5003501e-20
  50369.5507812   4.3203165e-20
  50531.2500000   4.3818281e-20
  50692.9492188   4.3560019e-20
  50854.6484375   4.4162171e-20
  51016.3476562   4.1721672e-20
  51178.0507812   4.1514764e-20
  51339.7500000   4.1145928e-20
  51501.4492188   4.2521736e-20
  51663.1484375   4.1448815e-20
  51905.6992188   4.1778696e-20
  52229.0976562   4.2043936e-20
  52552.5000000   4.1130932e-20
  52875.8984375   4.1855097e-20
  53199.3007812   4.0127103e-20
  53522.6992188   4.0816203e-20
  53846.0976562   3.9930558e-20
  54169.5000000   3.9610571e-20
  54492.8984375   3.8598222e-20
  54816.3007812   3.8805589e-20
  55139.6992188   3.8039510e-20
  55463.0976562   3.7642317e-20
  55786.5000000   3.6838321e-20
  56109.8984375   3.5798264e-20
  56433.3007812   3.5701235e-20
  56756.6992188   3.5229451e-20
  57080.0976562   3.4685515e-20
  57403.5000000   3.3997937e-20
  57726.8984375   3.3720308e-20
  58050.3007812   3.2992112e-20
  58373.6992188   3.2319359e-20
  58697.0976562   3.1678681e-20
  59020.5000000   3.1234395e-20
  59343.8984375   3.0738235e-20
  59667.3007812   3.0184790e-20
  59990.6992188   2.9828191e-20
  60314.0976562   2.9039568e-20
  60637.5000000   2.8321882e-20
  60960.8984375   2.8269440e-20
  61284.3007812   2.7367629e-20
  61607.6992188   2.7602771e-20
  61931.0976562   2.7008463e-20
  62254.5000000   2.6681767e-20
  62577.8984375   2.6031723e-20
  62901.3007812   2.5270121e-20
  63224.6992188   2.5303439e-20
  63548.0976562   2.4830070e-20
  63871.5000000   2.4322044e-20
  64194.8984375   2.3956193e-20
  64518.3007812   2.3662364e-20
  64841.6992188   2.3440809e-20
  65165.0976562   2.3162456e-20
  65488.5000000   2.2540761e-20
  65811.8984375   2.2190787e-20
  66135.2968750   2.2040530e-20
  66458.7031250   2.1633427e-20
  66782.1015625   2.1245971e-20
  67105.5000000   2.0965487e-20
  67428.8984375   2.0702975e-20
  67752.2968750   2.0296051e-20
  68075.7031250   2.0160573e-20
  68399.1015625   1.9769431e-20
  68722.5000000   1.9487461e-20
  69045.8984375   1.9316444e-20
  69369.2968750   1.8997332e-20
  69692.7031250   1.8714452e-20
  70016.1015625   1.8239360e-20
  70339.5000000   1.8058346e-20
  70662.8984375   1.7857002e-20
  70986.2968750   1.7631629e-20
  71309.7031250   1.7231715e-20
  71633.1015625   1.7151079e-20
  71956.5000000   1.6794632e-20
  72279.8984375   1.6586603e-20
  72603.2968750   1.6382446e-20
  72926.7031250   1.6146443e-20
  73250.1015625   1.5849461e-20
  73573.5000000   1.5761927e-20
  73896.8984375   1.5444727e-20
  74220.2968750   1.3174096e-20
  74543.7031250   1.4048966e-20
  74867.1015625   1.3964693e-20
  75190.5000000   1.2040460e-20
  75513.8984375   1.2989845e-20
  75837.2968750   1.2346545e-20
  76160.7031250   1.1090055e-20
  76484.1015625   1.2020013e-20
  76807.5000000   1.1456599e-20
  77130.8984375   1.0523540e-20
  77454.2968750   1.1287938e-20
  77777.7031250   1.0999300e-20
  78101.1015625   1.0161870e-20
  78424.5000000   1.0674168e-20
  78747.8984375   1.0382923e-20
  79071.2968750   9.9874555e-21
  79394.6953125   1.0014029e-20
  79718.1015625   1.0078667e-20
  80041.5000000   9.8199595e-21
  80364.8984375   8.9623040e-21
  80688.2968750   8.9512890e-21
  81011.6953125   9.1922780e-21
  81335.1015625   8.8003963e-21
  81658.5000000   9.0854756e-21
  81981.8984375   9.1498252e-21
  82305.2968750   9.1172534e-21
  82628.6953125   9.1014513e-21
  82952.1015625   9.1296344e-21
  83275.5000000   9.2034676e-21
  83598.8984375   8.8998987e-21
  83922.2968750   8.9280463e-21
  84245.6953125   8.9551034e-21
  84569.1015625   8.7464139e-21
  84892.5000000   8.6123541e-21
  85215.8984375   8.6722868e-21
  85539.2968750   8.5905574e-21
  85862.6953125   8.4637548e-21
  86186.1015625   8.3342106e-21
  86509.5000000   8.3722908e-21
  86832.8984375   8.2883651e-21
  87156.2968750   8.0991604e-21
  87479.6953125   8.1214224e-21
  87803.1015625   8.0278379e-21
  88126.5000000   8.0075558e-21
  88449.8984375   7.8058151e-21
  88773.2968750   7.8249339e-21
  89096.6953125   7.7234621e-21
  89420.1015625   7.6218675e-21
  89743.5000000   7.4931214e-21
  90066.8984375   7.4932200e-21
  90390.2968750   7.4555687e-21
  90713.6953125   7.3567868e-21
  91037.1015625   7.2245179e-21
  91360.5000000   7.1904581e-21
  91683.8984375   7.1298623e-21
  92007.2968750   7.0080107e-21
  92330.6953125   6.9499594e-21
  92654.1015625   6.8780246e-21
  92977.5000000   6.7663592e-21
  93300.8984375   6.7209269e-21
  93624.2968750   6.6338597e-21
  93947.6953125   6.5752094e-21
  94271.1015625   6.4994994e-21
  94594.5000000   6.3745769e-21
  94917.8984375   6.3461684e-21
  95241.2968750   6.2420959e-21
  95564.6953125   6.1663746e-21
  95888.1015625   6.1133882e-21
  96211.5000000   6.0395728e-21
  96534.8984375   5.9562812e-21
  96858.2968750   5.8862500e-21
  97181.6953125   5.8162248e-21
  97505.1015625   5.7632343e-21
  97828.5000000   5.6856259e-21
  98151.8984375   5.5815401e-21
  98475.2968750   5.5512511e-21
  98798.6953125   5.4944693e-21
  99122.1015625   5.4358093e-21
  99445.5000000   5.3846998e-21
  99768.8984375   5.3051943e-21
 100092.2968750   5.2503068e-21
 100415.6953125   5.2105670e-21
 100739.1015625   5.1273008e-21
 101062.5000000   5.0856550e-21
 101385.8984375   5.0307626e-21
 101709.2968750   4.9739719e-21
 102032.6953125   4.9134181e-21
 102356.1015625   4.8509591e-21
 102679.5000000   4.8112193e-21
 103002.8984375   4.7563220e-21
 103326.2968750   4.7090156e-21
 103811.3984375   4.6257329e-21
 104458.1953125   4.5235147e-21
 105105.0000000   4.4269947e-21
 105751.7968750   4.3285784e-21
 106398.6015625   4.2188025e-21
 107045.3984375   4.1412058e-21
 107692.1953125   4.0579195e-21
 108339.0000000   3.9859948e-21
 108985.7968750   3.8951576e-21
 109632.6015625   3.8137703e-21
 110279.3984375   3.7361664e-21
 110926.1953125   3.6737018e-21
 111573.0000000   3.6017786e-21
 112219.7968750   3.5260722e-21
 112866.6015625   3.4484715e-21
 113513.3984375   3.3879141e-21
 114160.1953125   3.3103142e-21
 114807.0000000   3.2402787e-21
 115453.7968750   3.1778177e-21
 116100.6015625   3.1115827e-21
 116747.3984375   3.0566862e-21
 117394.1953125   2.9904401e-21
 118041.0000000   2.9223035e-21
 118687.7968750   2.8636318e-21
 119334.6015625   2.7898195e-21
 119981.3984375   2.7311436e-21
 120628.1953125   2.6838309e-21
 121275.0000000   2.6100182e-21
 121921.7968750   2.5816200e-21
 122568.6015625   2.5305216e-21
 123215.3984375   2.4851016e-21
 123862.1953125   2.4415690e-21
 124509.0000000   2.3999262e-21
 125155.7968750   2.3469343e-21
 125802.6015625   2.3052954e-21
 126449.3984375   2.2617614e-21
 127096.1953125   2.2258037e-21
 127743.0000000   2.1765895e-21
 128389.7968750   2.1406319e-21
 129036.6015625   2.0914171e-21
 129683.3984375   2.0592435e-21
 130330.1953125   2.0251710e-21
 130977.0000000   1.9835353e-21
 131623.7968750   1.9551498e-21
 132270.5937500   1.9229685e-21
 132917.4062500   1.8926878e-21
 133564.2031250   1.8620252e-21
 134211.0000000   1.8249295e-21
 134857.7968750   1.7906713e-21
 135504.5937500   1.7645497e-21
 136151.4062500   1.7310525e-21
 136798.2031250   1.7106095e-21
 137445.0000000   1.6772961e-21
 138091.7968750   1.6528864e-21
 138738.5937500   1.5720654e-21
 139385.4062500   1.5007094e-21
 140032.2031250   1.5029851e-21
 140679.0000000   1.4320072e-21
 141325.7968750   1.3949122e-21
 141972.5937500   1.3651965e-21
 142619.4062500   1.3044384e-21
 143266.2031250   1.2942183e-21
 143913.0000000   1.2646965e-21
 144559.7968750   1.2187028e-21
 145206.5937500   1.2236209e-21
 145853.4062500   1.1916361e-21
 146500.2031250   1.1551075e-21
 147147.0000000   1.1507529e-21
 147793.7968750   1.1308827e-21
 148440.5937500   1.0920792e-21
 149087.4062500   1.0977583e-21
 149734.2031250   1.0727744e-21
 150381.0000000   1.0561182e-21
 151027.7968750   1.0468454e-21
 151674.5937500   1.0290541e-21
 152321.4062500   1.0097496e-21
 152968.2031250   1.0110720e-21
 153615.0000000   9.8968525e-22
 154261.7968750   9.7624660e-22
 154908.5937500   9.6186191e-22
 155555.4062500   9.4104477e-22
 156202.2031250   9.4331649e-22
 156849.0000000   9.2438958e-22
 157495.7968750   9.0678574e-22
 158142.5937500   8.9713220e-22
 158789.3906250   8.8180382e-22
 159436.2031250   8.7082388e-22
 160083.0000000   8.5511462e-22
 160729.7968750   8.5019415e-22
 161376.5937500   8.3486440e-22
 162023.3906250   8.2748343e-22
 162670.2031250   8.1593900e-22
 163317.0000000   7.9814685e-22
 163963.7968750   7.9057646e-22
 164610.5937500   7.8054381e-22
 165257.3906250   7.6767268e-22
 165904.2031250   7.5669679e-22
 166551.0000000   7.4723192e-22
 167197.7968750   7.4458175e-22
 167844.5937500   7.3133293e-22
 168491.3906250   7.2111409e-22
 169138.2031250   7.1070400e-22
 169785.0000000   7.0464656e-22
 170431.7968750   7.0199629e-22
 171078.5937500   6.8515243e-22
 171725.3906250   6.7455307e-22
 172372.2031250   6.6963254e-22
 173019.0000000   6.6073707e-22
 173665.7968750   6.5278783e-22
 174312.5937500   6.4559442e-22
 174959.3906250   6.3783572e-22
 175606.2031250   6.2704789e-22
 176253.0000000   6.2363961e-22
 176899.7968750   6.1228460e-22
 177546.5937500   6.0736469e-22
 178193.3906250   5.9695324e-22
 178840.2031250   5.9865713e-22
 179487.0000000   5.8332616e-22
 180133.7968750   5.8162248e-22
 180780.5937500   5.7140126e-22
 181427.3906250   5.6818569e-22
 182074.2031250   5.5682942e-22
 182721.0000000   5.5399013e-22
 183367.7968750   5.4660927e-22
 184014.5937500   5.3638821e-22
 184661.3906250   5.3392741e-22
 185308.2031250   5.2786997e-22
 185955.0000000   5.2086676e-22
 186601.7968750   5.1405362e-22
 187248.5937500   5.1045854e-22
 187895.3906250   5.0307626e-22
 188542.2031250   4.9777744e-22
 189189.0000000   4.9190968e-22
 189835.7968750   4.8414880e-22
 190482.5937500   4.7903880e-22
 191129.3906250   4.7222496e-22
 191776.2031250   4.6881946e-22
 192423.0000000   4.6181619e-22
 193069.7968750   4.5840922e-22
 193716.5937500   4.5291996e-22
 194363.3906250   4.4762033e-22
 195010.2031250   4.4232049e-22
 195657.0000000   4.3607489e-22
 196303.7968750   4.3153297e-22
 196950.5937500   4.2604361e-22
 197597.3906250   4.2074413e-22
 198244.2031250   4.1676983e-22
 198891.0000000   4.1222799e-22
 199537.7968750   4.0844176e-22
 200184.5937500   4.0314167e-22
 200831.3906250   3.9916708e-22
 201478.2031250   3.9348930e-22
 202125.0000000   3.8837983e-22
 202771.7968750   3.8402587e-22
 203418.5937500   3.7967239e-22
 204065.3906250   3.7513093e-22
 204712.2031250   3.7210193e-22
 205359.0000000   3.6737020e-22
 206005.7968750   3.6453189e-22
 206652.5937500   3.5923158e-22
 207622.7968750   3.5336528e-22
 208916.3906250   3.4503653e-22
 210210.0000000   3.3746679e-22
 211503.5937500   3.2989504e-22
 212797.2031250   3.2289281e-22
 214090.7968750   3.1532106e-22
 215384.3906250   3.0869730e-22
 216678.0000000   3.0207337e-22
 217971.5937500   2.9525940e-22
 219265.2031250   2.8882364e-22
 220558.7968750   2.8257770e-22
 221852.3906250   2.7690070e-22
 223146.0000000   2.7046446e-22
 224439.5937500   2.6478648e-22
 225733.2031250   2.5910933e-22
 227026.7968750   2.5361959e-22
 228320.3906250   2.4832034e-22
 229614.0000000   2.4321082e-22
 230907.5937500   2.3809975e-22
 232201.2031250   2.3317903e-22
 233494.7968750   2.2844728e-22
 234788.3906250   2.2371525e-22
 236082.0000000   2.1917361e-22
 237375.5937500   2.1463083e-22
 238669.2031250   2.1027732e-22
 239962.7968750   2.0573543e-22
 241256.3906250   2.0138185e-22
 242550.0000000   1.9740714e-22
 243843.5937500   1.9381112e-22
 245137.2031250   1.9002589e-22
 246430.7968750   1.8618372e-22
 247724.3906250   1.8243606e-22
 249018.0000000   1.7889656e-22
 250311.5937500   1.7547119e-22
 251605.2031250   1.7210235e-22
 252898.7968750   1.6871444e-22
 254192.3906250   1.6542081e-22
 255486.0000000   1.6224136e-22
 256779.5937500   1.5921320e-22
 258073.2031250   1.5622233e-22
 259366.7968750   1.5319411e-22
 260660.3906250   1.5026022e-22
 261954.0000000   1.4749714e-22
 263247.5937500   1.4467679e-22
 264541.1875000   1.4204631e-22
 265834.8125000   1.3935835e-22
 267128.4062500   1.3678430e-22
 268422.0000000   1.3430500e-22
 269715.5937500   1.3178783e-22
 271009.1875000   1.2944116e-22
 272302.8125000   1.2715077e-22
 273596.4062500   1.2484169e-22
 274890.0000000   1.2260846e-22
 276183.5937500   1.2045060e-22
 277477.1875000   1.1833074e-22
 278770.8125000   1.1626760e-22
 280064.4062500   1.1424242e-22
 281358.0000000   1.1223624e-22
 282651.5937500   1.1030599e-22
 283945.1875000   1.0843226e-22
 285238.8125000   1.0659600e-22
 286532.4062500   1.0477930e-22
 287826.0000000   1.0299991e-22
 289119.5937500   1.0125873e-22
 290413.1875000   9.9479689e-23
 291706.8125000   9.7871076e-23
 293000.4062500   9.6205197e-23
 294294.0000000   9.4482988e-23
 295587.5937500   9.2931084e-23
 296881.1875000   9.1397847e-23
 298174.8125000   8.9940449e-23
 299468.4062500   8.8521067e-23
 300762.0000000   8.7120259e-23
 302055.5937500   8.5625336e-23
 303349.1875000   8.4224476e-23
 304642.8125000   8.2842884e-23
 305936.4062500   8.1498993e-23
 307230.0000000   8.0249823e-23
 308523.5937500   7.8981984e-23
 309817.1875000   7.7713698e-23
 311110.8125000   7.6483580e-23
 312404.4062500   7.5253089e-23
 313698.0000000   7.4042081e-23
 314991.5937500   7.2868470e-23
 316285.1875000   7.1808651e-23
 317578.7812500   7.0691858e-23
 318872.4062500   6.9631881e-23
 320166.0000000   6.8591115e-23
 321459.5937500   6.7493235e-23
 322753.1875000   6.6414389e-23
 324046.7812500   6.5373459e-23
 646800.0000000   4.2869380e-24
1293600.0000000   2.7481809e-25
1940400.0000000   5.4528334e-26
2587200.0000000   1.7255647e-26
3234000.0000000   7.0597235e-27
3880800.0000000   3.3992710e-27
4527600.0000000   1.8317468e-27
5174400.0000000   1.0718278e-27
