    340.3399963   1.7442126e-23
    351.5599976   1.9805625e-23
    359.0400085   2.1090299e-23
    366.5199890   1.1125740e-22
    374.0000000   3.0523732e-22
    381.4800110   3.3093038e-22
    388.9599915   3.1441873e-22
    396.4400024   3.1956690e-22
    403.9200134   3.2598976e-22
    411.3999939   3.7194259e-22
    426.3600159   3.8577628e-22
    441.3200073   3.7474149e-22
    452.5400085   4.7393385e-22
    467.5000000   4.9205119e-22
    474.9800110   5.0234657e-22
    478.7200012   5.1058077e-22
    489.9400024   4.9246408e-22
    493.6799927   5.0934671e-22
    501.1600037   4.8669956e-22
    512.3800049   5.4105266e-22
    523.5999756   5.4228732e-22
    534.8200073   6.8516591e-22
    549.7800293   8.5439952e-22
    564.7399902   7.6545908e-22
    579.7000122   8.6346044e-22
    594.6599731   8.6675452e-22
    605.8800049   8.6840060e-22
    620.8400269   8.7375254e-22
    635.7999878   8.7334208e-22
    647.0200195   7.1934431e-22
    661.9799805   8.7992943e-22
    673.2000122   8.8157733e-22
    680.6799927   8.8157733e-22
    695.6400146   8.8322432e-22
    714.3400269   8.8404706e-22
    725.5599976   8.8981198e-22
    740.5200195   8.8734164e-22
    755.4799805   8.9063300e-22
    766.7000122   8.8981198e-22
    785.4000244   8.6263417e-22
    807.8400269   8.8939788e-22
    822.7999878   8.9269287e-22
    834.0200195   8.8198779e-22
    848.9799805   8.9516624e-22
    860.2000122   1.1228677e-21
    875.1599731   1.6799759e-21
    897.5999756   1.8331510e-21
    920.0399780   1.6774618e-21
    942.4799805   1.6504309e-21
    961.1799927   1.4612345e-21
    972.4000244   1.5024338e-21
    987.3599854   1.8229469e-21
   1006.0599976   1.8025661e-21
   1024.7600098   1.7645457e-21
   1043.4599609   1.4717131e-21
   1062.1600342   1.6788253e-21
   1084.5999756   1.6669599e-21
   1107.0400391   1.4746570e-21
   1125.7399902   1.3047908e-21
   1151.9200439   1.3382484e-21
   1189.3199463   1.2335733e-21
   1226.7199707   1.1896202e-21
   1264.1199951   1.0558468e-21
   1301.5200195   9.3909395e-22
   1335.1800537   1.1882208e-21
   1368.8399658   1.7066661e-21
   1402.5000000   1.5932476e-21
   1439.9000244   1.1962635e-21
   1477.3000488   1.6791719e-21
   1514.6999512   1.9693906e-21
   1548.3599854   1.8659914e-21
   1578.2800293   1.6257266e-21
   1608.1999512   1.4927785e-21
   1649.3399658   1.6547057e-21
   1686.7399902   1.6124509e-21
   1720.4000244   1.3637731e-21
   1757.8000488   1.3329458e-21
   1795.1999512   1.4425708e-21
   1832.5999756   1.1762478e-21
   1870.0000000   1.4039746e-21
   1892.4400635   1.1858645e-21
   1914.8800049   1.8340690e-21
   1944.8000488   1.7023316e-21
   1982.1999512   1.5293294e-21
   2019.5999756   1.2266582e-21
   2057.0000000   1.1640579e-21
   2094.3999023   1.5012071e-21
   2131.8000488   1.6531006e-21
   2169.1999512   1.5927997e-21
   2206.6000977   1.6038486e-21
   2244.0000000   1.3332267e-21
   2281.3999023   1.2872485e-21
   2318.8000488   1.6324235e-21
   2356.1999512   1.5377415e-21
   2393.6000977   1.7044561e-21
   2431.0000000   1.6525488e-21
   2460.9199219   1.5290340e-21
   2487.1000977   1.7459295e-21
   2524.5000000   1.8690261e-21
   2561.8999023   1.6338077e-21
   2599.3000488   1.9487075e-21
   2636.6999512   1.6191569e-21
   2677.8400879   2.1586781e-21
   2715.2399902   2.2686806e-21
   2748.8999023   2.3683314e-21
   2786.3000488   2.4006587e-21
   2823.6999512   2.5128406e-21
   2861.1000977   2.3883758e-21
   2898.5000000   2.8389691e-21
   2935.8999023   2.7821049e-21
   2973.3000488   3.2232676e-21
   3010.6999512   3.6333553e-21
   3048.1000977   4.1169878e-21
   3085.5000000   4.7414203e-21
   3122.8999023   4.2901678e-21
   3160.3000488   6.0664885e-21
   3197.6999512   6.8715485e-21
   3235.1000977   8.2615253e-21
   3272.5000000   9.6796627e-21
   3309.8999023   1.1383997e-20
   3347.3000488   1.3481411e-20
   3384.6999512   1.5718341e-20
   3422.1000977   1.8178300e-20
   3459.5000000   5.7192224e-20
   3496.8999023   1.0180966e-19
   3534.3000488   1.4677176e-19
   3571.6999512   1.8787042e-19
   3609.1000977   2.0506112e-19
   3646.5000000   9.2777540e-20
   3683.8999023   1.8710793e-19
   3721.3000488   1.8444732e-19
   3758.6999512   2.3460016e-19
   3796.1000977   2.4425501e-19
   3833.5000000   1.7344655e-19
   3870.8999023   2.6043213e-19
   3908.3000488   3.6207073e-19
   3945.6999512   3.5324345e-19
   3983.1000977   3.0129894e-19
   4020.5000000   3.3492202e-19
   4057.8999023   2.9544167e-19
   4095.3000488   3.4939388e-19
   4132.7001953   3.3693881e-19
   4170.1000977   3.3134340e-19
   4207.5000000   2.9460852e-19
   4244.8999023   3.5292558e-19
   4282.2998047   3.3615692e-19
   4319.7001953   3.4117819e-19
   4357.1000977   3.3932970e-19
   4394.5000000   2.3402904e-19
   4431.8999023   3.2622752e-19
   4469.2998047   2.7603074e-19
   4506.7001953   2.3553032e-19
   4544.1000977   1.9131673e-19
   4581.5000000   3.8307497e-19
   4618.8999023   4.7232551e-19
   4656.2998047   4.9450356e-19
   4693.7001953   4.8432847e-19
   4731.1000977   4.6367268e-19
   4768.5000000   5.4719647e-19
   4805.8999023   5.6576409e-19
   4843.2998047   4.8781022e-19
   4880.7001953   4.9091148e-19
   4918.1000977   5.6998136e-19
   4955.5000000   5.5126092e-19
   4992.8999023   5.1747282e-19
   5030.2998047   5.7332803e-19
   5067.7001953   5.6267901e-19
   5105.1000977   5.2438427e-19
   5142.5000000   5.3216809e-19
   5179.8999023   5.3207928e-19
   5217.2998047   4.1936881e-19
   5254.7001953   4.1570318e-19
   5292.1000977   5.0776089e-19
   5329.5000000   5.0262017e-19
   5366.8999023   5.1956336e-19
   5393.0800781   5.3399653e-19
   5411.7797852   5.3857523e-19
   5441.7001953   5.2406886e-19
   5479.1000977   4.9727596e-19
   5516.5000000   5.0462629e-19
   5553.8999023   5.1474157e-19
   5591.2998047   5.1707753e-19
   5628.7001953   4.9321301e-19
   5654.8798828   4.5291499e-19
   5673.5800781   4.7311857e-19
   5703.5000000   4.6504921e-19
   5740.8999023   4.0405537e-19
   5778.2998047   3.8653778e-19
   5815.7001953   3.7884704e-19
   5853.1000977   4.1102667e-19
   5890.5000000   4.3652994e-19
   5927.8999023   4.4903505e-19
   5965.2998047   4.5399239e-19
   6002.7001953   4.4406741e-19
   6040.1000977   4.3995198e-19
   6077.5000000   4.2917695e-19
   6114.8999023   4.5204459e-19
   6152.2998047   4.5625907e-19
   6189.7001953   4.4062107e-19
   6227.1000977   4.6328995e-19
   6253.2797852   4.2296459e-19
   6271.9799805   4.7810243e-19
   6301.8999023   4.8152039e-19
   6339.2998047   4.5810829e-19
   6376.7001953   4.4528016e-19
   6414.1000977   4.2305563e-19
   6451.5000000   4.1705273e-19
   6488.8999023   4.3978779e-19
   6526.2998047   4.3180495e-19
   6563.7001953   4.4664532e-19
   6601.1000977   4.2435265e-19
   6638.5000000   4.2271388e-19
   6675.8999023   4.3243881e-19
   6713.2998047   4.4887137e-19
   6750.7001953   4.4883192e-19
   6788.1000977   4.1789245e-19
   6825.5000000   4.2532472e-19
   6862.8999023   4.1450359e-19
   6900.2998047   3.8596103e-19
   6937.7001953   3.8728203e-19
   6975.1000977   3.9408161e-19
   7012.5000000   4.1308973e-19
   7049.8999023   3.8165431e-19
   7087.2998047   3.6633823e-19
   7124.7001953   3.8622893e-19
   7162.1000977   3.7038749e-19
   7199.5000000   3.5770841e-19
   7236.8999023   3.7301410e-19
   7274.2998047   3.8326850e-19
   7311.7001953   3.5490890e-19
   7356.5800781   3.8297909e-19
   7390.2402344   3.9279085e-19
   7420.1601562   3.7302555e-19
   7461.2998047   3.6376500e-19
   7498.7001953   3.7387514e-19
   7536.1000977   3.6505817e-19
   7573.5000000   3.7681267e-19
   7610.8999023   3.5575784e-19
   7648.2998047   3.6393600e-19
   7685.7001953   3.3084756e-19
   7723.1000977   3.4148849e-19
   7756.7602539   3.7238392e-19
   7771.7202148   3.5164141e-19
   7797.8999023   3.6267708e-19
   7835.2998047   3.4491152e-19
   7872.7001953   3.4899208e-19
   7910.1000977   3.5214058e-19
   7947.5000000   3.5412729e-19
   7984.8999023   3.3810690e-19
   8022.2998047   3.3770028e-19
   8059.7001953   3.4817456e-19
   8097.1000977   3.3921795e-19
   8134.5000000   3.3778781e-19
   8171.8999023   3.3037128e-19
   8209.2998047   3.4158449e-19
   8246.7001953   3.3543135e-19
   8284.0996094   3.2368436e-19
   8321.5000000   3.1667206e-19
   8358.9003906   3.2745338e-19
   8396.2998047   3.1924844e-19
   8433.7001953   3.0981440e-19
   8471.0996094   3.1571388e-19
   8508.5000000   3.1991794e-19
   8545.9003906   3.2312048e-19
   8583.2998047   3.0552968e-19
   8620.7001953   3.0917421e-19
   8658.0996094   2.9976917e-19
   8695.5000000   2.5507006e-19
   8732.9003906   2.8617520e-19
   8770.2998047   2.8163796e-19
   8807.7001953   2.9139027e-19
   8845.0996094   2.7742958e-19
   8882.5000000   2.7924118e-19
   8919.9003906   2.6533532e-19
   8957.2998047   2.7504086e-19
   8994.7001953   2.6686746e-19
   9032.0996094   2.6895597e-19
   9069.5000000   2.7634003e-19
   9106.9003906   2.6679480e-19
   9144.2998047   2.7499738e-19
   9181.7001953   2.7099654e-19
   9219.0996094   2.6840018e-19
   9256.5000000   2.6131548e-19
   9293.9003906   2.6354104e-19
   9331.2998047   2.3358234e-19
   9368.7001953   2.6515944e-19
   9398.6201172   2.4600874e-19
   9417.3203125   2.5410960e-19
   9443.5000000   2.4757384e-19
   9480.9003906   2.4830013e-19
   9518.2998047   2.4336626e-19
   9555.7001953   2.5177897e-19
   9593.0996094   2.4803093e-19
   9630.5000000   2.5532897e-19
   9667.9003906   2.5280498e-19
   9705.2998047   2.4980082e-19
   9742.7001953   2.4423785e-19
   9780.0996094   2.4094574e-19
   9817.5000000   2.4602386e-19
   9854.9003906   2.4797101e-19
   9892.2998047   2.5771055e-19
   9929.7001953   2.5822265e-19
   9967.0996094   2.4340901e-19
  10004.5000000   2.4877279e-19
  10041.9003906   2.4786759e-19
  10079.2998047   2.3970663e-19
  10116.7001953   2.4180653e-19
  10154.0996094   2.3515202e-19
  10191.5000000   2.3507977e-19
  10228.9003906   2.3984141e-19
  10266.2998047   2.2203120e-19
  10303.7001953   2.2316718e-19
  10341.0996094   2.2619251e-19
  10378.5000000   2.3198544e-19
  10415.9003906   2.2489097e-19
  10453.2998047   1.9784847e-19
  10490.7001953   2.0610486e-19
  10528.0996094   2.2650167e-19
  10565.5000000   2.2932432e-19
  10602.9003906   2.2090486e-19
  10640.2998047   2.1805554e-19
  10677.7001953   2.1392831e-19
  10715.0996094   2.2204580e-19
  10752.5000000   2.1938497e-19
  10789.9003906   2.1883262e-19
  10827.2998047   2.1601099e-19
  10883.4003906   2.2351932e-19
  10958.2001953   2.1796077e-19
  11033.0000000   2.1422353e-19
  11107.7998047   2.1476990e-19
  11182.5996094   2.1331379e-19
  11257.4003906   2.1275524e-19
  11332.2001953   2.1162577e-19
  11407.0000000   2.1000089e-19
  11481.7998047   2.0881544e-19
  11556.5996094   2.0747348e-19
  11631.4003906   2.0552182e-19
  11706.2001953   2.0221715e-19
  11781.0000000   2.0164069e-19
  11855.7998047   1.9914916e-19
  11930.5996094   1.9206008e-19
  12005.4003906   1.9358101e-19
  12080.2001953   1.8812473e-19
  12155.0000000   1.9074790e-19
  12229.7998047   1.9099771e-19
  12304.5996094   1.8879267e-19
  12379.4003906   1.8696829e-19
  12454.2001953   1.8388681e-19
  12529.0000000   1.8041817e-19
  12603.7998047   1.7552398e-19
  12678.5996094   1.7454847e-19
  12753.4003906   1.7352883e-19
  12828.2001953   1.7122441e-19
  12903.0000000   1.6987617e-19
  12977.7998047   1.6814227e-19
  13052.5996094   1.6760111e-19
  13127.4003906   1.6757314e-19
  13202.2001953   1.6409195e-19
  13277.0000000   1.6504599e-19
  13351.7998047   1.5736299e-19
  13426.5996094   1.5521667e-19
  13501.4003906   1.5650354e-19
  13576.2001953   1.5629266e-19
  13613.5996094   1.5602520e-19
  13651.0000000   1.5929606e-19
  13725.7998047   1.5631326e-19
  13800.5996094   1.4733042e-19
  13875.4003906   1.5553808e-19
  13950.2001953   1.5101939e-19
  14025.0000000   1.7325470e-19
  14099.7998047   1.7934613e-19
  14174.5996094   1.9914129e-19
  14249.4003906   2.1650678e-19
  14324.2001953   1.7899598e-19
  14399.0000000   2.2308976e-19
  14473.7998047   2.3628249e-19
  14548.5996094   1.7387976e-19
  14623.4003906   2.3966137e-19
  14698.2001953   2.0995479e-19
  14773.0000000   2.2845379e-19
  14847.7998047   1.5553739e-19
  14922.5996094   2.3677280e-19
  14997.4003906   2.5190064e-19
  15072.2001953   2.4909528e-19
  15147.0000000   2.4803202e-19
  15221.7998047   2.3875366e-19
  15296.5996094   2.1728409e-19
  15371.4003906   1.8485686e-19
  15446.2001953   2.3222806e-19
  15521.0000000   2.3803228e-19
  15595.7998047   2.3723393e-19
  15670.5996094   2.3568968e-19
  15745.4003906   2.3582945e-19
  15820.2001953   2.3221173e-19
  15895.0000000   2.3221584e-19
  15969.7998047   2.2504015e-19
  16044.5996094   2.2304959e-19
  16119.4003906   2.0993174e-19
  16194.2001953   1.9327773e-19
  16269.0000000   1.7503517e-19
  16343.7998047   2.2111352e-19
  16418.5996094   2.1756484e-19
  16493.4003906   2.1931564e-19
  16568.1992188   2.2025868e-19
  16643.0000000   2.2079911e-19
  16717.8007812   2.2038061e-19
  16792.5996094   2.2023257e-19
  16867.4003906   2.2849293e-19
  16942.1992188   2.1766612e-19
  17017.0000000   2.1677509e-19
  17091.8007812   2.2268646e-19
  17166.5996094   2.1578911e-19
  17241.4003906   2.1742631e-19
  17316.1992188   2.1199414e-19
  17391.0000000   2.1239113e-19
  17465.8007812   2.1368135e-19
  17540.5996094   2.0932503e-19
  17615.4003906   2.0345895e-19
  17690.1992188   2.0857896e-19
  17765.0000000   2.0959733e-19
  17839.8007812   2.0839033e-19
  17914.5996094   2.0597093e-19
  17989.4003906   2.0225799e-19
  18064.1992188   2.0003450e-19
  18139.0000000   1.7565123e-19
  18213.8007812   1.5251842e-19
  18288.5996094   1.9119409e-19
  18363.4003906   1.9407900e-19
  18438.1992188   1.9095577e-19
  18513.0000000   1.9531628e-19
  18587.8007812   1.9306733e-19
  18662.5996094   1.8562566e-19
  18737.4003906   1.7893938e-19
  18812.1992188   1.8359066e-19
  18887.0000000   1.8148786e-19
  18961.8007812   1.8544070e-19
  19036.5996094   1.8005010e-19
  19111.4003906   1.8053549e-19
  19186.1992188   1.7650186e-19
  19261.0000000   1.7252880e-19
  19335.8007812   1.6697149e-19
  19410.5996094   1.6795923e-19
  19485.4003906   1.7037377e-19
  19560.1992188   1.7196521e-19
  19635.0000000   1.7438526e-19
  19709.8007812   1.6411574e-19
  19784.5996094   1.7316492e-19
  19859.4003906   1.7536295e-19
  19934.1992188   1.6580738e-19
  20009.0000000   1.7182026e-19
  20083.8007812   1.7072057e-19
  20158.5996094   1.6753266e-19
  20233.4003906   1.6490471e-19
  20308.1992188   1.6538631e-19
  20383.0000000   1.6731209e-19
  20457.8007812   1.6356600e-19
  20532.5996094   1.6305102e-19
  20607.4003906   1.6169327e-19
  20682.1992188   1.6254767e-19
  20757.0000000   1.6336283e-19
  20831.8007812   1.6111696e-19
  20906.5996094   1.5798207e-19
  20981.4003906   1.6024896e-19
  21056.1992188   1.5825638e-19
  21131.0000000   1.5806535e-19
  21205.8007812   1.5552577e-19
  21280.5996094   1.5748538e-19
  21355.4003906   1.5459078e-19
  21430.1992188   1.6025319e-19
  21505.0000000   1.5557769e-19
  21579.8007812   1.5622404e-19
  21654.5996094   1.5242267e-19
  21729.4003906   1.5488503e-19
  21804.1992188   1.5649942e-19
  21879.0000000   1.5299340e-19
  21953.8007812   1.5173274e-19
  22028.5996094   1.4428939e-19
  22103.4003906   1.4974537e-19
  22178.1992188   1.4925360e-19
  22253.0000000   1.4856495e-19
  22327.8007812   1.4943396e-19
  22402.5996094   1.4698529e-19
  22477.4003906   1.4539177e-19
  22552.1992188   1.4692140e-19
  22627.0000000   1.4759205e-19
  22701.8007812   1.4716615e-19
  22776.5996094   1.4352528e-19
  22851.4003906   1.4328911e-19
  22926.1992188   1.3861639e-19
  23001.0000000   1.3876744e-19
  23075.8007812   1.3557529e-19
  23150.5996094   1.3906762e-19
  23225.4003906   1.3795623e-19
  23300.1992188   1.3483306e-19
  23375.0000000   1.3119043e-19
  23449.8007812   1.3504225e-19
  23524.5996094   1.3609371e-19
  23599.4003906   1.3346973e-19
  23674.1992188   1.3424336e-19
  23749.0000000   1.3327525e-19
  23823.8007812   1.3270113e-19
  23898.5996094   1.3398951e-19
  23973.4003906   1.3174702e-19
  24048.1992188   1.3231995e-19
  24123.0000000   1.3154236e-19
  24197.8007812   1.3100043e-19
  24272.5996094   1.2842839e-19
  24347.4003906   1.3007285e-19
  24422.1992188   1.2857116e-19
  24497.0000000   1.2168229e-19
  24571.8007812   1.0895569e-19
  24646.5996094   1.2520654e-19
  24721.4003906   1.2789086e-19
  24796.1992188   1.2697916e-19
  24871.0000000   1.2618474e-19
  24945.8007812   1.2386763e-19
  25020.5996094   1.2531327e-19
  25095.4003906   1.2222969e-19
  25170.1992188   1.2391606e-19
  25245.0000000   1.2207034e-19
  25319.8007812   1.2279355e-19
  25394.5996094   1.2118470e-19
  25469.4003906   1.2134394e-19
  25544.1992188   1.2154341e-19
  25619.0000000   1.1928481e-19
  25693.8007812   1.2044875e-19
  25768.5996094   1.2088862e-19
  25843.4003906   1.2019774e-19
  25918.1992188   1.1914240e-19
  25993.0000000   1.1800405e-19
  26067.8007812   1.1840067e-19
  26142.5996094   1.1806884e-19
  26217.4003906   1.1579290e-19
  26292.1992188   1.1663300e-19
  26367.0000000   1.1605459e-19
  26441.8007812   1.1405616e-19
  26516.5996094   1.1185119e-19
  26591.4003906   1.1017163e-19
  26666.1992188   1.0844917e-19
  26741.0000000   1.0778109e-19
  26815.8007812   1.0812862e-19
  26890.5996094   1.0709267e-19
  26965.4003906   1.0837632e-19
  27040.1992188   1.0974281e-19
  27115.0000000   1.0935695e-19
  27189.8007812   1.0892937e-19
  27264.5996094   1.0735827e-19
  27339.4003906   1.0909310e-19
  27414.1992188   1.0874583e-19
  27489.0000000   1.0843821e-19
  27563.8007812   1.1078931e-19
  27638.5996094   1.0757538e-19
  27713.4003906   1.0808494e-19
  27788.1992188   1.0916789e-19
  27863.0000000   1.0853017e-19
  27937.8007812   1.0920384e-19
  28012.5996094   1.0827737e-19
  28087.4003906   1.0936174e-19
  28162.1992188   1.0978956e-19
  28237.0000000   1.1001209e-19
  28311.8007812   1.0879454e-19
  28386.5996094   1.0704095e-19
  28461.4003906   1.0668473e-19
  28536.1992188   1.0591582e-19
  28611.0000000   1.0390928e-19
  28685.8007812   1.0152971e-19
  28760.5996094   1.0347938e-19
  28835.4003906   1.0130254e-19
  28910.1992188   1.0168410e-19
  28985.0000000   1.0094946e-19
  29059.8007812   1.0100002e-19
  29134.5996094   1.0191882e-19
  29209.4003906   1.0147264e-19
  29284.1992188   1.0090160e-19
  29359.0000000   9.9749400e-20
  29433.8007812   9.9010482e-20
  29508.5996094   9.6819584e-20
  29583.4003906   9.5082195e-20
  29658.1992188   9.6207096e-20
  29733.0000000   9.4591968e-20
  29807.8007812   9.6174144e-20
  29882.5996094   9.6552069e-20
  29957.4003906   9.7678482e-20
  30032.1992188   9.7017087e-20
  30107.0000000   9.6146692e-20
  30181.8007812   9.5774984e-20
  30256.5996094   9.4069144e-20
  30331.4003906   9.3737568e-20
  30406.1992188   9.5156143e-20
  30481.0000000   9.5742175e-20
  30555.8007812   9.5660220e-20
  30630.5996094   9.3281306e-20
  30705.4003906   9.3490473e-20
  30780.1992188   9.3490473e-20
  30855.0000000   9.3615791e-20
  30929.8007812   9.3866104e-20
  31004.5996094   9.3614964e-20
  31079.4003906   9.0724969e-20
  31154.1992188   9.0722979e-20
  31229.0000000   9.0510859e-20
  31303.8007812   9.0508073e-20
  31378.5996094   8.9163104e-20
  31453.4003906   9.0376203e-20
  31528.1992188   8.8483943e-20
  31603.0000000   8.7513512e-20
  31677.8007812   8.6920565e-20
  31752.5996094   8.8175928e-20
  31827.4003906   8.4429091e-20
  31902.1992188   8.8628629e-20
  31977.0000000   8.0922446e-20
  32051.8007812   8.9796582e-20
  32126.5996094   8.6759239e-20
  32201.4003906   8.6668223e-20
  32276.1992188   9.0792333e-20
  32351.0000000   8.9564209e-20
  32425.8007812   8.0109147e-20
  32500.5996094   8.7906429e-20
  32575.4003906   9.1023898e-20
  32650.1992188   8.8821898e-20
  32725.0000000   8.2815055e-20
  32799.8007812   8.8300710e-20
  32874.6015625   9.1210776e-20
  32949.3984375   8.7650837e-20
  33024.1992188   8.9039447e-20
  33099.0000000   8.6703249e-20
  33173.8007812   8.2586598e-20
  33248.6015625   8.6346806e-20
  33323.3984375   8.8075684e-20
  33398.1992188   8.7176707e-20
  33473.0000000   8.7846219e-20
  33547.8007812   8.7328068e-20
  33622.6015625   8.6045092e-20
  33697.3984375   8.0387221e-20
  33772.1992188   8.3730815e-20
  33847.0000000   8.7034400e-20
  33921.8007812   8.7236839e-20
  33996.6015625   8.4845402e-20
  34071.3984375   8.5429818e-20
  34146.1992188   8.6482670e-20
  34221.0000000   8.6045854e-20
  34295.8007812   8.5353317e-20
  34370.6015625   8.5043499e-20
  34445.3984375   8.0172852e-20
  34520.1992188   7.6406854e-20
  34595.0000000   7.9206906e-20
  34669.8007812   8.1539271e-20
  34744.6015625   8.2379389e-20
  34819.3984375   8.1725341e-20
  34894.1992188   8.2010460e-20
  34969.0000000   8.1313263e-20
  35043.8007812   8.0956923e-20
  35118.6015625   8.1669364e-20
  35193.3984375   7.9644685e-20
  35268.1992188   8.1298264e-20
  35343.0000000   7.8415669e-20
  35417.8007812   8.0583754e-20
  35492.6015625   8.0225689e-20
  35567.3984375   7.9139103e-20
  35642.1992188   7.8394666e-20
  35717.0000000   7.3833437e-20
  35791.8007812   7.7847092e-20
  35866.6015625   7.9246229e-20
  35941.3984375   7.8886826e-20
  36016.1992188   7.9041844e-20
  36091.0000000   7.7650746e-20
  36165.8007812   7.7934321e-20
  36240.6015625   7.8346825e-20
  36315.3984375   7.7899754e-20
  36390.1992188   7.7237163e-20
  36465.0000000   7.5928834e-20
  36539.8007812   7.7029165e-20
  36614.6015625   7.5676822e-20
  36689.3984375   7.7638817e-20
  36764.1992188   7.7534540e-20
  36839.0000000   7.6827133e-20
  36913.8007812   7.5601413e-20
  36988.6015625   7.5280686e-20
  37063.3984375   7.5218228e-20
  37138.1992188   7.6018590e-20
  37213.0000000   7.5826858e-20
  37287.8007812   7.5721031e-20
  37362.6015625   7.5658210e-20
  37493.5000000   7.3286813e-20
  37680.5000000   7.1447977e-20
  37867.5000000   7.2851994e-20
  38054.5000000   7.1269345e-20
  38241.5000000   7.1418180e-20
  38428.5000000   7.1521758e-20
  38615.5000000   7.1321012e-20
  38802.5000000   7.0207187e-20
  38989.5000000   6.9176339e-20
  39176.5000000   6.8711864e-20
  39363.5000000   6.7939471e-20
  39550.5000000   6.7776459e-20
  39737.5000000   6.7348877e-20
  39924.5000000   6.6003080e-20
  40111.5000000   6.6144115e-20
  40298.5000000   6.6149343e-20
  40485.5000000   6.4361702e-20
  40672.5000000   6.2702720e-20
  40859.5000000   6.0688335e-20
  41046.5000000   6.0250938e-20
  41233.5000000   6.0427431e-20
  41420.5000000   5.9109771e-20
  41607.5000000   5.9987442e-20
  41794.5000000   6.0118253e-20
  41981.5000000   6.0116934e-20
  42168.5000000   5.9101984e-20
  42355.5000000   5.8305855e-20
  42542.5000000   5.7155809e-20
  42729.5000000   5.6309428e-20
  42916.5000000   5.6968110e-20
  43103.5000000   5.7889440e-20
  43290.5000000   5.7355217e-20
  43477.5000000   5.6728176e-20
  43664.5000000   5.5878558e-20
  43851.5000000   5.5160720e-20
  44038.5000000   5.5107690e-20
  44225.5000000   5.4344125e-20
  44412.5000000   5.3757321e-20
  44599.5000000   5.3125271e-20
  44786.5000000   5.1511917e-20
  44973.5000000   5.3235040e-20
  45160.5000000   5.1354251e-20
  45347.5000000   5.2097085e-20
  45534.5000000   5.1949033e-20
  45721.5000000   5.2071928e-20
  45908.5000000   5.1432352e-20
  46095.5000000   5.0390211e-20
  46282.5000000   5.0776983e-20
  46469.5000000   4.9777852e-20
  46656.5000000   4.8911881e-20
  46843.5000000   4.8940244e-20
  47030.5000000   4.8476047e-20
  47217.5000000   4.9444052e-20
  47404.5000000   4.7587352e-20
  47591.5000000   4.8555951e-20
  47778.5000000   4.7639632e-20
  47965.5000000   4.5779054e-20
  48152.5000000   4.6388447e-20
  48339.5000000   4.7491935e-20
  48526.5000000   4.6752917e-20
  48713.5000000   4.7272396e-20
  48900.5000000   4.6712692e-20
  49087.5000000   4.6196118e-20
  49274.5000000   4.5678839e-20
  49461.5000000   4.5612283e-20
  49648.5000000   4.4699855e-20
  49835.5000000   4.4723026e-20
  50022.5000000   4.3877301e-20
  50209.5000000   4.5003004e-20
  50396.5000000   4.4866441e-20
  50583.5000000   4.4829412e-20
  50770.5000000   4.3338949e-20
  50957.5000000   4.2757596e-20
  51144.5000000   4.3539647e-20
  51331.5000000   4.2613246e-20
  51518.5000000   4.3128189e-20
  51705.5000000   4.3029806e-20
  51892.5000000   4.2527055e-20
  52079.5000000   4.2166259e-20
  52266.5000000   4.0958329e-20
  52453.5000000   4.1276875e-20
  52640.5000000   4.0162979e-20
  52827.5000000   3.8902424e-20
  53014.5000000   3.9129462e-20
  53201.5000000   3.9359903e-20
  53388.5000000   3.9573619e-20
  53575.5000000   3.9154045e-20
  53762.5000000   3.9608222e-20
  53949.5000000   3.8292695e-20
  54136.5000000   3.8250673e-20
  54323.5000000   3.7275864e-20
  54491.8007812   3.8222126e-20
  54678.8007812   3.7802768e-20
  54884.5000000   3.7162747e-20
  55071.5000000   3.6674067e-20
  55258.5000000   3.6671169e-20
  55445.5000000   3.7359448e-20
  55632.5000000   3.7401475e-20
  55819.5000000   3.7994344e-20
  56006.5000000   3.7285034e-20
  56193.5000000   3.6177190e-20
  56380.5000000   3.6672939e-20
  56567.5000000   3.5778541e-20
  56754.5000000   3.6880326e-20
  56941.5000000   3.6210410e-20
  57128.5000000   3.7147899e-20
  57315.5000000   3.6284439e-20
  57502.5000000   3.5585943e-20
  57689.5000000   3.6357496e-20
  57876.5000000   3.6020711e-20
  58063.5000000   3.5293638e-20
  58250.5000000   3.4308195e-20
  58437.5000000   3.5203543e-20
  58624.5000000   3.5258629e-20
  58811.5000000   3.5585785e-20
  58998.5000000   3.2872135e-20
  59185.5000000   3.3507649e-20
  59372.5000000   3.3550795e-20
  59559.5000000   3.4039245e-20
  59746.5000000   3.4128758e-20
  60027.0000000   3.4147502e-20
  60401.0000000   3.4035506e-20
  60775.0000000   3.2671789e-20
  61149.0000000   3.3975171e-20
  61523.0000000   3.3489848e-20
  61897.0000000   3.2570353e-20
  62271.0000000   3.1788994e-20
  62645.0000000   3.3656906e-20
  63019.0000000   3.1463146e-20
  63393.0000000   3.2020468e-20
  63767.0000000   3.1362294e-20
  64141.0000000   3.1599133e-20
  64515.0000000   3.0334500e-20
  64889.0000000   2.9984157e-20
  65263.0000000   2.9805731e-20
  65637.0000000   3.0046906e-20
  66011.0000000   2.8860357e-20
  66385.0000000   2.7887228e-20
  66759.0000000   2.8781882e-20
  67133.0000000   2.5842231e-20
  67507.0000000   2.6245530e-20
  67881.0000000   2.6193595e-20
  68255.0000000   2.4610386e-20
  68629.0000000   2.3959505e-20
  69003.0000000   2.5017189e-20
  69377.0000000   2.4884708e-20
  69751.0000000   2.3672914e-20
  70125.0000000   2.2760256e-20
  70499.0000000   2.2964586e-20
  70873.0000000   2.2223117e-20
  71247.0000000   2.3748515e-20
  71621.0000000   2.2279014e-20
  71995.0000000   2.2562006e-20
  72369.0000000   2.2521910e-20
  72743.0000000   2.0558233e-20
  73117.0000000   2.1128401e-20
  73491.0000000   2.0939950e-20
  73865.0000000   2.0445950e-20
  74239.0000000   1.9393245e-20
  74613.0000000   2.0171688e-20
  74987.0000000   1.9836006e-20
  75361.0000000   2.0368247e-20
  75735.0000000   1.9266413e-20
  76109.0000000   1.8726414e-20
  76483.0000000   1.8133888e-20
  76857.0000000   1.7828516e-20
  77231.0000000   1.7348693e-20
  77605.0000000   1.6995377e-20
  77979.0000000   1.8130066e-20
  78353.0000000   1.6910053e-20
  78727.0000000   1.7054146e-20
  79101.0000000   1.6496048e-20
  79475.0000000   1.6654377e-20
  79849.0000000   1.6353152e-20
  80223.0000000   1.5703782e-20
  80597.0000000   1.5781218e-20
  80971.0000000   1.5325028e-20
  81345.0000000   1.4779183e-20
  81719.0000000   1.4642216e-20
  82093.0000000   1.4133722e-20
  82467.0000000   1.3520129e-20
  82841.0000000   1.3562592e-20
  83215.0000000   1.3801379e-20
  83589.0000000   1.3611223e-20
  83963.0000000   1.3835061e-20
  84337.0000000   1.3057997e-20
  84711.0000000   1.2848255e-20
  85085.0000000   1.2905770e-20
  85459.0000000   1.2570794e-20
  85833.0000000   1.1280874e-20
  86207.0000000   1.2384588e-20
  86581.0000000   1.2689833e-20
  86955.0000000   1.0862793e-20
  87329.0000000   1.2269005e-20
  87703.0000000   1.1306816e-20
  88077.0000000   1.0357532e-20
  88451.0000000   1.0926813e-20
  88825.0000000   1.1012519e-20
  89199.0000000   9.5731672e-21
  89573.0000000   1.0737430e-20
  89947.0000000   1.0204245e-20
  90321.0000000   8.8980029e-21
  90695.0000000   9.0160934e-21
  91069.0000000   8.8418677e-21
  91443.0000000   8.5089824e-21
  91817.0000000   8.3146693e-21
  92191.0000000   8.2890735e-21
  92565.0000000   7.9555889e-21
  92939.0000000   7.2224718e-21
  93313.0000000   7.1622346e-21
  93687.0000000   7.2853908e-21
  94061.0000000   6.9124713e-21
  94435.0000000   7.1122702e-21
  94809.0000000   7.1005660e-21
  95183.0000000   7.0550889e-21
  95557.0000000   7.1205517e-21
  95931.0000000   7.1132072e-21
  96305.0000000   7.2607951e-21
  96679.0000000   7.1476854e-21
  97053.0000000   7.1403434e-21
  97427.0000000   7.3557682e-21
  97801.0000000   7.1603783e-21
  98175.0000000   7.2743919e-21
  98549.0000000   7.4654472e-21
  98923.0000000   7.1537156e-21
  99297.0000000   7.3405033e-21
  99671.0000000   7.4881704e-21
 100045.0000000   7.2100487e-21
 100419.0000000   6.8638268e-21
 100793.0000000   7.0410672e-21
 101167.0000000   7.0578782e-21
 101541.0000000   6.9199135e-21
 101915.0000000   7.3352188e-21
 102289.0000000   7.1481879e-21
 102663.0000000   7.4230106e-21
 103037.0000000   7.0662526e-21
 103411.0000000   6.8648212e-21
 103785.0000000   6.9351259e-21
 104159.0000000   7.0691703e-21
 104533.0000000   7.0962322e-21
 104907.0000000   6.8502445e-21
 105281.0000000   6.7067881e-21
 105655.0000000   6.7434716e-21
 106029.0000000   6.3805283e-21
 106403.0000000   5.7779713e-21
 106777.0000000   6.2220740e-21
 107151.0000000   6.3195928e-21
 107525.0000000   6.0611623e-21
 107899.0000000   5.9099902e-21
 108273.0000000   5.6418100e-21
 108647.0000000   5.8709782e-21
 109021.0000000   5.5637840e-21
 109395.0000000   5.2419546e-21
 109769.0000000   5.1883139e-21
 110143.0000000   5.0127767e-21
 110517.0000000   4.8606304e-21
 110891.0000000   4.7660346e-21
 111265.0000000   4.6841089e-21
 111639.0000000   4.5651359e-21
 112013.0000000   4.5212404e-21
 112387.0000000   4.4817405e-21
 112761.0000000   4.4183606e-21
 113135.0000000   4.3554565e-21
 113509.0000000   4.2784079e-21
 113883.0000000   4.2632901e-21
 114257.0000000   4.2315967e-21
 114631.0000000   4.1994203e-21
 115005.0000000   4.1716265e-21
 115379.0000000   4.1101765e-21
 115753.0000000   4.0604418e-21
 116127.0000000   4.0472671e-21
 116501.0000000   3.9931522e-21
 116875.0000000   3.9502426e-21
 117249.0000000   3.9009870e-21
 117623.0000000   3.8649025e-21
 117997.0000000   3.8210207e-21
 118371.0000000   3.7698151e-21
 118745.0000000   3.7410511e-21
 119119.0000000   3.7176457e-21
 119493.0000000   3.7010621e-21
 120054.0000000   3.6376661e-21
 120802.0000000   3.5655087e-21
 121550.0000000   3.5299064e-21
 122298.0000000   3.4699302e-21
 123046.0000000   3.4094600e-21
 123794.0000000   3.3558314e-21
 124542.0000000   3.3626471e-21
 125290.0000000   3.4275065e-21
 126038.0000000   3.3036550e-21
 126786.0000000   3.3265715e-21
 127534.0000000   3.3626471e-21
 128282.0000000   3.4275065e-21
 129030.0000000   3.3528995e-21
 129778.0000000   3.2909694e-21
 130526.0000000   3.1378553e-21
 131274.0000000   3.1666231e-21
 132022.0000000   3.0788559e-21
 132770.0000000   2.9081879e-21
 133518.0000000   2.9486612e-21
 134266.0000000   2.8389438e-21
 135014.0000000   2.8277325e-21
 135762.0000000   2.6721815e-21
 136510.0000000   2.5980612e-21
 137258.0000000   2.5439322e-21
 138006.0000000   2.4356836e-21
 138754.0000000   2.3396222e-21
 139502.0000000   2.2752560e-21
 140250.0000000   2.1718772e-21
 140998.0000000   2.1255537e-21
 141746.0000000   2.0826407e-21
 142494.0000000   2.0368066e-21
 143242.0000000   1.9934079e-21
 143990.0000000   1.9646307e-21
 144738.0000000   1.9261169e-21
 145486.0000000   1.8944132e-21
 146234.0000000   1.8632072e-21
 146982.0000000   1.8476028e-21
 147730.0000000   1.8237156e-21
 148478.0000000   1.8061559e-21
 149226.0000000   1.7783628e-21
 149974.0000000   1.7544691e-21
 150722.0000000   1.7393550e-21
 151470.0000000   1.7281392e-21
 152218.0000000   1.7203321e-21
 152966.0000000   1.7188744e-21
 153714.0000000   1.7237503e-21
 154462.0000000   1.6935174e-21
 155210.0000000   1.6296370e-21
 155958.0000000   1.6389029e-21
 156706.0000000   1.6491412e-21
 157454.0000000   1.6057446e-21
 158202.0000000   1.6164712e-21
 158950.0000000   1.5998947e-21
 159698.0000000   1.5886779e-21
 160446.0000000   1.5111426e-21
 161194.0000000   1.4316644e-21
 161942.0000000   1.4233700e-21
 162690.0000000   1.3302381e-21
 163438.0000000   1.2878140e-21
 164186.0000000   1.2561192e-21
 164934.0000000   1.2278385e-21
 165682.0000000   1.2205213e-21
 166430.0000000   1.1863853e-21
 167178.0000000   1.1571310e-21
 167926.0000000   1.1698082e-21
 168674.0000000   1.1425018e-21
 169422.0000000   1.0844726e-21
 170170.0000000   1.0386366e-21
 170918.0000000   1.0020649e-21
 171666.0000000   9.7573435e-22
 172414.0000000   9.8402272e-22
 173162.0000000   9.6939570e-22
 173910.0000000   9.5964452e-22
 174658.0000000   9.4355055e-22
 175406.0000000   9.1087883e-22
 176154.0000000   8.9869175e-22
 176902.0000000   9.2355957e-22
 177650.0000000   9.0063974e-22
 178398.0000000   8.8406261e-22
 179146.0000000   8.6845775e-22
 179894.0000000   8.4651485e-22
 180642.0000000   8.4700200e-22
 181390.0000000   8.2895836e-22
 182138.0000000   8.1579390e-22
 182886.0000000   8.0896865e-22
 183634.0000000   7.9092542e-22
 184382.0000000   7.8458732e-22
 185130.0000000   7.5630304e-22
 185878.0000000   7.4459967e-22
 186626.0000000   7.4118695e-22
 187374.0000000   7.3582239e-22
 188122.0000000   7.2217103e-22
 188870.0000000   7.0120283e-22
 189618.0000000   6.9388730e-22
 190366.0000000   6.9193658e-22
 191114.0000000   6.8559939e-22
 191862.0000000   6.7926048e-22
 192610.0000000   6.6999580e-22
 193358.0000000   6.6999580e-22
 194106.0000000   6.5829097e-22
 194854.0000000   6.4707758e-22
 195602.0000000   6.3683506e-22
 196350.0000000   6.3195927e-22
 197098.0000000   6.3147374e-22
 197846.0000000   6.2025667e-22
 198594.0000000   6.0953048e-22
 199342.0000000   6.0172669e-22
 200090.0000000   5.9099904e-22
 200838.0000000   5.8514920e-22
 201586.0000000   5.7783261e-22
 202334.0000000   5.7344639e-22
 203082.0000000   5.6905593e-22
 203830.0000000   5.6564235e-22
 204578.0000000   5.5735419e-22
 205326.0000000   5.5345148e-22
 206074.0000000   5.4565102e-22
 206822.0000000   5.4857529e-22
 207570.0000000   5.3199744e-22
 208318.0000000   5.3687248e-22
 209066.0000000   5.2322026e-22
 209814.0000000   5.2126843e-22
 210562.0000000   5.0956598e-22
 211310.0000000   5.0859112e-22
 212058.0000000   4.9981364e-22
 212806.0000000   4.9103656e-22
 213554.0000000   4.8586880e-22
 214302.0000000   4.8094343e-22
 215050.0000000   4.7275099e-22
 215798.0000000   4.6514324e-22
 216546.0000000   4.6748402e-22
 217294.0000000   4.6212153e-22
 218042.0000000   4.5977924e-22
 218790.0000000   4.5495242e-22
 219538.0000000   4.5080743e-22
 220286.0000000   4.4388408e-22
 221034.0000000   4.3690969e-22
 221782.0000000   4.2940135e-22
 222530.0000000   4.2384232e-22
 223278.0000000   4.2159963e-22
 224026.0000000   4.1516316e-22
 224774.0000000   4.0838524e-22
 225522.0000000   4.0536177e-22
 226270.0000000   4.0316732e-22
 227018.0000000   4.0121728e-22
 227766.0000000   3.9614484e-22
 228514.0000000   3.8951319e-22
 229262.0000000   3.8449078e-22
 230010.0000000   3.7995679e-22
 230758.0000000   3.7415276e-22
 231506.0000000   3.6669234e-22
 232254.0000000   3.6201190e-22
 233002.0000000   3.5825708e-22
 233750.0000000   3.5547827e-22
 234498.0000000   3.4933404e-22
 235246.0000000   3.4279881e-22
 235994.0000000   3.3797182e-22
 236742.0000000   3.3538715e-22
 237490.0000000   3.3372974e-22
 238238.0000000   3.3216954e-22
 238986.0000000   3.2690305e-22
 240108.0000000   3.1715084e-22
 241604.0000000   3.0847029e-22
 243100.0000000   3.0291231e-22
 244596.0000000   2.9627977e-22
 246092.0000000   2.8623554e-22
 247588.0000000   2.7823735e-22
 249084.0000000   2.7482473e-22
 250580.0000000   2.7009469e-22
 252076.0000000   2.6399976e-22
 253572.0000000   2.5639199e-22
 255068.0000000   2.5234464e-22
 256564.0000000   2.4732279e-22
 258060.0000000   2.3844769e-22
 259556.0000000   2.3288888e-22
 261052.0000000   2.2786660e-22
 262548.0000000   2.2381892e-22
 264044.0000000   2.1865010e-22
 265540.0000000   2.1470105e-22
 267036.0000000   2.1026300e-22
 268532.0000000   2.0709386e-22
 270028.0000000   2.0436255e-22
 271524.0000000   2.0133982e-22
 273020.0000000   1.9695119e-22
 274516.0000000   1.9256263e-22
 276012.0000000   1.8807599e-22
 277508.0000000   1.8441898e-22
 279004.0000000   1.8251740e-22
 280500.0000000   1.7900620e-22
 281996.0000000   1.7622688e-22
 283492.0000000   1.7042466e-22
 284988.0000000   1.6730326e-22
 286484.0000000   1.6247630e-22
 287980.0000000   1.6101297e-22
 289476.0000000   1.5877015e-22
 290972.0000000   1.5618562e-22
 292468.0000000   1.5252846e-22
 293964.0000000   1.4882290e-22
 295460.0000000   1.4643311e-22
 296956.0000000   1.4501934e-22
 298452.0000000   1.4238576e-22
 299948.0000000   1.4024031e-22
 301444.0000000   1.3711963e-22
 302940.0000000   1.3477918e-22
 304436.0000000   1.3199955e-22
 305932.0000000   1.2965934e-22
 307428.0000000   1.2624573e-22
 308924.0000000   1.2410014e-22
 310420.0000000   1.2210091e-22
 311916.0000000   1.2015024e-22
 313412.0000000   1.1883410e-22
 314908.0000000   1.1668834e-22
 316404.0000000   1.1459140e-22
 317900.0000000   1.1259244e-22
 319396.0000000   1.1122710e-22
 320892.0000000   1.0966669e-22
 322388.0000000   1.0791087e-22
 323884.0000000   1.0615566e-22
 325380.0000000   1.0440011e-22
 326876.0000000   1.0322973e-22
 328372.0000000   1.0230360e-22
 329868.0000000   1.0176720e-22
 331364.0000000   1.0035271e-22
 332860.0000000   9.9231186e-23
 334356.0000000   9.7329482e-23
 335852.0000000   9.5622835e-23
 337348.0000000   9.4452487e-23
 338844.0000000   9.2160663e-23
 340340.0000000   9.0405574e-23
 341836.0000000   8.8552363e-23
 343332.0000000   8.7138434e-23
 344828.0000000   8.6455709e-23
 346324.0000000   8.6455709e-23
 347820.0000000   8.5626648e-23
 349316.0000000   8.3529900e-23
 350812.0000000   8.1920826e-23
 352308.0000000   8.0360390e-23
 353804.0000000   7.9238913e-23
 355300.0000000   7.9141189e-23
 356796.0000000   7.8214808e-23
 358292.0000000   7.6800816e-23
 359788.0000000   7.5922832e-23
 361284.0000000   7.4313935e-23
 362780.0000000   7.2704640e-23
 364276.0000000   7.2509482e-23
 365772.0000000   7.1973296e-23
 367268.0000000   7.0949241e-23
 368764.0000000   7.0461712e-23
 370260.0000000   6.9778975e-23
 371756.0000000   6.8267291e-23
 373252.0000000   6.6609370e-23
 374748.0000000   6.5195258e-23
 748000.0000000   2.9535345e-24
1496000.0000000   1.8895441e-25
2244000.0000000   3.7459174e-26
2992000.0000000   1.1849273e-26
3740000.0000000   4.8445400e-27
4488000.0000000   2.3318158e-27
5236000.0000000   1.2561191e-27
5984000.0000000   7.3484709e-28
