    287.2870178   4.1803185e-23
    296.7579956   4.7824721e-23
    303.0720215   5.1142894e-23
    309.3860168   2.8694913e-22
    315.7000122   7.9438202e-22
    322.0140076   8.6197117e-22
    328.3280029   8.1854989e-22
    334.6419983   8.3206948e-22
    340.9559937   8.4906889e-22
    347.2700195   9.7001295e-22
    359.8980103   1.0063691e-21
    372.5260010   9.7728229e-22
    381.9970093   1.2381158e-21
    394.6250000   1.2852259e-21
    400.9389954   1.3128780e-21
    404.0960083   1.3333611e-21
    413.5670166   1.2862480e-21
    416.7239990   1.3302844e-21
    423.0379944   1.2708904e-21
    432.5090027   1.4132351e-21
    441.9800110   1.4163108e-21
    451.4510193   1.7890790e-21
    464.0790100   2.2253386e-21
    476.7070007   1.9918410e-21
    489.3350220   2.2478621e-21
    501.9630127   2.2560610e-21
    511.4340210   2.2601569e-21
    524.0620117   2.2744961e-21
    536.6900024   2.2724394e-21
    546.1610107   1.8669091e-21
    558.7890015   2.2898512e-21
    568.2600098   2.2929305e-21
    574.5740356   2.2929305e-21
    587.2020264   2.2959937e-21
    602.9869995   2.2990714e-21
    612.4580078   2.3123876e-21
    625.0859985   2.3062415e-21
    637.7139893   2.3144299e-21
    647.1849976   2.3123876e-21
    662.9700317   2.2417200e-21
    681.9119873   2.3103371e-21
    694.5400391   2.3185297e-21
    704.0109863   2.2908769e-21
    716.6390381   2.3236471e-21
    726.1099854   2.9104487e-21
    738.7380371   4.3513444e-21
    757.6799927   4.7415229e-21
    776.6220093   4.4250782e-21
    795.5640259   4.5735632e-21
    811.3489990   4.2212751e-21
    820.8200073   4.4291616e-21
    833.4479980   5.5894496e-21
    849.2330322   5.7410139e-21
    865.0180054   5.8311471e-21
    880.8030396   5.0231334e-21
    896.5880127   5.9724545e-21
    915.5300293   6.1620004e-21
    934.4720459   5.4885465e-21
    950.2570190   4.8929700e-21
    972.3560181   5.1110113e-21
   1003.9260254   4.8079546e-21
   1035.4959717   4.7555789e-21
   1067.0660400   4.3097693e-21
   1098.6359863   3.9132719e-21
   1127.0490723   5.0804625e-21
   1155.4620361   7.4819221e-21
   1183.8750000   7.1122362e-21
   1215.4450684   5.4335277e-21
   1247.0150146   7.7809811e-21
   1278.5850830   9.3095882e-21
   1306.9980469   8.9680684e-21
   1332.2540283   7.9153680e-21
   1357.5100098   7.3682470e-21
   1392.2370605   8.3235817e-21
   1423.8070068   8.2423515e-21
   1452.2199707   7.0678641e-21
   1483.7900391   7.0138130e-21
   1515.3599854   7.7023052e-21
   1546.9300537   6.3620307e-21
   1578.5000000   7.7029143e-21
   1597.4420166   6.5471269e-21
   1616.3840332   1.0191074e-20
   1641.6400146   9.5478445e-21
   1673.2100830   8.6686089e-21
   1704.7800293   7.0154763e-21
   1736.3499756   6.7074642e-21
   1767.9200439   8.7265172e-21
   1799.4899902   9.6826370e-21
   1831.0600586   9.3929994e-21
   1862.6300049   9.4997856e-21
   1894.2000732   7.9310618e-21
   1925.7700195   7.6734710e-21
   1957.3400879   9.7515571e-21
   1988.9100342   9.1883796e-21
   2020.4799805   1.0181948e-20
   2052.0500488   9.8533278e-21
   2077.3061523   9.0904831e-21
   2099.4050293   1.0356346e-20
   2130.9750977   1.1030232e-20
   2162.5451660   9.5822492e-21
   2194.1149902   1.1325698e-20
   2225.6850586   9.3214127e-21
   2260.4121094   1.2260276e-20
   2291.9819336   1.2725659e-20
   2320.3950195   1.3114546e-20
   2351.9650879   1.3067975e-20
   2383.5351562   1.3429936e-20
   2415.1049805   1.2495163e-20
   2446.6750488   1.4535790e-20
   2478.2451172   1.3896440e-20
   2509.8149414   1.5700675e-20
   2541.3850098   1.7427650e-20
   2572.9550781   1.9627847e-20
   2604.5251465   2.2425474e-20
   2636.0949707   2.0109056e-20
   2667.6650391   2.8063653e-20
   2699.2351074   3.1325808e-20
   2730.8051758   3.7008332e-20
   2762.3750000   4.2501464e-20
   2793.9450684   4.8859051e-20
   2825.5151367   5.6403721e-20
   2857.0849609   6.3965198e-20
   2888.6550293   7.0694170e-20
   2920.2250977   1.8721146e-19
   2951.7951660   3.1462169e-19
   2983.3649902   4.2873226e-19
   3014.9350586   5.2115610e-19
   3046.5051270   5.8138606e-19
   3078.0749512   2.9815149e-19
   3109.6450195   5.3035967e-19
   3141.2150879   5.2334192e-19
   3172.7851562   6.4614598e-19
   3204.3549805   7.0801366e-19
   3235.9250488   5.8732977e-19
   3267.4951172   7.9802922e-19
   3299.0651855   1.0112072e-18
   3330.6350098   1.0027426e-18
   3362.2050781   9.0234982e-19
   3393.7751465   9.8839274e-19
   3425.3449707   9.3017411e-19
   3456.9150391   1.0607826e-18
   3488.4851074   1.0430659e-18
   3520.0551758   1.0558605e-18
   3551.6250000   9.5302498e-19
   3583.1950684   1.1201437e-18
   3614.7651367   1.1128180e-18
   3646.3349609   1.1197502e-18
   3677.9050293   1.1102162e-18
   3709.4750977   7.8591143e-19
   3741.0451660   1.0978328e-18
   3772.6149902   1.0497618e-18
   3804.1850586   9.7403857e-19
   3835.7551270   8.4430547e-19
   3867.3251953   1.2958985e-18
   3898.8950195   1.4413164e-18
   3930.4650879   1.4689490e-18
   3962.0351562   1.4739379e-18
   3993.6049805   1.5179001e-18
   4025.1750488   1.6959211e-18
   4056.7451172   1.7430329e-18
   4088.3151855   1.6140233e-18
   4119.8852539   1.6510105e-18
   4151.4550781   1.8213698e-18
   4183.0249023   1.7868489e-18
   4214.5952148   1.7592912e-18
   4246.1650391   1.8524203e-18
   4277.7348633   1.8466611e-18
   4309.3051758   1.7883248e-18
   4340.8750000   1.7742433e-18
   4372.4453125   1.7671899e-18
   4404.0151367   1.2970145e-18
   4435.5849609   1.2318135e-18
   4467.1552734   1.7524742e-18
   4498.7250977   1.6900472e-18
   4530.2949219   1.8076473e-18
   4552.3940430   1.8212900e-18
   4568.1791992   1.8270019e-18
   4593.4350586   1.7875946e-18
   4625.0048828   1.7472867e-18
   4656.5751953   1.8017663e-18
   4688.1450195   1.8443836e-18
   4719.7153320   1.8384556e-18
   4751.2851562   1.7771365e-18
   4773.3842773   1.6855404e-18
   4789.1689453   1.7245753e-18
   4814.4252930   1.7221458e-18
   4845.9951172   1.5078804e-18
   4877.5649414   1.2773590e-18
   4909.1352539   1.3053406e-18
   4940.7050781   1.5010815e-18
   4972.2749023   1.5912542e-18
   5003.8452148   1.6144629e-18
   5035.4150391   1.6226233e-18
   5066.9848633   1.5889287e-18
   5098.5551758   1.5608273e-18
   5130.1250000   1.5735051e-18
   5161.6953125   1.6420365e-18
   5193.2651367   1.6525121e-18
   5224.8349609   1.6688199e-18
   5256.4052734   1.6972324e-18
   5278.5039062   1.5916107e-18
   5294.2890625   1.8015289e-18
   5319.5449219   1.7605665e-18
   5351.1152344   1.7048900e-18
   5382.6850586   1.6842233e-18
   5414.2548828   1.6134068e-18
   5445.8251953   1.5844200e-18
   5477.3950195   1.6575639e-18
   5508.9653320   1.6411930e-18
   5540.5351562   1.6531509e-18
   5572.1049805   1.6332548e-18
   5603.6752930   1.5910096e-18
   5635.2451172   1.6354799e-18
   5666.8149414   1.6547490e-18
   5698.3852539   1.6721288e-18
   5729.9550781   1.5814585e-18
   5761.5249023   1.6065835e-18
   5793.0952148   1.5948223e-18
   5824.6650391   1.5118657e-18
   5856.2353516   1.5249158e-18
   5887.8051758   1.5376329e-18
   5919.3750000   1.5621645e-18
   5950.9453125   1.4593999e-18
   5982.5151367   1.4102219e-18
   6014.0849609   1.4811733e-18
   6045.6552734   1.4219201e-18
   6077.2250977   1.3571943e-18
   6108.7949219   1.4353343e-18
   6140.3652344   1.4576191e-18
   6171.9350586   1.3429464e-18
   6209.8193359   1.4296346e-18
   6238.2319336   1.4663965e-18
   6263.4882812   1.4074994e-18
   6298.2153320   1.3836090e-18
   6329.7851562   1.4225009e-18
   6361.3549805   1.4106245e-18
   6392.9252930   1.4373530e-18
   6424.4951172   1.3600943e-18
   6456.0649414   1.3723706e-18
   6487.6352539   1.1827071e-18
   6519.2050781   1.2621352e-18
   6547.6181641   1.4094170e-18
   6560.2460938   1.3279846e-18
   6582.3452148   1.3634494e-18
   6613.9150391   1.3094575e-18
   6645.4853516   1.3337945e-18
   6677.0551758   1.3507899e-18
   6708.6250000   1.3483539e-18
   6740.1953125   1.3292799e-18
   6771.7651367   1.2977438e-18
   6803.3349609   1.3311787e-18
   6834.9052734   1.3062237e-18
   6866.4750977   1.3120365e-18
   6898.0449219   1.2827615e-18
   6929.6152344   1.3107406e-18
   6961.1850586   1.3032841e-18
   6992.7553711   1.2774881e-18
   7024.3251953   1.2686318e-18
   7055.8950195   1.2716608e-18
   7087.4653320   1.2690832e-18
   7119.0351562   1.2451502e-18
   7150.6049805   1.2659325e-18
   7182.1752930   1.2686152e-18
   7213.7451172   1.2652044e-18
   7245.3149414   1.1999201e-18
   7276.8852539   1.2328905e-18
   7308.4550781   1.2166621e-18
   7340.0253906   1.1172548e-18
   7371.5952148   1.1924602e-18
   7403.1650391   1.1931361e-18
   7434.7353516   1.1899074e-18
   7466.3051758   1.1722609e-18
   7497.8750000   1.1566428e-18
   7529.4453125   1.1241404e-18
   7561.0151367   1.1372251e-18
   7592.5849609   1.1221034e-18
   7624.1552734   1.1185558e-18
   7655.7250977   1.1220836e-18
   7687.2949219   1.0968736e-18
   7718.8652344   1.1022242e-18
   7750.4350586   1.0928202e-18
   7782.0053711   1.0818179e-18
   7813.5751953   1.0679768e-18
   7845.1450195   1.0518661e-18
   7876.7153320   8.6972861e-19
   7908.2851562   1.0259784e-18
   7933.5410156   9.8442010e-19
   7949.3261719   1.0220792e-18
   7971.4252930   1.0206617e-18
   8002.9951172   1.0204465e-18
   8034.5649414   1.0011013e-18
   8066.1352539   1.0073154e-18
   8097.7050781   1.0003058e-18
   8129.2753906   1.0043469e-18
   8160.8452148   9.9607973e-19
   8192.4150391   9.8506023e-19
   8223.9853516   9.7940056e-19
   8255.5546875   9.6683579e-19
   8287.1250000   9.6896981e-19
   8318.6953125   9.6674242e-19
   8350.2656250   9.6755368e-19
   8381.8349609   9.6463456e-19
   8413.4052734   9.3764304e-19
   8444.9755859   9.3730131e-19
   8476.5449219   9.3913082e-19
   8508.1152344   9.1791436e-19
   8539.6855469   9.1359090e-19
   8571.2548828   9.0728933e-19
   8602.8251953   9.0760407e-19
   8634.3955078   8.9848637e-19
   8665.9648438   8.8565566e-19
   8697.5351562   8.8169709e-19
   8729.1054688   8.7721284e-19
   8760.6748047   8.8311157e-19
   8792.2451172   8.7073374e-19
   8823.8154297   8.3328355e-19
   8855.3847656   8.4458728e-19
   8886.9550781   8.5370163e-19
   8918.5253906   8.4506969e-19
   8950.0947266   8.2085387e-19
   8981.6650391   8.2129383e-19
   9013.2353516   8.1168018e-19
   9044.8056641   8.1147700e-19
   9076.3750000   8.0280298e-19
   9107.9453125   7.9807476e-19
   9139.5156250   7.8881608e-19
   9186.8701172   7.8420817e-19
   9250.0097656   7.7725794e-19
   9313.1503906   7.6351154e-19
   9376.2900391   7.5821184e-19
   9439.4306641   7.4824153e-19
   9502.5703125   7.3576402e-19
   9565.7099609   7.3199947e-19
   9628.8505859   7.2648761e-19
   9691.9902344   7.1945786e-19
   9755.1298828   7.0580008e-19
   9818.2705078   7.0137208e-19
   9881.4101562   6.8854126e-19
   9944.5498047   6.8208533e-19
  10007.6904297   6.6891366e-19
  10070.8300781   6.5620957e-19
  10133.9697266   6.4630201e-19
  10197.1103516   6.3691878e-19
  10260.2500000   6.2913445e-19
  10323.3906250   6.1539947e-19
  10386.5302734   6.0645693e-19
  10449.6699219   5.9629408e-19
  10512.8105469   5.8433750e-19
  10575.9501953   5.7218585e-19
  10639.0898438   5.6280490e-19
  10702.2304688   5.5478249e-19
  10765.3701172   5.4553347e-19
  10828.5097656   5.3308487e-19
  10891.6503906   5.2319251e-19
  10954.7900391   5.1646009e-19
  11017.9306641   5.0743979e-19
  11081.0703125   5.0013625e-19
  11144.2099609   4.9290969e-19
  11207.3505859   4.8480079e-19
  11270.4902344   4.7648612e-19
  11333.6298828   4.6614926e-19
  11396.7705078   4.5878673e-19
  11459.9101562   4.5264243e-19
  11491.4804688   4.4868598e-19
  11523.0498047   4.4800665e-19
  11586.1904297   4.3879026e-19
  11649.3300781   4.2662484e-19
  11712.4707031   4.3284345e-19
  11775.6103516   4.2874919e-19
  11838.7500000   4.5713547e-19
  11901.8906250   4.5358568e-19
  11965.0302734   4.7162892e-19
  12028.1699219   4.9073674e-19
  12091.3105469   4.4149261e-19
  12154.4501953   4.9215478e-19
  12217.5898438   4.9080787e-19
  12280.7304688   4.2070613e-19
  12343.8701172   4.8789149e-19
  12407.0107422   4.7126868e-19
  12470.1503906   4.7145288e-19
  12533.2900391   3.9331554e-19
  12596.4306641   4.6379066e-19
  12659.5703125   4.6396788e-19
  12722.7099609   4.5190355e-19
  12785.8505859   4.5421764e-19
  12848.9902344   4.4071190e-19
  12912.1298828   4.2007287e-19
  12975.2705078   3.7974980e-19
  13038.4101562   4.2470490e-19
  13101.5498047   4.2491200e-19
  13164.6904297   4.2252078e-19
  13227.8300781   4.1908147e-19
  13290.9707031   4.1527788e-19
  13354.1103516   4.1040427e-19
  13417.2500000   4.0382818e-19
  13480.3906250   3.9517166e-19
  13543.5302734   3.9304616e-19
  13606.6699219   3.8288647e-19
  13669.8105469   3.6126214e-19
  13732.9501953   3.3496754e-19
  13796.0898438   3.7361735e-19
  13859.2304688   3.6886147e-19
  13922.3701172   3.6740796e-19
  13985.5107422   3.6526174e-19
  14048.6503906   3.6169077e-19
  14111.7900391   3.5295647e-19
  14174.9306641   3.5408366e-19
  14238.0703125   3.5313478e-19
  14301.2099609   3.4697921e-19
  14364.3505859   3.4176601e-19
  14427.4902344   3.4209936e-19
  14490.6298828   3.3578797e-19
  14553.7705078   3.3292745e-19
  14616.9101562   3.2700492e-19
  14680.0507812   3.2044799e-19
  14743.1904297   3.2182312e-19
  14806.3300781   3.1684169e-19
  14869.4707031   3.1071091e-19
  14932.6103516   3.1256684e-19
  14995.7500000   3.0992865e-19
  15058.8906250   3.0876432e-19
  15122.0302734   3.0446737e-19
  15185.1699219   2.9966642e-19
  15248.3105469   2.9602344e-19
  15311.4501953   2.7964857e-19
  15374.5898438   2.5245764e-19
  15437.7304688   2.8588117e-19
  15500.8701172   2.8401277e-19
  15564.0107422   2.7731501e-19
  15627.1503906   2.7842553e-19
  15690.2900391   2.7601973e-19
  15753.4306641   2.7084654e-19
  15816.5703125   2.6193243e-19
  15879.7099609   2.6449061e-19
  15942.8505859   2.6041608e-19
  16005.9902344   2.6115366e-19
  16069.1298828   2.5685512e-19
  16132.2705078   2.5434400e-19
  16195.4101562   2.4992474e-19
  16258.5507812   2.4659389e-19
  16321.6904297   2.4298493e-19
  16384.8300781   2.4144988e-19
  16447.9707031   2.3926587e-19
  16511.1093750   2.3800716e-19
  16574.2500000   2.3681330e-19
  16637.3906250   2.3130987e-19
  16700.5312500   2.3303511e-19
  16763.6699219   2.3109258e-19
  16826.8105469   2.2678131e-19
  16889.9511719   2.2670960e-19
  16953.0898438   2.2476449e-19
  17016.2304688   2.2143612e-19
  17079.3710938   2.1816661e-19
  17142.5097656   2.1691121e-19
  17205.6503906   2.1591610e-19
  17268.7910156   2.1253010e-19
  17331.9296875   2.1059286e-19
  17395.0703125   2.0856515e-19
  17458.2109375   2.0741784e-19
  17521.3496094   2.0626054e-19
  17584.4902344   2.0401275e-19
  17647.6308594   2.0116917e-19
  17710.7695312   2.0049267e-19
  17773.9101562   1.9786233e-19
  17837.0507812   1.9588321e-19
  17900.1894531   1.9338720e-19
  17963.3300781   1.9213091e-19
  18026.4707031   1.9008551e-19
  18089.6113281   1.9101275e-19
  18152.7500000   1.8742040e-19
  18215.8906250   1.8684348e-19
  18279.0312500   1.8389887e-19
  18342.1699219   1.8366479e-19
  18405.3105469   1.8307369e-19
  18468.4511719   1.8065361e-19
  18531.5898438   1.7632129e-19
  18594.7304688   1.7384077e-19
  18657.8710938   1.7513046e-19
  18721.0097656   1.7379191e-19
  18784.1503906   1.7192817e-19
  18847.2910156   1.7185569e-19
  18910.4296875   1.6921863e-19
  18973.5703125   1.6793559e-19
  19036.7109375   1.6744803e-19
  19099.8496094   1.6667764e-19
  19162.9902344   1.6565959e-19
  19226.1308594   1.6294575e-19
  19289.2695312   1.6175503e-19
  19352.4101562   1.5886217e-19
  19415.5507812   1.5733601e-19
  19478.6894531   1.5527661e-19
  19541.8300781   1.5540147e-19
  19604.9707031   1.5373630e-19
  19668.1113281   1.5109033e-19
  19731.2500000   1.4843447e-19
  19794.3906250   1.4956458e-19
  19857.5312500   1.4946937e-19
  19920.6699219   1.4728832e-19
  19983.8105469   1.4731031e-19
  20046.9511719   1.4544538e-19
  20110.0898438   1.4443580e-19
  20173.2304688   1.4432673e-19
  20236.3710938   1.4294086e-19
  20299.5097656   1.4229134e-19
  20362.6503906   1.4118580e-19
  20425.7910156   1.4032283e-19
  20488.9296875   1.3805195e-19
  20552.0703125   1.3813322e-19
  20615.2109375   1.3663867e-19
  20678.3496094   1.3235943e-19
  20741.4902344   1.1963630e-19
  20804.6308594   1.3299982e-19
  20867.7695312   1.3344390e-19
  20930.9101562   1.3234664e-19
  20994.0507812   1.3111954e-19
  21057.1914062   1.2876157e-19
  21120.3300781   1.2852935e-19
  21183.4707031   1.2687265e-19
  21246.6113281   1.2684536e-19
  21309.7500000   1.2539031e-19
  21372.8906250   1.2502353e-19
  21436.0312500   1.2347762e-19
  21499.1699219   1.2327443e-19
  21562.3105469   1.2281671e-19
  21625.4511719   1.2147187e-19
  21688.5898438   1.2134711e-19
  21751.7304688   1.2122194e-19
  21814.8710938   1.2037521e-19
  21878.0097656   1.1914551e-19
  21941.1503906   1.1782690e-19
  22004.2910156   1.1769400e-19
  22067.4296875   1.1666678e-19
  22130.5703125   1.1533913e-19
  22193.7109375   1.1507300e-19
  22256.8496094   1.1437917e-19
  22319.9902344   1.1154898e-19
  22383.1308594   1.1054965e-19
  22446.2695312   1.0805122e-19
  22509.4101562   1.0670205e-19
  22572.5507812   1.0672126e-19
  22635.6914062   1.0648202e-19
  22698.8300781   1.0555498e-19
  22761.9707031   1.0621533e-19
  22825.1113281   1.0580097e-19
  22888.2500000   1.0598792e-19
  22951.3906250   1.0544193e-19
  23014.5312500   1.0403163e-19
  23077.6699219   1.0469026e-19
  23140.8105469   1.0426994e-19
  23203.9511719   1.0393391e-19
  23267.0898438   1.0441934e-19
  23330.2304688   1.0317169e-19
  23393.3710938   1.0252892e-19
  23456.5097656   1.0223126e-19
  23519.6503906   1.0180204e-19
  23582.7910156   1.0115402e-19
  23645.9296875   1.0046116e-19
  23709.0703125   1.0050661e-19
  23772.2109375   1.0055209e-19
  23835.3496094   1.0024784e-19
  23898.4902344   9.9417862e-20
  23961.6308594   9.8324058e-20
  24024.7695312   9.7709346e-20
  24087.9101562   9.7049024e-20
  24151.0507812   9.6299223e-20
  24214.1914062   9.4582804e-20
  24277.3300781   9.4882360e-20
  24340.4707031   9.3776251e-20
  24403.6113281   9.3282915e-20
  24466.7500000   9.2744925e-20
  24529.8906250   9.2381495e-20
  24593.0312500   9.2590274e-20
  24656.1699219   9.2093074e-20
  24719.3105469   9.1549869e-20
  24782.4511719   9.0342844e-20
  24845.5898438   8.9929558e-20
  24908.7304688   8.7921460e-20
  24971.8710938   8.6884286e-20
  25035.0097656   8.6776371e-20
  25098.1503906   8.5869154e-20
  25161.2910156   8.6736737e-20
  25224.4296875   8.6227407e-20
  25287.5703125   8.6294842e-20
  25350.7109375   8.5872922e-20
  25413.8496094   8.5226318e-20
  25476.9902344   8.4445382e-20
  25540.1308594   8.3171505e-20
  25603.2714844   8.2476382e-20
  25666.4101562   8.2941335e-20
  25729.5507812   8.2557200e-20
  25792.6914062   8.2440529e-20
  25855.8300781   8.1472314e-20
  25918.9707031   8.0547281e-20
  25982.1113281   8.0607096e-20
  26045.2500000   8.0532075e-20
  26108.3906250   8.0367078e-20
  26171.5312500   7.9661803e-20
  26234.6699219   7.7875455e-20
  26297.8105469   7.7616974e-20
  26360.9511719   7.7222558e-20
  26424.0898438   7.7098190e-20
  26487.2304688   7.6386368e-20
  26550.3710938   7.7073135e-20
  26613.5097656   7.6405155e-20
  26676.6503906   7.5916808e-20
  26739.7910156   7.4974811e-20
  26802.9296875   7.6657574e-20
  26866.0703125   7.2814544e-20
  26929.2109375   7.6220493e-20
  26992.3496094   7.0465720e-20
  27055.4902344   7.7143232e-20
  27118.6308594   7.4061086e-20
  27181.7714844   7.3748186e-20
  27244.9101562   7.6846682e-20
  27308.0507812   7.5350790e-20
  27371.1914062   6.8339866e-20
  27434.3300781   7.4540761e-20
  27497.4707031   7.5822180e-20
  27560.6113281   7.4822836e-20
  27623.7500000   6.9573625e-20
  27686.8906250   7.3824991e-20
  27750.0312500   7.4834009e-20
  27813.1699219   7.3876231e-20
  27876.3105469   7.3649467e-20
  27939.4511719   7.2047599e-20
  28002.5898438   6.7737458e-20
  28065.7304688   7.2737197e-20
  28128.8710938   7.3335100e-20
  28192.0097656   7.2233263e-20
  28255.1503906   7.2095395e-20
  28318.2910156   7.1818871e-20
  28381.4296875   7.0851438e-20
  28444.5703125   6.5828791e-20
  28507.7109375   6.8635538e-20
  28570.8515625   7.1307525e-20
  28633.9902344   7.0336479e-20
  28697.1308594   6.8902219e-20
  28760.2714844   6.8990637e-20
  28823.4101562   6.9495450e-20
  28886.5507812   6.8936424e-20
  28949.6914062   6.8098982e-20
  29012.8300781   6.7723183e-20
  29075.9707031   6.5307577e-20
  29139.1113281   6.0801704e-20
  29202.2500000   6.4457855e-20
  29265.3906250   6.5378462e-20
  29328.5312500   6.5603384e-20
  29391.6699219   6.5642003e-20
  29454.8105469   6.5215572e-20
  29517.9511719   6.4928360e-20
  29581.0898438   6.4267617e-20
  29644.2304688   6.4351789e-20
  29707.3710938   6.3083605e-20
  29770.5097656   6.3866382e-20
  29833.6503906   6.2969564e-20
  29896.7910156   6.3239224e-20
  29959.9296875   6.3088587e-20
  30023.0703125   6.2189306e-20
  30086.2109375   6.1288842e-20
  30149.3515625   5.6876344e-20
  30212.4902344   6.0702184e-20
  30275.6308594   6.1814076e-20
  30338.7714844   6.1145540e-20
  30401.9101562   6.0850857e-20
  30465.0507812   6.0462192e-20
  30528.1914062   6.0072842e-20
  30591.3300781   6.0340965e-20
  30654.4707031   5.9856889e-20
  30717.6113281   5.9654288e-20
  30780.7500000   5.9216025e-20
  30843.8906250   5.9106895e-20
  30907.0312500   5.8478936e-20
  30970.1699219   5.9029069e-20
  31033.3105469   5.8541892e-20
  31096.4511719   5.8620364e-20
  31159.5898438   5.8179218e-20
  31222.7304688   5.7879508e-20
  31285.8710938   5.7531801e-20
  31349.0097656   5.7562129e-20
  31412.1503906   5.7355702e-20
  31475.2910156   5.7196224e-20
  31538.4296875   5.6799714e-20
  31648.9257812   5.5295324e-20
  31806.7753906   5.3903648e-20
  31964.6250000   5.4933213e-20
  32122.4765625   5.4394014e-20
  32280.3261719   5.3996056e-20
  32438.1757812   5.3641745e-20
  32596.0253906   5.2664596e-20
  32753.8750000   5.2115610e-20
  32911.7265625   5.1754090e-20
  33069.5742188   5.1058282e-20
  33227.4257812   5.0694080e-20
  33385.2773438   4.9991662e-20
  33543.1250000   4.9525975e-20
  33700.9765625   4.8527795e-20
  33858.8242188   4.8235209e-20
  34016.6757812   4.7675404e-20
  34174.5273438   4.6651174e-20
  34332.3750000   4.5973671e-20
  34490.2265625   4.3834146e-20
  34648.0742188   4.4015095e-20
  34805.9257812   4.3782007e-20
  34963.7773438   4.3314392e-20
  35121.6250000   4.2940875e-20
  35279.4765625   4.2532086e-20
  35437.3242188   4.2210529e-20
  35595.1757812   4.1643031e-20
  35753.0273438   4.1329284e-20
  35910.8750000   4.1039348e-20
  36068.7265625   4.0631167e-20
  36226.5742188   4.0674371e-20
  36384.4257812   4.0378030e-20
  36542.2773438   3.9868251e-20
  36700.1250000   3.9328273e-20
  36857.9765625   3.9073986e-20
  37015.8242188   3.9101277e-20
  37173.6757812   3.8528855e-20
  37331.5273438   3.8188221e-20
  37489.3750000   3.7588696e-20
  37647.2265625   3.7788315e-20
  37805.0742188   3.6766786e-20
  37962.9257812   3.7003783e-20
  38120.7773438   3.6539809e-20
  38278.6250000   3.6290805e-20
  38436.4765625   3.6150975e-20
  38594.3242188   3.5779626e-20
  38752.1757812   3.5453804e-20
  38910.0273438   3.5077140e-20
  39067.8750000   3.4840237e-20
  39225.7265625   3.4482358e-20
  39383.5742188   3.4229173e-20
  39541.4257812   3.3779365e-20
  39699.2773438   3.3565228e-20
  39857.1250000   3.3303565e-20
  40014.9765625   3.2915323e-20
  40172.8242188   3.2753525e-20
  40330.6757812   3.2459963e-20
  40488.5273438   3.0880636e-20
  40646.3750000   3.1805324e-20
  40804.2265625   3.1422123e-20
  40962.0742188   3.1455953e-20
  41119.9257812   3.1036317e-20
  41277.7773438   3.1008794e-20
  41435.6250000   3.0536998e-20
  41593.4765625   3.0344352e-20
  41751.3242188   3.0187103e-20
  41909.1757812   2.9742303e-20
  42067.0273438   2.9742436e-20
  42224.8750000   2.9393511e-20
  42382.7265625   2.9367703e-20
  42540.5742188   2.9099758e-20
  42698.4257812   2.8908176e-20
  42856.2773438   2.8465214e-20
  43014.1250000   2.8288123e-20
  43171.9765625   2.8187795e-20
  43329.8242188   2.8056380e-20
  43487.6757812   2.7852829e-20
  43645.5273438   2.7719446e-20
  43803.3750000   2.7385113e-20
  43961.2265625   2.7113455e-20
  44119.0742188   2.6994637e-20
  44276.9257812   2.6519546e-20
  44434.7773438   2.6369030e-20
  44592.6250000   2.5846197e-20
  44750.4765625   2.5720732e-20
  44908.3242188   2.5355771e-20
  45066.1757812   2.5027734e-20
  45224.0273438   2.5191716e-20
  45381.8750000   2.5147170e-20
  45539.7265625   2.4541733e-20
  45697.5742188   2.4773258e-20
  45855.4257812   2.4452650e-20
  45997.4921875   2.4473709e-20
  46155.3398438   2.4239552e-20
  46328.9765625   2.4123685e-20
  46486.8242188   2.3758732e-20
  46644.6757812   2.3749237e-20
  46802.5273438   2.3661474e-20
  46960.3750000   2.3488669e-20
  47118.2265625   2.3709011e-20
  47276.0742188   2.3436633e-20
  47433.9257812   2.3316923e-20
  47591.7773438   2.3085722e-20
  47749.6250000   2.3200271e-20
  47907.4765625   2.3178578e-20
  48065.3242188   2.3125298e-20
  48223.1757812   2.3019407e-20
  48381.0273438   2.2834639e-20
  48538.8750000   2.2986071e-20
  48696.7265625   2.2778749e-20
  48854.5742188   2.2807980e-20
  49012.4257812   2.2532985e-20
  49170.2773438   2.1477362e-20
  49328.1250000   2.1805452e-20
  49485.9765625   2.1687596e-20
  49643.8242188   2.1907586e-20
  49801.6757812   2.0725122e-20
  49959.5273438   2.0585150e-20
  50117.3750000   2.0363411e-20
  50275.2265625   2.1043661e-20
  50433.0742188   2.0403515e-20
  50669.8515625   2.0660778e-20
  50985.5507812   2.0688291e-20
  51301.2500000   2.0266427e-20
  51616.9492188   2.0522412e-20
  51932.6523438   1.9635951e-20
  52248.3515625   1.9955711e-20
  52564.0507812   1.9507534e-20
  52879.7500000   1.9304184e-20
  53195.4492188   1.8779367e-20
  53511.1523438   1.8883243e-20
  53826.8515625   1.8480160e-20
  54142.5507812   1.8288884e-20
  54458.2500000   1.7911150e-20
  54773.9492188   1.7364009e-20
  55089.6523438   1.7348611e-20
  55405.3515625   1.7085328e-20
  55721.0507812   1.6843121e-20
  56036.7500000   1.6519388e-20
  56352.4492188   1.6357169e-20
  56668.1523438   1.6068517e-20
  56983.8515625   1.5732287e-20
  57299.5507812   1.5388354e-20
  57615.2500000   1.5217314e-20
  57930.9531250   1.4982493e-20
  58246.6523438   1.4691232e-20
  58562.3515625   1.4508174e-20
  58878.0507812   1.4145330e-20
  59193.7500000   1.3792650e-20
  59509.4531250   1.3766386e-20
  59825.1523438   1.3329570e-20
  60140.8515625   1.3401124e-20
  60456.5507812   1.3139451e-20
  60772.2500000   1.2958018e-20
  61087.9531250   1.2640825e-20
  61403.6523438   1.2278004e-20
  61719.3515625   1.2303698e-20
  62035.0507812   1.2066156e-20
  62350.7500000   1.1829511e-20
  62666.4531250   1.1673649e-20
  62982.1523438   1.1501034e-20
  63297.8515625   1.1388644e-20
  63613.5507812   1.1225371e-20
  63929.2500000   1.0941841e-20
  64244.9531250   1.0773658e-20
  64560.6523438   1.0710017e-20
  64876.3515625   1.0507120e-20
  65192.0507812   1.0321656e-20
  65507.7500000   1.0184586e-20
  65823.4531250   1.0014135e-20
  66139.1484375   9.8389717e-21
  66454.8515625   9.7622273e-21
  66770.5546875   9.5744678e-21
  67086.2500000   9.4309043e-21
  67401.9531250   9.3491677e-21
  67717.6484375   9.1941117e-21
  68033.3515625   9.0499706e-21
  68349.0546875   8.8045492e-21
  68664.7500000   8.7434348e-21
  68980.4531250   8.6432910e-21
  69296.1484375   8.5374288e-21
  69611.8515625   8.3533182e-21
  69927.5546875   8.3076221e-21
  70243.2500000   8.1231850e-21
  70558.9531250   8.0222843e-21
  70874.6484375   7.9148123e-21
  71190.3515625   7.8080583e-21
  71506.0546875   7.6675757e-21
  71821.7500000   7.6221495e-21
  72137.4531250   7.4693472e-21
  72453.1484375   6.4480789e-21
  72768.8515625   6.8281659e-21
  73084.5546875   6.7588581e-21
  73400.2500000   5.9037888e-21
  73715.9531250   6.3123235e-21
  74031.6484375   5.9957920e-21
  74347.3515625   5.4193719e-21
  74663.0546875   5.8452233e-21
  74978.7500000   5.5537242e-21
  75294.4531250   5.1519143e-21
  75610.1484375   5.4869802e-21
  75925.8515625   5.3386746e-21
  76241.5546875   4.9771934e-21
  76557.2500000   5.2308224e-21
  76872.9531250   5.0769834e-21
  77188.6484375   4.8997442e-21
  77504.3515625   4.9278417e-21
  77820.0546875   4.9537068e-21
  78135.7500000   4.8350161e-21
  78451.4531250   4.4920649e-21
  78767.1484375   4.5007337e-21
  79082.8515625   4.6183731e-21
  79398.5546875   4.4298232e-21
  79714.2500000   4.5504821e-21
  80029.9531250   4.5739049e-21
  80345.6484375   4.5592241e-21
  80661.3515625   4.5319739e-21
  80977.0546875   4.5195913e-21
  81292.7500000   4.5521615e-21
  81608.4531250   4.4021280e-21
  81924.1484375   4.4033659e-21
  82239.8515625   4.4136269e-21
  82555.5546875   4.3015432e-21
  82871.2500000   4.2259313e-21
  83186.9531250   4.2614168e-21
  83502.6484375   4.2269337e-21
  83818.3515625   4.1539827e-21
  84134.0546875   4.0839587e-21
  84449.7500000   4.1003674e-21
  84765.4531250   4.0731577e-21
  85081.1484375   3.9642841e-21
  85396.8515625   3.9808063e-21
  85712.5546875   3.9338981e-21
  86028.2500000   3.9168654e-21
  86343.9531250   3.8060636e-21
  86659.6484375   3.8131241e-21
  86975.3515625   3.7688703e-21
  87291.0546875   3.7245576e-21
  87606.7500000   3.6497632e-21
  87922.4531250   3.6515428e-21
  88238.1484375   3.6319182e-21
  88553.8515625   3.5875926e-21
  88869.5546875   3.5181280e-21
  89185.2500000   3.5024491e-21
  89500.9531250   3.4832588e-21
  89816.6484375   3.4375756e-21
  90132.3515625   3.3915379e-21
  90448.0546875   3.3526775e-21
  90763.7500000   3.2970012e-21
  91079.4531250   3.2830720e-21
  91395.1484375   3.2453688e-21
  91710.8515625   3.2059299e-21
  92026.5546875   3.1769305e-21
  92342.2500000   3.1212376e-21
  92657.9531250   3.1090611e-21
  92973.6484375   3.0580076e-21
  93289.3515625   3.0226371e-21
  93605.0546875   2.9982702e-21
  93920.7500000   2.9623024e-21
  94236.4531250   2.9211284e-21
  94552.1484375   2.8868973e-21
  94867.8515625   2.8503618e-21
  95183.5546875   2.8248394e-21
  95499.2500000   2.7865550e-21
  95814.9531250   2.7297098e-21
  96130.6484375   2.7157907e-21
  96446.3515625   2.6879410e-21
  96762.0546875   2.6577846e-21
  97077.7500000   2.6310959e-21
  97393.4531250   2.5916558e-21
  97709.1484375   2.5626580e-21
  98024.8515625   2.5423566e-21
  98340.5546875   2.5011692e-21
  98656.2500000   2.4791217e-21
  98971.9531250   2.4512863e-21
  99287.6484375   2.4228589e-21
  99603.3515625   2.3927007e-21
  99919.0546875   2.3613720e-21
 100234.7500000   2.3404952e-21
 100550.4531250   2.3120728e-21
 100866.1484375   2.2877102e-21
 101339.7031250   2.2453658e-21
 101971.1015625   2.1937434e-21
 102602.5000000   2.1438534e-21
 103233.8984375   2.0939760e-21
 103865.3046875   2.0353934e-21
 104496.7031250   1.9994222e-21
 105128.1015625   1.9553423e-21
 105759.5000000   1.9164801e-21
 106390.8984375   1.8718186e-21
 107022.3046875   1.8300535e-21
 107653.7031250   1.7882855e-21
 108285.1015625   1.7534825e-21
 108916.5000000   1.7186852e-21
 109547.8984375   1.6809791e-21
 110179.3046875   1.6467597e-21
 110810.7031250   1.6142714e-21
 111442.1015625   1.5771513e-21
 112073.5000000   1.5469873e-21
 112704.8984375   1.5139255e-21
 113336.3046875   1.4837647e-21
 113967.7031250   1.4553420e-21
 114599.1015625   1.4280783e-21
 115230.5000000   1.3938555e-21
 115861.9062500   1.3671730e-21
 116493.3046875   1.3323719e-21
 117124.7031250   1.3056904e-21
 117756.1015625   1.2824856e-21
 118387.5000000   1.2471040e-21
 119018.9062500   1.2360838e-21
 119650.3046875   1.2111390e-21
 120281.7031250   1.1885180e-21
 120913.1015625   1.1687961e-21
 121544.5000000   1.1484933e-21
 122175.9062500   1.1229710e-21
 122807.3046875   1.1026696e-21
 123438.7031250   1.0812100e-21
 124070.1015625   1.0643900e-21
 124701.5000000   1.0406042e-21
 125332.9062500   1.0220432e-21
 125964.3046875   9.9826513e-22
 126595.7031250   9.8202363e-22
 127227.1015625   9.6577911e-22
 127858.5000000   9.4431724e-22
 128489.9062500   9.3213713e-22
 129121.3046875   9.1531786e-22
 129752.7031250   9.0023615e-22
 130384.1015625   8.8457495e-22
 131015.5000000   8.6775215e-22
 131646.9062500   8.4919188e-22
 132278.2968750   8.3642944e-22
 132909.7031250   8.2076739e-22
 133541.1093750   8.0974686e-22
 134172.5000000   7.9350678e-22
 134803.9062500   7.8132384e-22
 135435.2968750   7.4246059e-22
 136066.7031250   7.1055865e-22
 136698.1093750   7.1229899e-22
 137329.5000000   6.7923645e-22
 137960.9062500   6.6125502e-22
 138592.2968750   6.4733325e-22
 139223.7031250   6.1543192e-22
 139855.1093750   6.1253053e-22
 140486.5000000   5.9687049e-22
 141117.9062500   5.7482802e-22
 141749.2968750   5.7824883e-22
 142380.7031250   5.6171839e-22
 143012.1093750   5.4483909e-22
 143643.5000000   5.4466446e-22
 144274.9062500   5.3480377e-22
 144906.2968750   5.1612677e-22
 145537.7031250   5.1925980e-22
 146169.1093750   5.0632445e-22
 146800.5000000   4.9756635e-22
 147431.9062500   4.9315656e-22
 148063.2968750   4.8549969e-22
 148694.7031250   4.7616189e-22
 149326.1093750   4.7627690e-22
 149957.5000000   4.6606937e-22
 150588.9062500   4.5980337e-22
 151220.2968750   4.5249536e-22
 151851.7031250   4.4286752e-22
 152483.1093750   4.4391129e-22
 153114.5000000   4.3509433e-22
 153745.9062500   4.2645063e-22
 154377.2968750   4.2233336e-22
 155008.7031250   4.1473475e-22
 155640.1093750   4.0939793e-22
 156271.5000000   4.0220511e-22
 156902.9062500   4.0034938e-22
 157534.2968750   3.9251828e-22
 158165.7031250   3.8944467e-22
 158797.1093750   3.8393383e-22
 159428.5000000   3.7552394e-22
 160059.9062500   3.7198500e-22
 160691.2968750   3.6699675e-22
 161322.7031250   3.6096399e-22
 161954.1093750   3.5458318e-22
 162585.5000000   3.5069744e-22
 163216.9062500   3.4982677e-22
 163848.2968750   3.4350402e-22
 164479.7031250   3.3834151e-22
 165111.1093750   3.3376046e-22
 165742.5000000   3.3085909e-22
 166373.9062500   3.2975802e-22
 167005.2968750   3.2140501e-22
 167636.7031250   3.1624250e-22
 168268.1093750   3.1409569e-22
 168899.5000000   3.0997765e-22
 169530.9062500   3.0591763e-22
 170162.2968750   3.0266886e-22
 170793.7031250   2.9895657e-22
 171425.1093750   2.9379442e-22
 172056.5000000   2.9222831e-22
 172687.9062500   2.8660152e-22
 173319.2968750   2.8468718e-22
 173950.7031250   2.7929263e-22
 174582.1093750   2.8033718e-22
 175213.5000000   2.7320245e-22
 175844.9062500   2.7204226e-22
 176476.2968750   2.6734367e-22
 177107.7031250   2.6606809e-22
 177739.1093750   2.6055790e-22
 178370.5000000   2.5928169e-22
 179001.9062500   2.5574300e-22
 179633.2968750   2.5075482e-22
 180264.7031250   2.4976894e-22
 180896.1093750   2.4698407e-22
 181527.5000000   2.4362072e-22
 182158.9062500   2.4060414e-22
 182790.2968750   2.3863201e-22
 183421.7031250   2.3532554e-22
 184053.1093750   2.3265777e-22
 184684.5000000   2.2987281e-22
 185315.9062500   2.2616067e-22
 185947.2968750   2.2384048e-22
 186578.7031250   2.2018610e-22
 187210.1093750   2.1920001e-22
 187841.5000000   2.1577769e-22
 188472.9062500   2.1426957e-22
 189104.2968750   2.1177540e-22
 189735.7031250   2.0928177e-22
 190367.1093750   2.0672942e-22
 190998.5000000   2.0365468e-22
 191629.9062500   2.0150872e-22
 192261.2968750   1.9884060e-22
 192892.7031250   1.9646216e-22
 193524.1093750   1.9460642e-22
 194155.5000000   1.9263364e-22
 194786.9062500   1.9101024e-22
 195418.2968750   1.8845794e-22
 196049.7031250   1.8671714e-22
 196681.1093750   1.8393360e-22
 197312.5000000   1.8143919e-22
 197943.9062500   1.7940911e-22
 198575.2968750   1.7749447e-22
 199206.7031250   1.7546459e-22
 199838.1093750   1.7401417e-22
 200469.5000000   1.7175232e-22
 201100.9062500   1.7041789e-22
 201732.2968750   1.6792379e-22
 202679.4062500   1.6531364e-22
 203942.2031250   1.6131163e-22
 205205.0000000   1.5783085e-22
 206467.7968750   1.5429298e-22
 207730.6093750   1.5110227e-22
 208993.4062500   1.4762248e-22
 210256.2031250   1.4443201e-22
 211519.0000000   1.4135765e-22
 212781.7968750   1.3810955e-22
 214044.6093750   1.3515139e-22
 215307.4062500   1.3219270e-22
 216570.2031250   1.2946698e-22
 217833.0000000   1.2650878e-22
 219095.7968750   1.2389806e-22
 220358.6093750   1.2122992e-22
 221621.4062500   1.1861975e-22
 222884.2031250   1.1618359e-22
 224147.0000000   1.1368955e-22
 225409.7968750   1.1136933e-22
 226672.6093750   1.0899107e-22
 227935.4062500   1.0672875e-22
 229198.2031250   1.0452487e-22
 230461.0000000   1.0237863e-22
 231723.8125000   1.0023243e-22
 232986.6093750   9.8202360e-23
 234249.4062500   9.6055926e-23
 235512.2031250   9.3909782e-23
 236775.0000000   9.1995652e-23
 238037.8125000   9.0371413e-23
 239300.6093750   8.8631331e-23
 240563.4062500   8.6891154e-23
 241826.2031250   8.5151110e-23
 243089.0000000   8.3469006e-23
 244351.8125000   8.1844925e-23
 245614.6093750   8.0220730e-23
 246877.4062500   7.8654677e-23
 248140.2031250   7.7146293e-23
 249403.0000000   7.5638256e-23
 250665.8125000   7.4188045e-23
 251928.6093750   7.2796002e-23
 253191.4062500   7.1346051e-23
 254454.2031250   6.9953863e-23
 255717.0000000   6.8677751e-23
 256979.8125000   6.7343541e-23
 258242.6093750   6.6125502e-23
 259505.4062500   6.4907261e-23
 260768.2031250   6.3689360e-23
 262031.0000000   6.2529180e-23
 263293.8125000   6.1311185e-23
 264556.5937500   6.0208868e-23
 265819.4062500   5.9164814e-23
 267082.2187500   5.8062820e-23
 268345.0000000   5.7007134e-23
 269607.8125000   5.5986134e-23
 270870.5937500   5.4976897e-23
 272133.4062500   5.4008390e-23
 273396.2187500   5.3056935e-23
 274659.0000000   5.2117210e-23
 275921.8125000   5.1195028e-23
 277184.5937500   5.0296011e-23
 278447.4062500   4.9402799e-23
 279710.2187500   4.8544209e-23
 280973.0000000   4.7703056e-23
 282235.8125000   4.6896859e-23
 283498.5937500   4.6061585e-23
 284761.4062500   4.5301833e-23
 286024.2187500   4.4541892e-23
 287287.0000000   4.3747219e-23
 288549.8125000   4.3027904e-23
 289812.5937500   4.2320232e-23
 291075.4062500   4.1624201e-23
 292338.2187500   4.0922355e-23
 293601.0000000   4.0249491e-23
 294863.8125000   3.9570828e-23
 296126.5937500   3.8932838e-23
 297389.4062500   3.8294700e-23
 298652.2187500   3.7656774e-23
 299915.0000000   3.7047685e-23
 301177.8125000   3.6450214e-23
 302440.5937500   3.5870095e-23
 303703.4062500   3.5284331e-23
 304966.2187500   3.4727500e-23
 306229.0000000   3.4176449e-23
 307491.8125000   3.3602250e-23
 308754.5937500   3.3091721e-23
 310017.4062500   3.2575497e-23
 311280.2187500   3.2070847e-23
 312543.0000000   3.1572072e-23
 313805.8125000   3.1073140e-23
 315068.5937500   3.0597542e-23
 316331.4062500   3.0121947e-23
 631400.0000000   1.9976843e-24
1262800.0000000   1.2720462e-25
1894200.0000000   2.5174131e-26
2525600.0000000   7.9524775e-27
3157000.0000000   3.2500045e-27
3788400.0000000   1.5632283e-27
4419800.0000000   8.4165093e-28
5051200.0000000   4.9234502e-28
