    356.0830078   5.9372417e-24
    367.8220215   6.7620818e-24
    375.6480103   7.2199824e-24
    383.4739990   3.9318355e-23
    391.3000183   1.0836609e-22
    399.1260071   1.1752383e-22
    406.9520264   1.1161737e-22
    414.7780151   1.1347584e-22
    422.6040039   1.1579826e-22
    430.4300232   1.3218897e-22
    446.0820007   1.3716631e-22
    461.7340088   1.3318486e-22
    473.4730225   1.6862110e-22
    489.1250000   1.7505785e-22
    496.9510193   1.7877404e-22
    500.8640137   1.8162780e-22
    512.6030273   1.7512399e-22
    516.5159912   1.8122941e-22
    524.3420410   1.7313339e-22
    536.0809937   1.9244384e-22
    547.8200073   1.9290842e-22
    559.5590210   2.4367376e-22
    575.2109985   3.0313256e-22
    590.8630371   2.7141281e-22
    606.5150146   3.0625181e-22
    622.1669922   3.0744578e-22
    633.9060059   3.0791064e-22
    649.5580444   3.0983553e-22
    665.2100220   3.0963555e-22
    676.9490356   2.5462403e-22
    692.6010132   3.1195872e-22
    704.3400269   3.1235630e-22
    712.1660156   3.1235630e-22
    727.8179932   3.1288763e-22
    747.3829956   3.1321898e-22
    759.1220093   3.1514385e-22
    774.7740479   3.1428138e-22
    790.4260254   3.1540969e-22
    802.1650391   3.1507741e-22
    821.7300415   3.0545522e-22
    845.2080078   3.1481184e-22
    860.8600464   3.1594066e-22
    872.5989990   3.1215744e-22
    888.2510376   3.1667000e-22
    899.9900513   3.9663318e-22
    915.6420288   5.8773379e-22
    939.1199951   6.0544456e-22
    962.5980225   5.3662383e-22
    986.0760498   5.2655943e-22
   1005.6410522   4.6565730e-22
   1017.3800049   4.7706107e-22
   1033.0319824   5.7884483e-22
   1052.5970459   5.7085701e-22
   1072.1619873   5.5678540e-22
   1091.7270508   4.6239659e-22
   1111.2919922   5.2711701e-22
   1134.7700195   5.2200267e-22
   1158.2480469   4.5910230e-22
   1177.8129883   4.0430126e-22
   1205.2039795   4.1282406e-22
   1244.3339844   3.7623144e-22
   1283.4639893   3.6172824e-22
   1322.5939941   3.1869723e-22
   1361.7239990   2.8113561e-22
   1396.9410400   3.5487697e-22
   1432.1580811   5.0808327e-22
   1467.3750000   4.7132781e-22
   1506.5050049   3.5103427e-22
   1545.6350098   4.9045787e-22
   1584.7650146   5.7168490e-22
   1619.9820557   5.3851493e-22
   1651.2860107   4.6654158e-22
   1682.5900879   4.2613903e-22
   1725.6330566   4.6925410e-22
   1764.7630615   4.5457003e-22
   1799.9801025   3.8232115e-22
   1839.1101074   3.7172300e-22
   1878.2399902   3.9998835e-22
   1917.3699951   3.2430690e-22
   1956.5000000   3.8541982e-22
   1979.9780273   3.2443794e-22
   2003.4560547   5.0051324e-22
   2034.7600098   4.6297981e-22
   2073.8901367   4.1389512e-22
   2113.0200195   3.3053459e-22
   2152.1501465   3.1240843e-22
   2191.2800293   4.0165185e-22
   2230.4101562   4.4094921e-22
   2269.5400391   4.2360321e-22
   2308.6701660   4.2546396e-22
   2347.8000488   3.5289224e-22
   2386.9301758   3.4011527e-22
   2426.0600586   4.3073199e-22
   2465.1901855   4.0534311e-22
   2504.3200684   4.4909516e-22
   2543.4499512   4.3536877e-22
   2574.7541504   4.0287619e-22
   2602.1450195   4.6035009e-22
   2641.2751465   4.9354995e-22
   2680.4050293   4.3202410e-22
   2719.5351562   5.1654758e-22
   2758.6650391   4.3024989e-22
   2801.7080078   5.7543821e-22
   2840.8381348   6.0748479e-22
   2876.0551758   6.3683370e-22
   2915.1850586   6.4865536e-22
   2954.3151855   6.8312426e-22
   2993.4450684   6.5319788e-22
   3032.5751953   7.8226320e-22
   3071.7050781   7.7272624e-22
   3110.8352051   9.0316097e-22
   3149.9650879   1.0362287e-21
   3189.0949707   1.2052893e-21
   3228.2250977   1.4273921e-21
   3267.3549805   1.3287696e-21
   3306.4851074   1.9350493e-21
   3345.6149902   2.2593190e-21
   3384.7451172   2.8009299e-21
   3423.8750000   3.3898786e-21
   3463.0051270   4.1190044e-21
   3502.1350098   5.0463187e-21
   3541.2651367   6.0919465e-21
   3580.3950195   7.3253839e-21
   3619.5251465   2.4647974e-20
   3658.6550293   4.5353906e-20
   3697.7851562   6.6962959e-20
   3736.9150391   8.8095621e-20
   3776.0451660   9.7465296e-20
   3815.1750488   4.5856428e-20
   3854.3051758   9.3145603e-20
   3893.4350586   9.3058510e-20
   3932.5651855   1.1984222e-19
   3971.6950684   1.2669146e-19
   4010.8251953   9.1829966e-20
   4049.9550781   1.4333662e-19
   4089.0852051   2.0082805e-19
   4128.2153320   1.9816894e-19
   4167.3452148   1.7117667e-19
   4206.4750977   1.9185988e-19
   4245.6049805   1.7131129e-19
   4284.7353516   2.0414682e-19
   4323.8652344   1.9834134e-19
   4362.9951172   1.9688417e-19
   4402.1250000   1.7637283e-19
   4441.2548828   2.1310826e-19
   4480.3852539   2.0520843e-19
   4519.5151367   2.0986030e-19
   4558.6450195   2.1019236e-19
   4597.7749023   1.4581607e-19
   4636.9052734   2.0555027e-19
   4676.0351562   1.7683587e-19
   4715.1650391   1.5215548e-19
   4754.2949219   1.2493163e-19
   4793.4252930   2.6545950e-19
   4832.5551758   3.2661102e-19
   4871.6850586   3.4271377e-19
   4910.8149414   3.3818191e-19
   4949.9453125   3.2833254e-19
   4989.0751953   3.9066531e-19
   5028.2050781   4.0585255e-19
   5067.3349609   3.5301471e-19
   5106.4653320   3.5915430e-19
   5145.5952148   4.1720020e-19
   5184.7250977   4.0567080e-19
   5223.8549805   3.8498506e-19
   5262.9853516   4.2683205e-19
   5302.1152344   4.2236225e-19
   5341.2451172   3.9714389e-19
   5380.3750000   4.0371749e-19
   5419.5053711   4.0547665e-19
   5458.6352539   3.1797022e-19
   5497.7651367   3.1639751e-19
   5536.8950195   3.9363967e-19
   5576.0253906   3.9037207e-19
   5615.1552734   4.0737048e-19
   5642.5463867   4.1897393e-19
   5662.1113281   4.2262948e-19
   5693.4150391   4.1314870e-19
   5732.5449219   3.9519867e-19
   5771.6752930   4.0414856e-19
   5810.8051758   4.1398968e-19
   5849.9350586   4.1733581e-19
   5889.0649414   3.9900934e-19
   5916.4560547   3.6810181e-19
   5936.0209961   3.8418106e-19
   5967.3251953   3.8016461e-19
   6006.4550781   3.3124665e-19
   6045.5849609   3.1249488e-19
   6084.7153320   3.0844795e-19
   6123.8452148   3.3762690e-19
   6162.9750977   3.5828780e-19
   6202.1049805   3.6824571e-19
   6241.2353516   3.7236021e-19
   6280.3652344   3.6607529e-19
   6319.4951172   3.6374986e-19
   6358.6250000   3.5750976e-19
   6397.7553711   3.7739813e-19
   6436.8852539   3.8145408e-19
   6476.0151367   3.7272345e-19
   6515.1450195   3.9090731e-19
   6542.5361328   3.6111234e-19
   6562.1010742   4.0486097e-19
   6593.4052734   4.0639298e-19
   6632.5351562   3.8876036e-19
   6671.6650391   3.7939404e-19
   6710.7954102   3.6039623e-19
   6749.9252930   3.5586962e-19
   6789.0551758   3.7521828e-19
   6828.1850586   3.6923518e-19
   6867.3154297   3.8065247e-19
   6906.4453125   3.6574261e-19
   6945.5751953   3.6264924e-19
   6984.7050781   3.7279709e-19
   7023.8349609   3.8569752e-19
   7062.9653320   3.8821101e-19
   7102.0952148   3.6136618e-19
   7141.2250977   3.6973660e-19
   7180.3549805   3.6182198e-19
   7219.4853516   3.3837953e-19
   7258.6152344   3.3897595e-19
   7297.7451172   3.4453683e-19
   7336.8750000   3.6125989e-19
   7376.0053711   3.3316232e-19
   7415.1352539   3.1911741e-19
   7454.2651367   3.3851180e-19
   7493.3950195   3.2342643e-19
   7532.5253906   3.1209574e-19
   7571.6552734   3.2860518e-19
   7610.7851562   3.3540850e-19
   7649.9150391   3.0983280e-19
   7696.8710938   3.3450822e-19
   7732.0883789   3.4427666e-19
   7763.3920898   3.2702151e-19
   7806.4350586   3.1969954e-19
   7845.5654297   3.3025307e-19
   7884.6953125   3.2333273e-19
   7923.8251953   3.3497721e-19
   7962.9550781   3.1469572e-19
   8002.0854492   3.2148915e-19
   8041.2153320   2.9129494e-19
   8080.3452148   3.0268025e-19
   8115.5620117   3.3043007e-19
   8131.2143555   3.0973483e-19
   8158.6049805   3.2046145e-19
   8197.7353516   3.0534393e-19
   8236.8652344   3.1107352e-19
   8275.9951172   3.1426895e-19
   8315.1250000   3.1623777e-19
   8354.2548828   3.0511469e-19
   8393.3847656   3.0205878e-19
   8432.5156250   3.1216431e-19
   8471.6455078   3.0576662e-19
   8510.7753906   3.0508523e-19
   8549.9052734   2.9780022e-19
   8589.0351562   3.0751194e-19
   8628.1650391   3.0339630e-19
   8667.2949219   2.9514404e-19
   8706.4248047   2.8947633e-19
   8745.5556641   2.9703999e-19
   8784.6855469   2.9219057e-19
   8823.8154297   2.8515211e-19
   8862.9453125   2.9142674e-19
   8902.0751953   2.9470884e-19
   8941.2050781   2.9706478e-19
   8980.3349609   2.8203219e-19
   9019.4648438   2.8592459e-19
   9058.5957031   2.7867213e-19
   9097.7255859   2.4091136e-19
   9136.8554688   2.6906999e-19
   9175.9853516   2.6731381e-19
   9215.1152344   2.7264217e-19
   9254.2451172   2.6361688e-19
   9293.3750000   2.6332990e-19
   9332.5048828   2.5333239e-19
   9371.6357422   2.6098575e-19
   9410.7656250   2.5398521e-19
   9449.8955078   2.5529366e-19
   9489.0253906   2.5919239e-19
   9528.1552734   2.5088765e-19
   9567.2851562   2.5702053e-19
   9606.4150391   2.5362627e-19
   9645.5449219   2.5157615e-19
   9684.6748047   2.4622548e-19
   9723.8056641   2.4810884e-19
   9762.9355469   2.1815374e-19
   9802.0654297   2.4674942e-19
   9833.3691406   2.3285158e-19
   9852.9345703   2.4183682e-19
   9880.3251953   2.3654052e-19
   9919.4550781   2.3673904e-19
   9958.5849609   2.3179857e-19
   9997.7148438   2.3755141e-19
  10036.8457031   2.3519800e-19
  10075.9755859   2.4049379e-19
  10115.1054688   2.3864727e-19
  10154.2353516   2.3665898e-19
  10193.3652344   2.3255519e-19
  10232.4951172   2.3026340e-19
  10271.6250000   2.3273194e-19
  10310.7548828   2.3308176e-19
  10349.8857422   2.3854353e-19
  10389.0156250   2.3771943e-19
  10428.1455078   2.2795417e-19
  10467.2753906   2.3141510e-19
  10506.4052734   2.3050018e-19
  10545.5351562   2.2475914e-19
  10584.6650391   2.2529577e-19
  10623.7949219   2.2154854e-19
  10662.9248047   2.2173445e-19
  10702.0556641   2.2426712e-19
  10741.1855469   2.1312606e-19
  10780.3154297   2.1283888e-19
  10819.4453125   2.1423529e-19
  10858.5751953   2.1817768e-19
  10897.7050781   2.1475719e-19
  10936.8349609   1.9591725e-19
  10975.9648438   2.0235618e-19
  11015.0957031   2.1330116e-19
  11054.2255859   2.1243173e-19
  11093.3554688   2.0473492e-19
  11132.4853516   2.0328257e-19
  11171.6152344   2.0156234e-19
  11210.7451172   2.0499943e-19
  11249.8750000   2.0200810e-19
  11289.0048828   2.0172883e-19
  11328.1357422   1.9914698e-19
  11386.8300781   2.0205423e-19
  11465.0898438   1.9890311e-19
  11543.3505859   1.9581574e-19
  11621.6103516   1.9549780e-19
  11699.8701172   1.9380600e-19
  11778.1298828   1.9249625e-19
  11856.3906250   1.9190116e-19
  11934.6503906   1.9018286e-19
  12012.9101562   1.8842612e-19
  12091.1699219   1.8641036e-19
  12169.4306641   1.8447689e-19
  12247.6904297   1.8185528e-19
  12325.9501953   1.8068661e-19
  12404.2099609   1.7780935e-19
  12482.4707031   1.7319346e-19
  12560.7304688   1.7281279e-19
  12638.9902344   1.6974081e-19
  12717.2500000   1.6889087e-19
  12795.5107422   1.6679450e-19
  12873.7705078   1.6469011e-19
  12952.0302734   1.6266301e-19
  13030.2900391   1.5973147e-19
  13108.5507812   1.5668889e-19
  13186.8105469   1.5396370e-19
  13265.0703125   1.5203056e-19
  13343.3300781   1.5051780e-19
  13421.5908203   1.4763582e-19
  13499.8505859   1.4563878e-19
  13578.1103516   1.4386703e-19
  13656.3701172   1.4216739e-19
  13734.6308594   1.4100211e-19
  13812.8906250   1.3889396e-19
  13891.1503906   1.3761706e-19
  13969.4101562   1.3431739e-19
  14047.6699219   1.3193608e-19
  14125.9306641   1.3098232e-19
  14204.1904297   1.2991328e-19
  14243.3203125   1.2941046e-19
  14282.4501953   1.2997777e-19
  14360.7099609   1.2753499e-19
  14438.9707031   1.2115624e-19
  14517.2304688   1.2566241e-19
  14595.4902344   1.2455854e-19
  14673.7500000   1.4068727e-19
  14752.0107422   1.4275990e-19
  14830.2705078   1.5624017e-19
  14908.5302734   1.6843680e-19
  14986.7900391   1.4357983e-19
  15065.0507812   1.7296086e-19
  15143.3105469   1.8018974e-19
  15221.5703125   1.3567329e-19
  15299.8300781   1.8047168e-19
  15378.0908203   1.7084472e-19
  15456.3505859   1.7475750e-19
  15534.6103516   1.2566848e-19
  15612.8701172   1.7383509e-19
  15691.1308594   1.8060331e-19
  15769.3906250   1.7709703e-19
  15847.6503906   1.7777578e-19
  15925.9101562   1.7172032e-19
  16004.1708984   1.5601938e-19
  16082.4306641   1.3370647e-19
  16160.6904297   1.6488624e-19
  16238.9501953   1.6771782e-19
  16317.2099609   1.6684724e-19
  16395.4707031   1.6584418e-19
  16473.7304688   1.6517471e-19
  16551.9902344   1.6302776e-19
  16630.2500000   1.6168156e-19
  16708.5097656   1.5745599e-19
  16786.7695312   1.5669647e-19
  16865.0312500   1.5028794e-19
  16943.2910156   1.3540542e-19
  17021.5507812   1.2270057e-19
  17099.8105469   1.5081757e-19
  17178.0703125   1.4891216e-19
  17256.3300781   1.4957546e-19
  17334.5898438   1.4930441e-19
  17412.8496094   1.4907181e-19
  17491.1113281   1.4657241e-19
  17569.3710938   1.4673215e-19
  17647.6308594   1.4919954e-19
  17725.8906250   1.4463867e-19
  17804.1503906   1.4311396e-19
  17882.4101562   1.4495854e-19
  17960.6699219   1.4166813e-19
  18038.9296875   1.4164325e-19
  18117.1914062   1.3856436e-19
  18195.4511719   1.3790141e-19
  18273.7109375   1.3799774e-19
  18351.9707031   1.3590169e-19
  18430.2304688   1.3238825e-19
  18508.4902344   1.3427138e-19
  18586.7500000   1.3410636e-19
  18665.0097656   1.3354508e-19
  18743.2714844   1.3174096e-19
  18821.5312500   1.2943205e-19
  18899.7910156   1.2768182e-19
  18978.0507812   1.1383673e-19
  19056.3105469   9.9655916e-20
  19134.5703125   1.2279275e-19
  19212.8300781   1.2381842e-19
  19291.0898438   1.2145938e-19
  19369.3496094   1.2319626e-19
  19447.6113281   1.2171943e-19
  19525.8710938   1.1843161e-19
  19604.1308594   1.1440660e-19
  19682.3906250   1.1635085e-19
  19760.6503906   1.1467724e-19
  19838.9101562   1.1634063e-19
  19917.1699219   1.1366488e-19
  19995.4296875   1.1328214e-19
  20073.6914062   1.1111310e-19
  20151.9511719   1.0913552e-19
  20230.2109375   1.0660020e-19
  20308.4707031   1.0668310e-19
  20386.7304688   1.0678482e-19
  20464.9902344   1.0713007e-19
  20543.2500000   1.0772029e-19
  20621.5097656   1.0350825e-19
  20699.7714844   1.0676278e-19
  20778.0312500   1.0702098e-19
  20856.2910156   1.0317149e-19
  20934.5507812   1.0511484e-19
  21012.8105469   1.0445400e-19
  21091.0703125   1.0260891e-19
  21169.3300781   1.0131613e-19
  21247.5898438   1.0099536e-19
  21325.8496094   1.0146306e-19
  21404.1113281   9.9407193e-20
  21482.3710938   9.8805664e-20
  21560.6308594   9.7970419e-20
  21638.8906250   9.8221158e-20
  21717.1503906   9.8218133e-20
  21795.4101562   9.7143936e-20
  21873.6699219   9.5495468e-20
  21951.9296875   9.6096247e-20
  22030.1914062   9.4734785e-20
  22108.4511719   9.4298099e-20
  22186.7109375   9.3033992e-20
  22264.9707031   9.3671522e-20
  22343.2304688   9.2188400e-20
  22421.4902344   9.4332065e-20
  22499.7500000   9.2035081e-20
  22578.0097656   9.2137400e-20
  22656.2714844   9.0148864e-20
  22734.5312500   9.1122093e-20
  22812.7910156   9.1583886e-20
  22891.0507812   8.9882796e-20
  22969.3105469   8.8519518e-20
  23047.5703125   8.5455150e-20
  23125.8300781   8.7584849e-20
  23204.0898438   8.7265390e-20
  23282.3515625   8.6555443e-20
  23360.6113281   8.6944056e-20
  23438.8710938   8.5560306e-20
  23517.1308594   8.4864970e-20
  23595.3906250   8.5444274e-20
  23673.6503906   8.5547904e-20
  23751.9101562   8.5216050e-20
  23830.1699219   8.3317955e-20
  23908.4296875   8.3068043e-20
  23986.6914062   8.0790530e-20
  24064.9511719   8.0535810e-20
  24143.2109375   7.9100012e-20
  24221.4707031   8.0174791e-20
  24299.7304688   7.9368658e-20
  24377.9902344   7.7661842e-20
  24456.2500000   7.5884334e-20
  24534.5097656   7.7572526e-20
  24612.7714844   7.8032102e-20
  24691.0312500   7.6753443e-20
  24769.2910156   7.7167828e-20
  24847.5507812   7.6325196e-20
  24925.8105469   7.5966031e-20
  25004.0703125   7.6555831e-20
  25082.3300781   7.5685966e-20
  25160.5898438   7.5677320e-20
  25238.8515625   7.5202544e-20
  25317.1113281   7.4970054e-20
  25395.3710938   7.3536854e-20
  25473.6308594   7.4168355e-20
  25551.8906250   7.3264776e-20
  25630.1503906   6.9571971e-20
  25708.4101562   6.2501877e-20
  25786.6699219   7.1387290e-20
  25864.9316406   7.2442488e-20
  25943.1914062   7.1932382e-20
  26021.4511719   7.1443118e-20
  26099.7109375   7.0122905e-20
  26177.9707031   7.0572433e-20
  26256.2304688   6.9045677e-20
  26334.4902344   6.9674095e-20
  26412.7500000   6.8727710e-20
  26491.0097656   6.8815294e-20
  26569.2714844   6.8045939e-20
  26647.5312500   6.8087188e-20
  26725.7910156   6.8150609e-20
  26804.0507812   6.7128149e-20
  26882.3105469   6.7529410e-20
  26960.5703125   6.7885944e-20
  27038.8300781   6.7494125e-20
  27117.0898438   6.6806098e-20
  27195.3515625   6.6139029e-20
  27273.6113281   6.6357534e-20
  27351.8710938   6.5938334e-20
  27430.1308594   6.4925956e-20
  27508.3906250   6.5233783e-20
  27586.6503906   6.4902866e-20
  27664.9101562   6.3337497e-20
  27743.1699219   6.2317687e-20
  27821.4316406   6.0884164e-20
  27899.6914062   5.9974401e-20
  27977.9511719   5.9979668e-20
  28056.2109375   6.0144793e-20
  28134.4707031   5.9460618e-20
  28212.7304688   6.0337404e-20
  28290.9902344   6.0709532e-20
  28369.2500000   6.0828568e-20
  28447.5117188   6.0671152e-20
  28525.7714844   5.9868082e-20
  28604.0312500   6.0654899e-20
  28682.2910156   6.0565460e-20
  28760.5507812   6.0544716e-20
  28838.8105469   6.1356322e-20
  28917.0703125   6.0293957e-20
  28995.3300781   6.0086975e-20
  29073.5898438   6.0342703e-20
  29151.8515625   6.0227796e-20
  29230.1113281   6.0181790e-20
  29308.3710938   5.9786889e-20
  29386.6308594   6.0111790e-20
  29464.8906250   6.0390686e-20
  29543.1503906   6.0390162e-20
  29621.4101562   5.9899909e-20
  29699.6699219   5.9128854e-20
  29777.9316406   5.8706049e-20
  29856.1914062   5.8306236e-20
  29934.4511719   5.7694891e-20
  30012.7109375   5.6310546e-20
  30090.9707031   5.7007530e-20
  30169.2304688   5.6135481e-20
  30247.4902344   5.6059103e-20
  30325.7500000   5.5700798e-20
  30404.0117188   5.5717432e-20
  30482.2714844   5.6062793e-20
  30560.5312500   5.5867888e-20
  30638.7910156   5.5601569e-20
  30717.0507812   5.4887537e-20
  30795.3105469   5.4784702e-20
  30873.5703125   5.3502595e-20
  30951.8300781   5.2666577e-20
  31030.0917969   5.2844753e-20
  31108.3515625   5.2219524e-20
  31186.6113281   5.3177677e-20
  31264.8710938   5.3000942e-20
  31343.1308594   5.3297386e-20
  31421.3906250   5.3120256e-20
  31499.6503906   5.2752923e-20
  31577.9101562   5.2456282e-20
  31656.1699219   5.1565228e-20
  31734.4316406   5.1338128e-20
  31812.6914062   5.1918815e-20
  31890.9511719   5.1929307e-20
  31969.2109375   5.1963299e-20
  32047.4707031   5.1115849e-20
  32125.7304688   5.0839131e-20
  32203.9902344   5.0991184e-20
  32282.2500000   5.1047875e-20
  32360.5117188   5.1223722e-20
  32438.7714844   5.0826407e-20
  32517.0312500   4.9447639e-20
  32595.2910156   4.9407049e-20
  32673.5507812   4.9222733e-20
  32751.8105469   4.9277459e-20
  32830.0703125   4.8421043e-20
  32908.3320312   4.9170666e-20
  32986.5898438   4.8193190e-20
  33064.8515625   4.7910401e-20
  33143.1093750   4.7507270e-20
  33221.3710938   4.8305500e-20
  33299.6328125   4.5977018e-20
  33377.8906250   4.8267750e-20
  33456.1523438   4.4225832e-20
  33534.4101562   4.9193345e-20
  33612.6718750   4.7245106e-20
  33690.9296875   4.7176476e-20
  33769.1914062   4.9498048e-20
  33847.4492188   4.8560966e-20
  33925.7109375   4.3440233e-20
  34003.9726562   4.7940500e-20
  34082.2304688   4.9371910e-20
  34160.4921875   4.8601288e-20
  34238.7500000   4.5164278e-20
  34317.0117188   4.8075230e-20
  34395.2695312   4.9242844e-20
  34473.5312500   4.8348374e-20
  34551.7890625   4.8448699e-20
  34630.0507812   4.7139611e-20
  34708.3125000   4.4394357e-20
  34786.5703125   4.7532942e-20
  34864.8320312   4.8411266e-20
  34943.0898438   4.7707367e-20
  35021.3515625   4.7782431e-20
  35099.6093750   4.7589339e-20
  35177.8710938   4.6883592e-20
  35256.1328125   4.3443474e-20
  35334.3906250   4.5322841e-20
  35412.6523438   4.7595194e-20
  35490.9101562   4.7303031e-20
  35569.1718750   4.6178776e-20
  35647.4296875   4.6423812e-20
  35725.6914062   4.6987067e-20
  35803.9492188   4.6619954e-20
  35882.2109375   4.6154445e-20
  35960.4726562   4.5933427e-20
  36038.7304688   4.3798273e-20
  36116.9921875   4.1120454e-20
  36195.2500000   4.3131504e-20
  36273.5117188   4.4210490e-20
  36351.7695312   4.4503677e-20
  36430.0312500   4.4625024e-20
  36508.2890625   4.4450938e-20
  36586.5507812   4.4301066e-20
  36664.8125000   4.3806160e-20
  36743.0703125   4.4050208e-20
  36821.3320312   4.3036517e-20
  36899.5898438   4.3872393e-20
  36977.8515625   4.3005530e-20
  37056.1093750   4.3545673e-20
  37134.3710938   4.3418872e-20
  37212.6328125   4.2723342e-20
  37290.8906250   4.2051694e-20
  37369.1523438   3.9325090e-20
  37447.4101562   4.1671863e-20
  37525.6718750   4.2757315e-20
  37603.9296875   4.2381532e-20
  37682.1914062   4.2327588e-20
  37760.4492188   4.1926111e-20
  37838.7109375   4.1772459e-20
  37916.9726562   4.2115271e-20
  37995.2304688   4.1837086e-20
  38073.4921875   4.1583558e-20
  38151.7500000   4.1205240e-20
  38230.0117188   4.1348995e-20
  38308.2695312   4.0770873e-20
  38386.5312500   4.1487240e-20
  38464.7929688   4.1182625e-20
  38543.0507812   4.1226601e-20
  38621.3125000   4.0846686e-20
  38699.5703125   4.0690737e-20
  38777.8320312   4.0509749e-20
  38856.0898438   4.0628055e-20
  38934.3515625   4.0546597e-20
  39012.6093750   4.0464942e-20
  39090.8710938   4.0233157e-20
  39227.8242188   3.9119068e-20
  39423.4765625   3.8216171e-20
  39619.1250000   3.9167719e-20
  39814.7773438   3.8689357e-20
  40010.4257812   3.8612461e-20
  40206.0742188   3.8508314e-20
  40401.7265625   3.8000267e-20
  40597.3750000   3.7566676e-20
  40793.0273438   3.7383000e-20
  40988.6757812   3.6947528e-20
  41184.3242188   3.6686714e-20
  41379.9765625   3.6298227e-20
  41575.6250000   3.6008771e-20
  41771.2773438   3.5337304e-20
  41966.9257812   3.5251274e-20
  42162.5742188   3.4983381e-20
  42358.2265625   3.4231816e-20
  42553.8750000   3.3631862e-20
  42749.5273438   3.2312971e-20
  42945.1757812   3.2270991e-20
  43140.8281250   3.2305594e-20
  43336.4765625   3.1904314e-20
  43532.1250000   3.1834469e-20
  43727.7773438   3.1661437e-20
  43923.4257812   3.1539586e-20
  44119.0781250   3.1108583e-20
  44314.7265625   3.0882614e-20
  44510.3750000   3.0604742e-20
  44706.0273438   3.0297551e-20
  44901.6757812   3.0509594e-20
  45097.3281250   3.0486420e-20
  45292.9765625   3.0129036e-20
  45488.6250000   2.9768253e-20
  45684.2773438   2.9562404e-20
  45879.9257812   2.9538135e-20
  46075.5781250   2.9201611e-20
  46271.2265625   2.8916502e-20
  46466.8750000   2.8500686e-20
  46662.5273438   2.8657708e-20
  46858.1757812   2.7847882e-20
  47053.8281250   2.8264474e-20
  47249.4765625   2.7767888e-20
  47445.1250000   2.7765083e-20
  47640.7773438   2.7709778e-20
  47836.4257812   2.7526018e-20
  48032.0781250   2.7286737e-20
  48227.7265625   2.6968282e-20
  48423.3750000   2.6912081e-20
  48619.0273438   2.6592740e-20
  48814.6757812   2.6378249e-20
  49010.3281250   2.6136888e-20
  49205.9765625   2.5979528e-20
  49401.6250000   2.5960593e-20
  49597.2773438   2.5524207e-20
  49792.9257812   2.5576161e-20
  49988.5781250   2.5326674e-20
  50184.2265625   2.4139537e-20
  50379.8750000   2.4794545e-20
  50575.5273438   2.4738852e-20
  50771.1757812   2.4747874e-20
  50966.8281250   2.4548585e-20
  51162.4765625   2.4509588e-20
  51358.1250000   2.4155551e-20
  51553.7773438   2.4000526e-20
  51749.4257812   2.3935896e-20
  51945.0781250   2.3558154e-20
  52140.7265625   2.3599784e-20
  52336.3750000   2.3301319e-20
  52532.0273438   2.3457597e-20
  52727.6757812   2.3289553e-20
  52923.3281250   2.3190855e-20
  53118.9765625   2.2735930e-20
  53314.6250000   2.2577715e-20
  53510.2773438   2.2647134e-20
  53705.9257812   2.2488651e-20
  53901.5781250   2.2453420e-20
  54097.2265625   2.2384792e-20
  54292.8750000   2.2135987e-20
  54488.5273438   2.1844808e-20
  54684.1757812   2.1635709e-20
  54879.8281250   2.1399363e-20
  55075.4765625   2.1222004e-20
  55271.1250000   2.0774657e-20
  55466.7773438   2.0769365e-20
  55662.4257812   2.0576707e-20
  55858.0781250   2.0417281e-20
  56053.7265625   2.0525261e-20
  56249.3750000   2.0589091e-20
  56445.0273438   2.0043859e-20
  56640.6757812   2.0241218e-20
  56836.3281250   1.9922747e-20
  57012.4101562   2.0096658e-20
  57208.0625000   1.9863686e-20
  57423.2773438   1.9736379e-20
  57618.9257812   1.9459493e-20
  57814.5781250   1.9495763e-20
  58010.2265625   1.9561975e-20
  58205.8750000   1.9472232e-20
  58401.5273438   1.9731872e-20
  58597.1757812   1.9492254e-20
  58792.8281250   1.9280423e-20
  58988.4765625   1.9220312e-20
  59184.1250000   1.9220144e-20
  59379.7773438   1.9367497e-20
  59575.4257812   1.9241680e-20
  59771.0781250   1.9359162e-20
  59966.7265625   1.9145669e-20
  60162.3750000   1.9131715e-20
  60358.0273438   1.9119621e-20
  60553.6757812   1.9096542e-20
  60749.3281250   1.8846834e-20
  60944.9765625   1.8144126e-20
  61140.6250000   1.8462684e-20
  61336.2773438   1.8371447e-20
  61531.9257812   1.8596062e-20
  61727.5781250   1.7518860e-20
  61923.2265625   1.7520475e-20
  62118.8750000   1.7360775e-20
  62314.5273438   1.7893584e-20
  62510.1757812   1.7568634e-20
  62803.6523438   1.7662555e-20
  63194.9531250   1.7725965e-20
  63586.2500000   1.7291149e-20
  63977.5507812   1.7672253e-20
  64368.8515625   1.7056656e-20
  64760.1523438   1.7180632e-20
  65151.4531250   1.6800164e-20
  65542.7500000   1.6910166e-20
  65934.0546875   1.6303707e-20
  66325.3515625   1.6456430e-20
  66716.6484375   1.6126670e-20
  67107.9531250   1.6028875e-20
  67499.2500000   1.5608929e-20
  67890.5546875   1.5220227e-20
  68281.8515625   1.5185572e-20
  68673.1484375   1.5069772e-20
  69064.4531250   1.4746732e-20
  69455.7500000   1.4406430e-20
  69847.0546875   1.4435310e-20
  70238.3515625   1.3837644e-20
  70629.6484375   1.3672485e-20
  71020.9531250   1.3441180e-20
  71412.2500000   1.3113945e-20
  71803.5546875   1.2880205e-20
  72194.8515625   1.2839203e-20
  72586.1484375   1.2693819e-20
  72977.4531250   1.2291685e-20
  73368.7500000   1.1939777e-20
  73760.0546875   1.1945861e-20
  74151.3515625   1.1577894e-20
  74542.6484375   1.1846646e-20
  74933.9531250   1.1467875e-20
  75325.2500000   1.1404590e-20
  75716.5546875   1.1194923e-20
  76107.8515625   1.0686223e-20
  76499.1484375   1.0792533e-20
  76890.4531250   1.0615030e-20
  77281.7500000   1.0387165e-20
  77673.0546875   1.0146574e-20
  78064.3515625   1.0153216e-20
  78455.6484375   1.0043142e-20
  78846.9531250   1.0023136e-20
  79238.2500000   9.6819802e-21
  79629.5546875   9.4886349e-21
  80020.8515625   9.3749718e-21
  80412.1484375   9.2060549e-21
  80803.4531250   9.0234815e-21
  81194.7500000   8.8913038e-21
  81586.0546875   8.9477912e-21
  81977.3515625   8.6616667e-21
  82368.6484375   8.6378481e-21
  82759.9531250   8.4421116e-21
  83151.2500000   8.3722908e-21
  83542.5546875   8.2802144e-21
  83933.8515625   8.0925115e-21
  84325.1484375   8.0080131e-21
  84716.4531250   7.7933468e-21
  85107.7500000   7.6740639e-21
  85499.0546875   7.5920664e-21
  85890.3515625   7.4581561e-21
  86281.6562500   7.2549467e-21
  86672.9531250   7.2295335e-21
  87064.2500000   7.1442176e-21
  87455.5546875   7.0587934e-21
  87846.8515625   7.0216898e-21
  88238.1562500   6.8465610e-21
  88629.4531250   6.7290493e-21
  89020.7500000   6.7126082e-21
  89412.0546875   6.5682252e-21
  89803.3515625   5.6835039e-21
  90194.6562500   6.1065183e-21
  90585.9531250   6.1238677e-21
  90977.2500000   5.2780501e-21
  91368.5546875   5.7623986e-21
  91759.8515625   5.4406577e-21
  92151.1562500   4.9119293e-21
  92542.4531250   5.2806701e-21
  92933.7500000   5.1179648e-21
  93325.0546875   4.6318726e-21
  93716.3515625   5.0243152e-21
  94107.6562500   4.8611963e-21
  94498.9531250   4.4183121e-21
  94890.2500000   4.5922935e-21
  95281.5546875   4.4753383e-21
  95672.8515625   4.3028013e-21
  96064.1562500   4.2814626e-21
  96455.4531250   4.2984574e-21
  96846.7500000   4.1723136e-21
  97238.0546875   3.8092168e-21
  97629.3515625   3.7993092e-21
  98020.6562500   3.8921481e-21
  98411.9531250   3.7157119e-21
  98803.2500000   3.8287735e-21
  99194.5546875   3.8484982e-21
  99585.8515625   3.8301193e-21
  99977.1562500   3.8293454e-21
 100368.4531250   3.8370049e-21
 100759.7500000   3.8802691e-21
 101151.0546875   3.7648766e-21
 101542.3515625   3.7754571e-21
 101933.6562500   3.8128826e-21
 102324.9531250   3.7208066e-21
 102716.2500000   3.6905039e-21
 103107.5546875   3.7364289e-21
 103498.8515625   3.6766070e-21
 103890.1562500   3.6580043e-21
 104281.4531250   3.6390486e-21
 104672.7500000   3.6145192e-21
 105064.0546875   3.5456229e-21
 105455.3515625   3.5091861e-21
 105846.6562500   3.5196975e-21
 106237.9531250   3.4713555e-21
 106629.2500000   3.5206713e-21
 107020.5546875   3.4304808e-21
 107411.8515625   3.4768635e-21
 107803.1562500   3.3928130e-21
 108194.4531250   3.3353562e-21
 108585.7500000   3.3072337e-21
 108977.0546875   3.3239356e-21
 109368.3515625   3.3198504e-21
 109759.6562500   3.2559846e-21
 110150.9531250   3.1923515e-21
 110542.2500000   3.1852092e-21
 110933.5546875   3.1184913e-21
 111324.8515625   2.9977643e-21
 111716.1562500   3.0397779e-21
 112107.4531250   3.0278530e-21
 112498.7500000   2.9560327e-21
 112890.0546875   2.9226498e-21
 113281.3515625   2.8567858e-21
 113672.6562500   2.8687171e-21
 114063.9531250   2.8046350e-21
 114455.2500000   2.7229752e-21
 114846.5546875   2.7050959e-21
 115237.8515625   2.6499704e-21
 115629.1562500   2.6070509e-21
 116020.4531250   2.5775527e-21
 116411.7500000   2.5438710e-21
 116803.0546875   2.5021533e-21
 117194.3515625   2.4741354e-21
 117585.6562500   2.4464206e-21
 117976.9531250   2.4219818e-21
 118368.2500000   2.3889057e-21
 118759.5546875   2.3442046e-21
 119150.8515625   2.3337675e-21
 119542.1562500   2.3123123e-21
 119933.4531250   2.2890725e-21
 120324.7500000   2.2694029e-21
 120716.0546875   2.2363175e-21
 121107.3515625   2.2127724e-21
 121498.6562500   2.1981755e-21
 121889.9531250   2.1644928e-21
 122281.2500000   2.1454226e-21
 122672.5546875   2.1218837e-21
 123063.8515625   2.0992299e-21
 123455.1562500   2.0742020e-21
 123846.4531250   2.0476729e-21
 124237.7500000   2.0312817e-21
 124629.0546875   2.0107163e-21
 125020.3515625   1.9934386e-21
 125607.3046875   1.9585702e-21
 126389.9062500   1.9171415e-21
 127172.5000000   1.8810863e-21
 127955.1015625   1.8417413e-21
 128737.7031250   1.7979368e-21
 129520.3046875   1.7678387e-21
 130302.9062500   1.7407194e-21
 131085.5000000   1.7258146e-21
 131868.1093750   1.6811163e-21
 132650.7031250   1.6587623e-21
 133433.2968750   1.6384964e-21
 134215.9062500   1.6286603e-21
 134998.5000000   1.5964801e-21
 135781.1093750   1.5642898e-21
 136563.7031250   1.5189910e-21
 137346.2968750   1.5034933e-21
 138128.9062500   1.4680305e-21
 138911.5000000   1.4218362e-21
 139694.1093750   1.4066378e-21
 140476.7031250   1.3696885e-21
 141259.2968750   1.3512087e-21
 142041.9062500   1.3097829e-21
 142824.5000000   1.2770032e-21
 143607.1093750   1.2510733e-21
 144389.7031250   1.2123342e-21
 145172.2968750   1.1807429e-21
 145954.9062500   1.1571995e-21
 146737.5000000   1.1202449e-21
 147520.1093750   1.1056450e-21
 148302.7031250   1.0838893e-21
 149085.2968750   1.0630286e-21
 149867.9062500   1.0442511e-21
 150650.5000000   1.0269683e-21
 151433.1093750   1.0052099e-21
 152215.7031250   9.8733235e-22
 152998.2968750   9.6944901e-22
 153780.9062500   9.5573924e-22
 154563.5000000   9.3666582e-22
 155346.1093750   9.2236192e-22
 156128.7031250   9.0299042e-22
 156911.2968750   8.8957954e-22
 157693.9062500   8.7706479e-22
 158476.5000000   8.6186353e-22
 159259.1093750   8.5232894e-22
 160041.7031250   8.4189705e-22
 160824.2968750   8.3266008e-22
 161606.9062500   8.1924970e-22
 162389.5000000   7.9957831e-22
 163172.1093750   7.8944534e-22
 163954.7031250   7.8229410e-22
 164737.2968750   7.6620078e-22
 165519.9062500   7.6143394e-22
 166302.5000000   7.4832224e-22
 167085.1093750   7.3938092e-22
 167867.7031250   7.0332016e-22
 168650.2968750   6.6994142e-22
 169432.9062500   6.6964436e-22
 170215.5000000   6.3447747e-22
 170998.1093750   6.1719291e-22
 171780.7031250   6.0348531e-22
 172563.3125000   5.8023963e-22
 173345.9062500   5.7606783e-22
 174128.5000000   5.6176171e-22
 174911.1093750   5.4298677e-22
 175693.7031250   5.4626611e-22
 176476.3125000   5.3196130e-22
 177258.9062500   5.1258824e-22
 178041.5000000   5.0543704e-22
 178824.1093750   4.9441126e-22
 179606.7031250   4.7801952e-22
 180389.3125000   4.8129734e-22
 181171.9062500   4.7116428e-22
 181954.5000000   4.6430944e-22
 182737.1093750   4.5924347e-22
 183519.7031250   4.4940888e-22
 184302.3125000   4.4166053e-22
 185084.9062500   4.4523814e-22
 185867.5000000   4.3540316e-22
 186650.1093750   4.2884635e-22
 187432.7031250   4.2228991e-22
 188215.3125000   4.1305075e-22
 188997.9062500   4.1394601e-22
 189780.5000000   4.0530393e-22
 190563.1093750   3.9785270e-22
 191345.7031250   3.9397864e-22
 192128.3125000   3.8682563e-22
 192910.9062500   3.8235641e-22
 193693.5000000   3.7371348e-22
 194476.1093750   3.7073337e-22
 195258.7031250   3.6536854e-22
 196041.3125000   3.6238811e-22
 196823.9062500   3.5702489e-22
 197606.5000000   3.4868031e-22
 198389.1093750   3.4510319e-22
 199171.7031250   3.4182537e-22
 199954.3125000   3.3675909e-22
 200736.9062500   3.3228848e-22
 201519.5000000   3.2811633e-22
 202302.1093750   3.2722266e-22
 203084.7031250   3.2155972e-22
 203867.3125000   3.1649339e-22
 204649.9062500   3.1202311e-22
 205432.5000000   3.0934197e-22
 206215.1093750   3.0844795e-22
 206997.7031250   3.0159351e-22
 207780.3125000   2.9679484e-22
 208562.9062500   2.9423161e-22
 209345.5000000   2.9000059e-22
 210128.1093750   2.8660349e-22
 210910.7031250   2.8338431e-22
 211693.3125000   2.8031449e-22
 212475.9062500   2.7617200e-22
 213258.5000000   2.7465279e-22
 214041.1093750   2.6988423e-22
 214823.7031250   2.6782734e-22
 215606.3125000   2.6344673e-22
 216388.9062500   2.6434146e-22
 217171.5000000   2.5727801e-22
 217954.1093750   2.5724863e-22
 218736.7031250   2.5224106e-22
 219519.3125000   2.5093062e-22
 220301.9062500   2.4574474e-22
 221084.5000000   2.4470223e-22
 221867.1093750   2.4121521e-22
 222649.7031250   2.3677437e-22
 223432.3125000   2.3534369e-22
 224214.9062500   2.3269208e-22
 224997.5000000   2.2944372e-22
 225780.1093750   2.2625462e-22
 226562.7031250   2.2533041e-22
 227345.3125000   2.2226097e-22
 228127.9062500   2.2017504e-22
 228910.5000000   2.1764175e-22
 229693.1093750   2.1460162e-22
 230475.7031250   2.1200951e-22
 231258.3125000   2.0882048e-22
 232040.9062500   2.0685344e-22
 232823.5000000   2.0390309e-22
 233606.1093750   2.0253221e-22
 234388.7031250   1.9993922e-22
 235171.3125000   1.9728752e-22
 235953.9062500   1.9514181e-22
 236736.5000000   1.9284659e-22
 237519.1093750   1.9111813e-22
 238301.7031250   1.8870440e-22
 239084.3125000   1.8611178e-22
 239866.9062500   1.8414503e-22
 240649.5000000   1.8214783e-22
 241432.1093750   1.8018103e-22
 242214.7031250   1.7746919e-22
 242997.3125000   1.7562154e-22
 243779.9062500   1.7329694e-22
 244562.5000000   1.7124059e-22
 245345.1093750   1.6903559e-22
 246127.7031250   1.6682965e-22
 246910.3125000   1.6471399e-22
 247692.9062500   1.6343281e-22
 248475.5000000   1.6167447e-22
 249258.1093750   1.6051204e-22
 250040.7031250   1.5812750e-22
 251214.6093750   1.5496907e-22
 252779.8125000   1.5118430e-22
 254345.0000000   1.4802473e-22
 255910.2031250   1.4471682e-22
 257475.4062500   1.4114089e-22
 259040.6093750   1.3768354e-22
 260605.8125000   1.3506153e-22
 262171.0000000   1.3234929e-22
 263736.2187500   1.2936897e-22
 265301.4062500   1.2632920e-22
 266866.5937500   1.2376623e-22
 268431.8125000   1.2123342e-22
 269997.0000000   1.1807430e-22
 271562.2187500   1.1551126e-22
 273127.4062500   1.1306742e-22
 274692.5937500   1.1077301e-22
 276257.8125000   1.0841846e-22
 277823.0000000   1.0618340e-22
 279388.2187500   1.0400814e-22
 280953.4062500   1.0198129e-22
 282518.5937500   1.0010378e-22
 284083.8125000   9.8196566e-23
 285649.0000000   9.6170134e-23
 287214.2187500   9.4113574e-23
 288779.4062500   9.2146703e-23
 290344.5937500   9.0209854e-23
 291909.8125000   8.8540902e-23
 293475.0000000   8.6782677e-23
 295040.2187500   8.5292430e-23
 296605.4062500   8.3325642e-23
 298170.5937500   8.1686408e-23
 299735.8125000   7.9868689e-23
 301301.0000000   7.8527506e-23
 302866.2187500   7.7126830e-23
 304431.4062500   7.5696271e-23
 305996.5937500   7.4146532e-23
 307561.8125000   7.2596957e-23
 309127.0000000   7.1255736e-23
 310692.2187500   7.0093655e-23
 312257.4062500   6.8811971e-23
 313822.5937500   6.7530596e-23
 315387.8125000   6.6159656e-23
 316953.0000000   6.4997563e-23
 318518.2187500   6.3716100e-23
 320083.4062500   6.2583460e-23
 321648.5937500   6.1272310e-23
 323213.8125000   6.0169633e-23
 324779.0000000   5.9126513e-23
 326344.2187500   5.8053789e-23
 327909.4062500   5.7099993e-23
 329474.5937500   5.6116498e-23
 331039.8125000   5.5103222e-23
 332605.0000000   5.4119884e-23
 334170.2187500   5.3255741e-23
 335735.4062500   5.2361681e-23
 337300.5937500   5.1467488e-23
 338865.8125000   5.0603228e-23
 340431.0000000   4.9739065e-23
 341996.2187500   4.8964218e-23
 343561.4062500   4.8248891e-23
 345126.6250000   4.7593310e-23
 346691.8125000   4.6818573e-23
 348257.0000000   4.6103193e-23
 349822.2187500   4.5298564e-23
 351387.4062500   4.4493907e-23
 352952.6250000   4.3838301e-23
 354517.8125000   4.3033681e-23
 356083.0000000   4.2258862e-23
 357648.2187500   4.1513856e-23
 359213.4062500   4.0828392e-23
 360778.6250000   4.0262145e-23
 362343.8125000   3.9815157e-23
 363909.0000000   3.9248825e-23
 365474.2187500   3.8503745e-23
 367039.4062500   3.7848205e-23
 368604.6250000   3.7192545e-23
 370169.8125000   3.6626345e-23
 371735.0000000   3.6209063e-23
 373300.2187500   3.5702491e-23
 374865.4062500   3.5076612e-23
 376430.6250000   3.4599708e-23
 377995.8125000   3.3973904e-23
 379561.0000000   3.3377888e-23
 381126.2187500   3.2990516e-23
 382691.4062500   3.2573288e-23
 384256.6250000   3.2066562e-23
 385821.8125000   3.1679240e-23
 387387.0000000   3.1261977e-23
 388952.2187500   3.0695739e-23
 390517.4062500   3.0129564e-23
 392082.6250000   2.9613993e-23
 782600.0000000   1.7529327e-24
1565200.0000000   1.1223329e-25
2347800.0000000   2.2258917e-26
3130400.0000000   7.0421343e-27
3913000.0000000   2.8806354e-27
4695600.0000000   1.3866724e-27
5478200.0000000   7.4713019e-28
6260800.0000000   4.3719096e-28
