    338.0650024   3.8199745e-24
    349.2099915   4.3704527e-24
    356.6399841   4.6737650e-24
    364.0699768   2.6185386e-23
    371.5000000   7.2470209e-23
    378.9299927   7.8644548e-23
    386.3599854   7.4675990e-23
    393.7899780   7.5916704e-23
    401.2200012   7.7462941e-23
    408.6499939   8.8492346e-23
    423.5099792   9.1821144e-23
    438.3699951   8.9162171e-23
    449.5149841   1.1295430e-22
    464.3750000   1.1728722e-22
    471.8049927   1.1984807e-22
    475.5199890   1.2171897e-22
    486.6649780   1.1738616e-22
    490.3799744   1.2142370e-22
    497.8099976   1.1600701e-22
    508.9549866   1.2900648e-22
    520.0999756   1.2930200e-22
    531.2449951   1.6337547e-22
    546.1049805   2.0325856e-22
    560.9649658   1.8198801e-22
    575.8250122   2.0542584e-22
    590.6849976   2.0621316e-22
    601.8299561   2.0650861e-22
    616.6900024   2.0778865e-22
    631.5499878   2.0759162e-22
    642.6950073   1.7066256e-22
    657.5549927   2.0916753e-22
    668.7000122   2.0946261e-22
    676.1300049   2.0946261e-22
    690.9899902   2.0985672e-22
    709.5650024   2.1005406e-22
    720.7099609   2.1133379e-22
    735.5700073   2.1074338e-22
    750.4299927   2.1153063e-22
    761.5750122   2.1133379e-22
    780.1499634   2.0483487e-22
    802.4400024   2.1113711e-22
    817.2999878   2.1182627e-22
    828.4450073   2.0936421e-22
    843.3049927   2.1241785e-22
    854.4499512   2.6598943e-22
    869.3099976   3.9775329e-22
    891.5999756   4.3340210e-22
    913.8899536   4.0284100e-22
    936.1799927   3.9578073e-22
    954.7550049   3.5097429e-22
    965.8999634   3.6053887e-22
    980.7599487   4.3928132e-22
    999.3349609   4.3500966e-22
   1017.9099731   4.2633956e-22
   1036.4849854   3.5503459e-22
   1055.0599365   4.0642712e-22
   1077.3499756   4.0444886e-22
   1099.6400146   3.5765441e-22
   1118.2149658   3.1637265e-22
   1144.2199707   3.2515132e-22
   1181.3699951   3.0001233e-22
   1218.5200195   2.8989889e-22
   1255.6699219   2.5757773e-22
   1292.8199463   2.2929071e-22
   1326.2550049   2.9139618e-22
   1359.6899414   4.2027712e-22
   1393.1250000   3.9273159e-22
   1430.2750244   2.9485528e-22
   1467.4249268   4.1542693e-22
   1504.5749512   4.8792938e-22
   1538.0100098   4.6273404e-22
   1567.7299805   4.0337384e-22
   1597.4499512   3.7043080e-22
   1638.3149414   4.1135648e-22
   1675.4649658   4.0116197e-22
   1708.8999023   3.3955277e-22
   1746.0499268   3.3212523e-22
   1783.1999512   3.5977490e-22
   1820.3499756   2.9365987e-22
   1857.5000000   3.5088493e-22
   1879.7899170   2.9630009e-22
   1902.0799561   4.5900577e-22
   1931.7999268   4.2645942e-22
   1968.9499512   3.8311975e-22
   2006.0999756   3.0722053e-22
   2043.2500000   2.9178291e-22
   2080.3999023   3.7663501e-22
   2117.5500488   4.1514602e-22
   2154.6999512   4.0001665e-22
   2191.8498535   4.0291352e-22
   2229.0000000   3.3504945e-22
   2266.1499023   3.2368664e-22
   2303.3000488   4.1041628e-22
   2340.4499512   3.8662540e-22
   2377.5998535   4.2858109e-22
   2414.7500000   4.1570978e-22
   2444.4699707   3.8436522e-22
   2470.4748535   4.3909805e-22
   2507.6250000   4.7015994e-22
   2544.7749023   4.1090510e-22
   2581.9250488   4.9008346e-22
   2619.0749512   4.0693078e-22
   2659.9399414   5.4200308e-22
   2697.0898438   5.6932498e-22
   2730.5249023   5.9444721e-22
   2767.6750488   6.0195833e-22
   2804.8249512   6.2921101e-22
   2841.9748535   5.9764345e-22
   2879.1250000   7.0967194e-22
   2916.2749023   6.9472160e-22
   2953.4250488   8.0414976e-22
   2990.5749512   9.1812272e-22
   3027.7248535   1.0682896e-21
   3064.8750000   1.2655971e-21
   3102.0249023   1.1761426e-21
   3139.1750488   1.7083503e-21
   3176.3249512   1.9881238e-21
   3213.4748535   2.4543961e-21
   3250.6250000   2.9542041e-21
   3287.7749023   3.5676958e-21
   3324.9248047   4.3378676e-21
   3362.0749512   5.1883054e-21
   3399.2248535   6.1587454e-21
   3436.3750000   1.9795939e-20
   3473.5249023   3.6163470e-20
   3510.6748047   5.3456825e-20
   3547.8249512   6.9900626e-20
   3584.9748535   7.8308510e-20
   3622.1250000   3.6630543e-20
   3659.2749023   7.4631395e-20
   3696.4248047   7.5628186e-20
   3733.5749512   9.8500267e-20
   3770.7248535   1.0619932e-19
   3807.8750000   7.9172345e-20
   3845.0249023   1.2055387e-19
   3882.1748047   1.6849681e-19
   3919.3249512   1.6721264e-19
   3956.4748535   1.4613990e-19
   3993.6250000   1.6499499e-19
   4030.7749023   1.4950920e-19
   4067.9248047   1.7888409e-19
   4105.0747070   1.7385580e-19
   4142.2250977   1.7404144e-19
   4179.3750000   1.5619635e-19
   4216.5249023   1.9065880e-19
   4253.6748047   1.8590927e-19
   4290.8247070   1.9067807e-19
   4327.9750977   1.9153416e-19
   4365.1250000   1.3186722e-19
   4402.2749023   1.9141558e-19
   4439.4248047   1.7239747e-19
   4476.5747070   1.4907581e-19
   4513.7250977   1.2562219e-19
   4550.8750000   2.4736368e-19
   4588.0249023   2.9467919e-19
   4625.1748047   3.0510412e-19
   4662.3247070   3.0293440e-19
   4699.4750977   3.0359638e-19
   4736.6250000   3.5263834e-19
   4773.7749023   3.6474346e-19
   4810.9248047   3.2108853e-19
   4848.0747070   3.3274718e-19
   4885.2250977   3.8166204e-19
   4922.3750000   3.7117179e-19
   4959.5249023   3.5853040e-19
   4996.6748047   3.9115825e-19
   5033.8247070   3.8993188e-19
   5070.9750977   3.7142614e-19
   5108.1250000   3.7348559e-19
   5145.2749023   3.7496640e-19
   5182.4248047   2.8394381e-19
   5219.5747070   2.8252325e-19
   5256.7250977   3.6884314e-19
   5293.8750000   3.6322165e-19
   5331.0249023   3.8519327e-19
   5357.0297852   3.9350158e-19
   5375.6049805   3.9490913e-19
   5405.3247070   3.8744641e-19
   5442.4750977   3.7382854e-19
   5479.6250000   3.8650658e-19
   5516.7749023   3.9536033e-19
   5553.9248047   3.9706562e-19
   5591.0747070   3.7923762e-19
   5617.0800781   3.5223281e-19
   5635.6547852   3.6489405e-19
   5665.3750000   3.6710583e-19
   5702.5249023   3.2004530e-19
   5739.6748047   2.8867792e-19
   5776.8247070   2.8984031e-19
   5813.9750977   3.2482876e-19
   5851.1250000   3.4555987e-19
   5888.2749023   3.5244481e-19
   5925.4248047   3.5524047e-19
   5962.5747070   3.5212298e-19
   5999.7250977   3.4921379e-19
   6036.8750000   3.4759647e-19
   6074.0249023   3.6758663e-19
   6111.1748047   3.7111311e-19
   6148.3247070   3.6958254e-19
   6185.4750977   3.8356254e-19
   6211.4799805   3.6114902e-19
   6230.0546875   4.0205269e-19
   6259.7749023   3.9840190e-19
   6296.9248047   3.8322916e-19
   6334.0747070   3.7668464e-19
   6371.2246094   3.5878398e-19
   6408.3750000   3.5454688e-19
   6445.5249023   3.7321505e-19
   6482.6748047   3.6773033e-19
   6519.8247070   3.7528931e-19
   6556.9746094   3.6715585e-19
   6594.1250000   3.5912134e-19
   6631.2749023   3.7081333e-19
   6668.4248047   3.8121978e-19
   6705.5747070   3.8617571e-19
   6742.7246094   3.5849100e-19
   6779.8750000   3.6924673e-19
   6817.0249023   3.6311319e-19
   6854.1748047   3.4073438e-19
   6891.3247070   3.4153892e-19
   6928.4746094   3.4671521e-19
   6965.6250000   3.6115696e-19
   7002.7749023   3.3200124e-19
   7039.9248047   3.1732168e-19
   7077.0747070   3.3916375e-19
   7114.2246094   3.2216488e-19
   7151.3750000   3.0911804e-19
   7188.5249023   3.2814529e-19
   7225.6748047   3.3438355e-19
   7262.8247070   3.0718409e-19
   7307.4047852   3.3160779e-19
   7340.8398438   3.4223264e-19
   7370.5600586   3.2529418e-19
   7411.4248047   3.1969830e-19
   7448.5747070   3.3109845e-19
   7485.7246094   3.2648496e-19
   7522.8750000   3.3728470e-19
   7560.0249023   3.1571196e-19
   7597.1748047   3.2157965e-19
   7634.3247070   2.8848655e-19
   7671.4746094   3.0218099e-19
   7704.9096680   3.3259376e-19
   7719.7700195   3.0884256e-19
   7745.7749023   3.2106033e-19
   7782.9248047   3.0642146e-19
   7820.0747070   3.1421115e-19
   7857.2246094   3.1792710e-19
   7894.3750000   3.1944428e-19
   7931.5249023   3.1317924e-19
   7968.6748047   3.0569964e-19
   8005.8247070   3.1621985e-19
   8042.9746094   3.1176574e-19
   8080.1250000   3.1208907e-19
   8117.2749023   3.0462076e-19
   8154.4248047   3.1299087e-19
   8191.5747070   3.1094805e-19
   8228.7246094   3.0478137e-19
   8265.8750000   3.0085678e-19
   8303.0244141   3.0467027e-19
   8340.1748047   3.0394191e-19
   8377.3251953   2.9748139e-19
   8414.4746094   3.0405003e-19
   8451.6250000   3.0587826e-19
   8488.7744141   3.0724212e-19
   8525.9248047   2.9160740e-19
   8563.0751953   2.9903494e-19
   8600.2246094   2.9305691e-19
   8637.3750000   2.5882510e-19
   8674.5244141   2.8520611e-19
   8711.6748047   2.8575652e-19
   8748.8251953   2.8738007e-19
   8785.9746094   2.8201001e-19
   8823.1250000   2.7972066e-19
   8860.2744141   2.7227136e-19
   8897.4248047   2.7702124e-19
   8934.5751953   2.7122229e-19
   8971.7246094   2.7161923e-19
   9008.8750000   2.7356946e-19
   9046.0244141   2.6595674e-19
   9083.1748047   2.6974099e-19
   9120.3251953   2.6767929e-19
   9157.4746094   2.6481102e-19
   9194.6250000   2.6069378e-19
   9231.7744141   2.5985931e-19
   9268.9248047   2.2348851e-19
   9306.0751953   2.5543733e-19
   9335.7949219   2.4395981e-19
   9354.3701172   2.5383924e-19
   9380.3750000   2.5073026e-19
   9417.5244141   2.5061466e-19
   9454.6748047   2.4542992e-19
   9491.8251953   2.4934444e-19
   9528.9746094   2.4752886e-19
   9566.1250000   2.5053104e-19
   9603.2744141   2.4883684e-19
   9640.4248047   2.4694360e-19
   9677.5751953   2.4440269e-19
   9714.7246094   2.4197822e-19
   9751.8750000   2.4274887e-19
   9789.0244141   2.4283311e-19
   9826.1748047   2.4508524e-19
   9863.3251953   2.4472922e-19
   9900.4746094   2.3683168e-19
   9937.6250000   2.3875434e-19
   9974.7744141   2.3868511e-19
  10011.9248047   2.3314331e-19
  10049.0751953   2.3229501e-19
  10086.2246094   2.3047498e-19
  10123.3750000   2.3051952e-19
  10160.5244141   2.3051952e-19
  10197.6748047   2.2409688e-19
  10234.8251953   2.2357686e-19
  10271.9746094   2.2353757e-19
  10309.1250000   2.2607694e-19
  10346.2744141   2.2309917e-19
  10383.4248047   2.1109353e-19
  10420.5751953   2.1533530e-19
  10457.7246094   2.1964685e-19
  10494.8750000   2.1755393e-19
  10532.0244141   2.1013063e-19
  10569.1748047   2.1033006e-19
  10606.3251953   2.0848612e-19
  10643.4746094   2.0995537e-19
  10680.6250000   2.0756154e-19
  10717.7744141   2.0652949e-19
  10754.9248047   2.0432003e-19
  10810.6494141   2.0410390e-19
  10884.9501953   2.0211292e-19
  10959.2500000   1.9876349e-19
  11033.5498047   1.9813771e-19
  11107.8496094   1.9610501e-19
  11182.1494141   1.9352967e-19
  11256.4501953   1.9333258e-19
  11330.7500000   1.9184479e-19
  11405.0498047   1.9012867e-19
  11479.3496094   1.8702794e-19
  11553.6494141   1.8585866e-19
  11627.9501953   1.8284282e-19
  11702.2500000   1.8130672e-19
  11776.5498047   1.7800946e-19
  11850.8496094   1.7433749e-19
  11925.1494141   1.7276660e-19
  11999.4501953   1.7007296e-19
  12073.7500000   1.6830822e-19
  12148.0498047   1.6523646e-19
  12222.3496094   1.6287326e-19
  12296.6494141   1.6050297e-19
  12370.9501953   1.5743532e-19
  12445.2500000   1.5436054e-19
  12519.5498047   1.5183913e-19
  12593.8496094   1.4973131e-19
  12668.1494141   1.4755356e-19
  12742.4492188   1.4405487e-19
  12816.7500000   1.4176095e-19
  12891.0498047   1.4009727e-19
  12965.3496094   1.3790450e-19
  13039.6494141   1.3614669e-19
  13113.9492188   1.3421485e-19
  13188.2500000   1.3232960e-19
  13262.5498047   1.2997897e-19
  13336.8496094   1.2714078e-19
  13411.1494141   1.2545183e-19
  13485.4492188   1.2407542e-19
  13522.5996094   1.2340967e-19
  13559.7500000   1.2315844e-19
  13634.0498047   1.2098721e-19
  13708.3496094   1.1638055e-19
  13782.6494141   1.1842595e-19
  13856.9492188   1.1728465e-19
  13931.2500000   1.2797549e-19
  14005.5498047   1.2812396e-19
  14079.8496094   1.3553459e-19
  14154.1494141   1.4291115e-19
  14228.4492188   1.2608151e-19
  14302.7500000   1.4466479e-19
  14377.0498047   1.4626382e-19
  14451.3496094   1.1998711e-19
  14525.6494141   1.4591414e-19
  14599.9492188   1.3950661e-19
  14674.2500000   1.4093284e-19
  14748.5498047   1.1169932e-19
  14822.8496094   1.3940861e-19
  14897.1494141   1.4139285e-19
  14971.4492188   1.3763887e-19
  15045.7500000   1.3898495e-19
  15120.0498047   1.3469138e-19
  15194.3496094   1.2683851e-19
  15268.6494141   1.1260759e-19
  15342.9492188   1.2982094e-19
  15417.2500000   1.3063309e-19
  15491.5498047   1.2990706e-19
  15565.8496094   1.2926738e-19
  15640.1494141   1.2856363e-19
  15714.4492188   1.2694215e-19
  15788.7500000   1.2558082e-19
  15863.0498047   1.2239170e-19
  15937.3496094   1.2215971e-19
  16011.6494141   1.1851231e-19
  16085.9492188   1.1043983e-19
  16160.2500000   1.0172592e-19
  16234.5498047   1.1702531e-19
  16308.8496094   1.1527769e-19
  16383.1494141   1.1540737e-19
  16457.4492188   1.1513046e-19
  16531.7500000   1.1454491e-19
  16606.0488281   1.1173317e-19
  16680.3496094   1.1258237e-19
  16754.6503906   1.1349034e-19
  16828.9492188   1.1073853e-19
  16903.2500000   1.0955914e-19
  16977.5488281   1.1014822e-19
  17051.8496094   1.0799129e-19
  17126.1503906   1.0737223e-19
  17200.4492188   1.0547976e-19
  17274.7500000   1.0417597e-19
  17349.0488281   1.0448158e-19
  17423.3496094   1.0315477e-19
  17497.6503906   1.0066020e-19
  17571.9492188   1.0167544e-19
  17646.2500000   1.0128814e-19
  17720.5488281   1.0095461e-19
  17794.8496094   9.9512516e-20
  17869.1503906   9.7933467e-20
  17943.4492188   9.6960270e-20
  18017.7500000   8.9980798e-20
  18092.0488281   8.0485998e-20
  18166.3496094   9.3857289e-20
  18240.6503906   9.3719712e-20
  18314.9492188   9.1578704e-20
  18389.2500000   9.2490980e-20
  18463.5488281   9.1396685e-20
  18537.8496094   8.9351113e-20
  18612.1503906   8.6158396e-20
  18686.4492188   8.7685339e-20
  18760.7500000   8.6432025e-20
  18835.0488281   8.7389312e-20
  18909.3496094   8.5742789e-20
  18983.6503906   8.5295097e-20
  19057.9492188   8.3631075e-20
  19132.2500000   8.2340188e-20
  19206.5488281   8.0657619e-20
  19280.8496094   8.0379318e-20
  19355.1503906   8.0034112e-20
  19429.4492188   8.0330967e-20
  19503.7500000   8.0432639e-20
  19578.0488281   7.8069507e-20
  19652.3496094   7.9657138e-20
  19726.6503906   7.9558199e-20
  19800.9492188   7.7368083e-20
  19875.2500000   7.8109974e-20
  19949.5488281   7.7673132e-20
  20023.8496094   7.6380895e-20
  20098.1503906   7.5475882e-20
  20172.4492188   7.5027078e-20
  20246.7500000   7.4905256e-20
  20321.0488281   7.3590847e-20
  20395.3496094   7.3065594e-20
  20469.6503906   7.2470211e-20
  20543.9492188   7.2603051e-20
  20618.2500000   7.2467658e-20
  20692.5488281   7.1797642e-20
  20766.8496094   7.0588278e-20
  20841.1503906   7.0646271e-20
  20915.4492188   6.9629466e-20
  20989.7500000   6.9213000e-20
  21064.0488281   6.8389910e-20
  21138.3496094   6.8641470e-20
  21212.6503906   6.7812674e-20
  21286.9492188   6.8941174e-20
  21361.2500000   6.7382792e-20
  21435.5488281   6.7419207e-20
  21509.8496094   6.6163754e-20
  21584.1503906   6.6618328e-20
  21658.4492188   6.6774155e-20
  21732.7500000   6.5616832e-20
  21807.0488281   6.4195316e-20
  21881.3496094   6.2528541e-20
  21955.6503906   6.3731804e-20
  22029.9492188   6.3445832e-20
  22104.2500000   6.2889327e-20
  22178.5488281   6.3158361e-20
  22252.8496094   6.2197416e-20
  22327.1503906   6.1849018e-20
  22401.4492188   6.2163004e-20
  22475.7500000   6.2193041e-20
  22550.0488281   6.2034546e-20
  22624.3496094   6.0810435e-20
  22698.6503906   6.0578262e-20
  22772.9492188   5.9095651e-20
  22847.2500000   5.8698080e-20
  22921.5488281   5.7563815e-20
  22995.8496094   5.7904859e-20
  23070.1503906   5.7213737e-20
  23144.4492188   5.6007701e-20
  23218.7500000   5.4881534e-20
  23293.0488281   5.5964914e-20
  23367.3496094   5.6393975e-20
  23441.6503906   5.5636530e-20
  23515.9492188   5.6015812e-20
  23590.2500000   5.5495470e-20
  23664.5488281   5.5243057e-20
  23738.8496094   5.5557411e-20
  23813.1503906   5.5082681e-20
  23887.4492188   5.5011601e-20
  23961.7500000   5.4754898e-20
  24036.0488281   5.4596654e-20
  24110.3496094   5.3622358e-20
  24184.6503906   5.4019702e-20
  24258.9492188   5.3521419e-20
  24333.2500000   5.1707894e-20
  24407.5488281   4.7108178e-20
  24481.8496094   5.2311141e-20
  24556.1503906   5.2728396e-20
  24630.4492188   5.2266131e-20
  24704.7500000   5.1751744e-20
  24779.0488281   5.0693564e-20
  24853.3496094   5.0811921e-20
  24927.6503906   4.9807288e-20
  25001.9492188   5.0061901e-20
  25076.2500000   4.9387113e-20
  25150.5488281   4.9459174e-20
  25224.8496094   4.8905144e-20
  25299.1503906   4.9049041e-20
  25373.4492188   4.9127084e-20
  25447.7500000   4.8584027e-20
  25522.0488281   4.8851264e-20
  25596.3496094   4.9206768e-20
  25670.6484375   4.9049041e-20
  25744.9492188   4.8575280e-20
  25819.2500000   4.8099751e-20
  25893.5488281   4.8322072e-20
  25967.8496094   4.7999304e-20
  26042.1484375   4.7498743e-20
  26116.4492188   4.7542571e-20
  26190.7500000   4.7121006e-20
  26265.0488281   4.5633047e-20
  26339.3496094   4.4778175e-20
  26413.6484375   4.3350678e-20
  26487.9492188   4.2654179e-20
  26562.2500000   4.2817844e-20
  26636.5488281   4.3003472e-20
  26710.8496094   4.2757712e-20
  26785.1484375   4.3501920e-20
  26859.4492188   4.3755227e-20
  26933.7500000   4.4075776e-20
  27008.0488281   4.4075582e-20
  27082.3496094   4.3693586e-20
  27156.6484375   4.4373719e-20
  27230.9492188   4.4342939e-20
  27305.2500000   4.4461698e-20
  27379.5488281   4.5046434e-20
  27453.8496094   4.4466383e-20
  27528.1484375   4.4336706e-20
  27602.4492188   4.4439833e-20
  27676.7500000   4.4392237e-20
  27751.0488281   4.4276190e-20
  27825.3496094   4.4031276e-20
  27899.6484375   4.4247032e-20
  27973.9492188   4.4455255e-20
  28048.2500000   4.4466580e-20
  28122.5488281   4.4144161e-20
  28196.8496094   4.3608464e-20
  28271.1484375   4.3215715e-20
  28345.4492188   4.2867708e-20
  28419.7500000   4.2442647e-20
  28494.0488281   4.1445377e-20
  28568.3496094   4.1810655e-20
  28642.6484375   4.1275899e-20
  28716.9492188   4.1160223e-20
  28791.2500000   4.0967438e-20
  28865.5488281   4.1011540e-20
  28939.8496094   4.1200916e-20
  29014.1484375   4.1122282e-20
  29088.4492188   4.1012261e-20
  29162.7500000   4.0456787e-20
  29237.0488281   4.0422510e-20
  29311.3496094   3.9411382e-20
  29385.6484375   3.8852331e-20
  29459.9492188   3.8993359e-20
  29534.2500000   3.8664070e-20
  29608.5488281   3.9337198e-20
  29682.8496094   3.9208187e-20
  29757.1484375   3.9472881e-20
  29831.4492188   3.9381972e-20
  29905.7500000   3.9151231e-20
  29980.0488281   3.8842605e-20
  30054.3496094   3.8246243e-20
  30128.6484375   3.8029005e-20
  30202.9492188   3.8432976e-20
  30277.2500000   3.8370744e-20
  30351.5488281   3.8425047e-20
  30425.8496094   3.7980764e-20
  30500.1484375   3.7746132e-20
  30574.4492188   3.7932092e-20
  30648.7500000   3.7923097e-20
  30723.0488281   3.8015311e-20
  30797.3496094   3.7701235e-20
  30871.6484375   3.6775940e-20
  30945.9492188   3.6773196e-20
  31020.2500000   3.6652751e-20
  31094.5488281   3.6735908e-20
  31168.8496094   3.6261598e-20
  31243.1484375   3.6823457e-20
  31317.4492188   3.6246150e-20
  31391.7500000   3.5974486e-20
  31466.0488281   3.5757586e-20
  31540.3496094   3.6327908e-20
  31614.6484375   3.4699396e-20
  31688.9492188   3.6184919e-20
  31763.2500000   3.3669123e-20
  31837.5488281   3.6878319e-20
  31911.8496094   3.5687615e-20
  31986.1484375   3.5697803e-20
  32060.4492188   3.7046334e-20
  32134.7500000   3.6478671e-20
  32209.0488281   3.3237623e-20
  32283.3496094   3.6054997e-20
  32357.6484375   3.6874920e-20
  32431.9492188   3.6527727e-20
  32506.2500000   3.4525343e-20
  32580.5488281   3.6237080e-20
  32654.8496094   3.6724454e-20
  32729.1484375   3.6216077e-20
  32803.4492188   3.6249336e-20
  32877.7500000   3.5667870e-20
  32952.0507812   3.3927401e-20
  33026.3476562   3.5940849e-20
  33100.6484375   3.6373406e-20
  33174.9492188   3.5789792e-20
  33249.2500000   3.5790267e-20
  33323.5507812   3.5718192e-20
  33397.8476562   3.5349428e-20
  33472.1484375   3.3302644e-20
  33546.4492188   3.4529437e-20
  33620.7500000   3.5846111e-20
  33695.0507812   3.5387329e-20
  33769.3476562   3.4501548e-20
  33843.6484375   3.4588632e-20
  33917.9492188   3.4965732e-20
  33992.2500000   3.4682181e-20
  34066.5507812   3.4220708e-20
  34140.8476562   3.4000642e-20
  34215.1484375   3.2697858e-20
  34289.4492188   3.1078009e-20
  34363.7500000   3.2335275e-20
  34438.0507812   3.2930458e-20
  34512.3476562   3.3032288e-20
  34586.6484375   3.3174763e-20
  34660.9492188   3.2984738e-20
  34735.2500000   3.2932484e-20
  34809.5507812   3.2547137e-20
  34883.8476562   3.2697286e-20
  34958.1484375   3.2018449e-20
  35032.4492188   3.2558860e-20
  35106.7500000   3.2066012e-20
  35181.0507812   3.2330021e-20
  35255.3476562   3.2300786e-20
  35329.6484375   3.1863860e-20
  35403.9492188   3.1613932e-20
  35478.2500000   2.9886032e-20
  35552.5507812   3.1308848e-20
  35626.8476562   3.1948778e-20
  35701.1484375   3.1616155e-20
  35775.4492188   3.1602135e-20
  35849.7500000   3.1350675e-20
  35924.0507812   3.1180683e-20
  35998.3476562   3.1428566e-20
  36072.6484375   3.1266526e-20
  36146.9492188   3.1161651e-20
  36221.2500000   3.0949703e-20
  36295.5507812   3.0967648e-20
  36369.8476562   3.0599114e-20
  36444.1484375   3.1052632e-20
  36518.4492188   3.0823548e-20
  36592.7500000   3.0939783e-20
  36667.0507812   3.0751480e-20
  36741.3476562   3.0628692e-20
  36815.6484375   3.0480946e-20
  36889.9492188   3.0531055e-20
  36964.2500000   3.0473851e-20
  37038.5507812   3.0432925e-20
  37112.8476562   3.0251430e-20
  37242.8750000   2.9656826e-20
  37428.6250000   2.9064590e-20
  37614.3750000   2.9582938e-20
  37800.1250000   2.9312770e-20
  37985.8750000   2.9216762e-20
  38171.6250000   2.9118638e-20
  38357.3750000   2.8660868e-20
  38543.1250000   2.8402487e-20
  38728.8750000   2.8326002e-20
  38914.6250000   2.8015958e-20
  39100.3750000   2.7888162e-20
  39286.1250000   2.7566440e-20
  39471.8750000   2.7376899e-20
  39657.6250000   2.6883152e-20
  39843.3750000   2.6786512e-20
  40029.1250000   2.6525798e-20
  40214.8750000   2.5977830e-20
  40400.6250000   2.5538460e-20
  40586.3750000   2.4578155e-20
  40772.1250000   2.4380982e-20
  40957.8750000   2.4183268e-20
  41143.6250000   2.3942215e-20
  41329.3750000   2.3827351e-20
  41515.1250000   2.3695030e-20
  41700.8750000   2.3579384e-20
  41886.6250000   2.3369175e-20
  42072.3750000   2.3269935e-20
  42258.1250000   2.3161858e-20
  42443.8750000   2.3016446e-20
  42629.6250000   2.3123033e-20
  42815.3750000   2.3037481e-20
  43001.1250000   2.2816163e-20
  43186.8750000   2.2574357e-20
  43372.6250000   2.2487774e-20
  43558.3750000   2.2565634e-20
  43744.1250000   2.2305315e-20
  43929.8750000   2.2148541e-20
  44115.6250000   2.1834843e-20
  44301.3750000   2.2034056e-20
  44487.1250000   2.1465450e-20
  44672.8750000   2.1663388e-20
  44858.6250000   2.1434928e-20
  45044.3750000   2.1343526e-20
  45230.1250000   2.1304287e-20
  45415.8750000   2.1135977e-20
  45601.6250000   2.0982448e-20
  45787.3750000   2.0802148e-20
  45973.1250000   2.0700621e-20
  46158.8750000   2.0519592e-20
  46344.6250000   2.0417561e-20
  46530.3750000   2.0191773e-20
  46716.1250000   2.0106732e-20
  46901.8750000   1.9984976e-20
  47087.6250000   1.9783425e-20
  47273.3750000   1.9731969e-20
  47459.1250000   1.9618340e-20
  47644.8750000   1.8839231e-20
  47830.6250000   1.9274845e-20
  48016.3750000   1.9061526e-20
  48202.1250000   1.9142399e-20
  48387.8750000   1.8910769e-20
  48573.6250000   1.8938114e-20
  48759.3750000   1.8670048e-20
  48945.1250000   1.8597951e-20
  49130.8750000   1.8543551e-20
  49316.6250000   1.8300109e-20
  49502.3750000   1.8343801e-20
  49688.1250000   1.8153540e-20
  49873.8750000   1.8179229e-20
  50059.6250000   1.8051220e-20
  50245.3750000   1.7959017e-20
  50431.1250000   1.7713679e-20
  50616.8750000   1.7638998e-20
  50802.6250000   1.7618172e-20
  50988.3750000   1.7579294e-20
  51174.1250000   1.7477141e-20
  51359.8750000   1.7418903e-20
  51545.6250000   1.7234145e-20
  51731.3750000   1.6995723e-20
  51917.1250000   1.6955091e-20
  52102.8750000   1.6669719e-20
  52288.6250000   1.6565281e-20
  52474.3750000   1.6233767e-20
  52660.1250000   1.6156026e-20
  52845.8750000   1.5949952e-20
  53031.6250000   1.5780915e-20
  53217.3750000   1.5930140e-20
  53403.1250000   1.5942039e-20
  53588.8750000   1.5598384e-20
  53774.6250000   1.5784311e-20
  53960.3750000   1.5613461e-20
  54127.5468750   1.5651634e-20
  54313.2968750   1.5488682e-20
  54517.6250000   1.5438019e-20
  54703.3750000   1.5238024e-20
  54889.1250000   1.5286084e-20
  55074.8750000   1.5269980e-20
  55260.6250000   1.5207071e-20
  55446.3750000   1.5402127e-20
  55632.1250000   1.5265689e-20
  55817.8750000   1.5231066e-20
  56003.6250000   1.5121955e-20
  56189.3750000   1.5242911e-20
  56375.1250000   1.5262605e-20
  56560.8750000   1.5245454e-20
  56746.6250000   1.5237489e-20
  56932.3750000   1.5137173e-20
  57118.1250000   1.5240032e-20
  57303.8750000   1.5184913e-20
  57489.6250000   1.5203799e-20
  57675.3750000   1.5047624e-20
  57861.1250000   1.4400046e-20
  58046.8750000   1.4538131e-20
  58232.6250000   1.4548159e-20
  58418.3750000   1.4771696e-20
  58604.1250000   1.3888367e-20
  58789.8750000   1.3749206e-20
  58975.6250000   1.3757120e-20
  59161.3750000   1.4222679e-20
  59347.1250000   1.3737257e-20
  59625.7500000   1.3890502e-20
  59997.2500000   1.4083816e-20
  60368.7500000   1.3690458e-20
  60740.2500000   1.4033620e-20
  61111.7500000   1.3423726e-20
  61483.2500000   1.3683004e-20
  61854.7500000   1.3379464e-20
  62226.2500000   1.3300840e-20
  62597.7500000   1.3005606e-20
  62969.2500000   1.3037861e-20
  63340.7500000   1.2817067e-20
  63712.2500000   1.2669820e-20
  64083.7500000   1.2448096e-20
  64455.2500000   1.2129845e-20
  64826.7500000   1.2076053e-20
  65198.2500000   1.1917884e-20
  65569.7500000   1.1749912e-20
  65941.2500000   1.1543525e-20
  66312.7500000   1.1441318e-20
  66684.2500000   1.1242426e-20
  67055.7500000   1.1025373e-20
  67427.2500000   1.0825674e-20
  67798.7500000   1.0682849e-20
  68170.2500000   1.0512320e-20
  68541.7500000   1.0311537e-20
  68913.2500000   1.0196567e-20
  69284.7500000   9.9471878e-21
  69656.2500000   9.7453363e-21
  70027.7500000   9.6870887e-21
  70399.2500000   9.3912537e-21
  70770.7500000   9.4325901e-21
  71142.2500000   9.2525911e-21
  71513.7500000   9.1261116e-21
  71885.2500000   8.9098362e-21
  72256.7500000   8.6902109e-21
  72628.2500000   8.6662752e-21
  72999.7500000   8.5011993e-21
  73371.2500000   8.3309940e-21
  73742.7500000   8.2205411e-21
  74114.2500000   8.1021525e-21
  74485.7500000   8.0272078e-21
  74857.2500000   7.9124026e-21
  75228.7500000   7.7196679e-21
  75600.2500000   7.6024134e-21
  75971.7500000   7.5520976e-21
  76343.2500000   7.4102943e-21
  76714.7500000   7.2827881e-21
  77086.2500000   7.1883780e-21
  77457.7500000   7.0723571e-21
  77829.2500000   6.9520685e-21
  78200.7500000   6.8972670e-21
  78572.2500000   6.7710004e-21
  78943.7500000   6.6680382e-21
  79315.2500000   6.6107414e-21
  79686.7500000   6.5055291e-21
  80058.2500000   6.4031437e-21
  80429.7500000   6.2616207e-21
  80801.2500000   6.1962121e-21
  81172.7500000   6.1238709e-21
  81544.2500000   6.0504077e-21
  81915.7500000   5.9227384e-21
  82287.2500000   5.8916840e-21
  82658.7500000   5.7637432e-21
  83030.2500000   5.6927996e-21
  83401.7500000   5.6171759e-21
  83773.2500000   5.5470130e-21
  84144.7500000   5.4461588e-21
  84516.2500000   5.4133458e-21
  84887.7500000   5.3086465e-21
  85259.2500000   4.4829930e-21
  85630.7500000   4.7911056e-21
  86002.2500000   4.7601696e-21
  86373.7500000   4.0763016e-21
  86745.2500000   4.4144933e-21
  87116.7500000   4.1593808e-21
  87488.2500000   3.7395337e-21
  87859.7500000   4.0781281e-21
  88231.2500000   3.8441753e-21
  88602.7500000   3.5576974e-21
  88974.2500000   3.8251283e-21
  89345.7500000   3.7121253e-21
  89717.2500000   3.4503517e-21
  90088.7500000   3.6479473e-21
  90460.2500000   3.5256247e-21
  90831.7500000   3.4121208e-21
  91203.2500000   3.4400782e-21
  91574.7500000   3.4514580e-21
  91946.2500000   3.3777242e-21
  92317.7500000   3.0603952e-21
  92689.2500000   3.0531188e-21
  93060.7500000   3.1395182e-21
  93432.2500000   3.0412749e-21
  93803.7500000   3.1464890e-21
  94175.2500000   3.1758101e-21
  94546.7500000   3.1850428e-21
  94918.2500000   3.1912596e-21
  95289.7500000   3.2051793e-21
  95661.2500000   3.2265482e-21
  96032.7500000   3.1309261e-21
  96404.2500000   3.1337324e-21
  96775.7500000   3.1409387e-21
  97147.2500000   3.0723673e-21
  97518.7500000   3.0259402e-21
  97890.2500000   3.0377909e-21
  98261.7500000   3.0125476e-21
  98633.2500000   2.9639640e-21
  99004.7500000   2.9169965e-21
  99376.2500000   2.9332087e-21
  99747.7500000   2.9078254e-21
 100119.2500000   2.8356622e-21
 100490.7500000   2.8433815e-21
 100862.2500000   2.8117771e-21
 101233.7500000   2.7974275e-21
 101605.2500000   2.7256926e-21
 101976.7500000   2.7275727e-21
 102348.2500000   2.7019152e-21
 102719.7500000   2.6670298e-21
 103091.2500000   2.6154585e-21
 103462.7500000   2.6131736e-21
 103834.2500000   2.5975891e-21
 104205.7500000   2.5673634e-21
 104577.2500000   2.5220351e-21
 104948.7500000   2.5094178e-21
 105320.2500000   2.4947478e-21
 105691.7500000   2.4633485e-21
 106063.2500000   2.4328464e-21
 106434.7500000   2.4051504e-21
 106806.2500000   2.3723144e-21
 107177.7500000   2.3548649e-21
 107549.2500000   2.3292124e-21
 107920.7500000   2.3015129e-21
 108292.2500000   2.2799636e-21
 108663.7500000   2.2420028e-21
 109035.2500000   2.2307078e-21
 109406.7500000   2.1958222e-21
 109778.2500000   2.1711964e-21
 110149.7500000   2.1527287e-21
 110521.2500000   2.1270723e-21
 110892.7500000   2.0973233e-21
 111264.2500000   2.0726913e-21
 111635.7500000   2.0470446e-21
 112007.2500000   2.0285724e-21
 112378.7500000   2.0008689e-21
 112750.2500000   1.9670105e-21
 113121.7500000   1.9536657e-21
 113493.2500000   1.9321204e-21
 113864.7500000   1.9095460e-21
 114236.2500000   1.8910769e-21
 114607.7500000   1.8623452e-21
 114979.2500000   1.8428508e-21
 115350.7500000   1.8274568e-21
 115722.2500000   1.7977010e-21
 116093.7500000   1.7823085e-21
 116465.2500000   1.7617861e-21
 116836.7500000   1.7422958e-21
 117208.2500000   1.7207447e-21
 117579.7500000   1.6981695e-21
 117951.2500000   1.6838066e-21
 118322.7500000   1.6632860e-21
 118694.2500000   1.6448129e-21
 119251.5000000   1.6150563e-21
 119994.5000000   1.5791451e-21
 120737.5000000   1.5432326e-21
 121480.5000000   1.5083486e-21
 122223.5000000   1.4703799e-21
 122966.5000000   1.4416500e-21
 123709.5000000   1.4098422e-21
 124452.5000000   1.3821373e-21
 125195.5000000   1.3503314e-21
 125938.5000000   1.3205731e-21
 126681.5000000   1.2908186e-21
 127424.5000000   1.2661921e-21
 128167.5000000   1.2415663e-21
 128910.5000000   1.2148879e-21
 129653.5000000   1.1902611e-21
 130396.5000000   1.1676863e-21
 131139.5000000   1.1420334e-21
 131882.5000000   1.1194585e-21
 132625.5000000   1.0968866e-21
 133368.5000000   1.0743120e-21
 134111.5000000   1.0548162e-21
 134854.5000000   1.0342923e-21
 135597.5000000   1.0112057e-21
 136340.5000000   9.9191809e-22
 137083.5000000   9.6790512e-22
 137826.5000000   9.4830986e-22
 138569.5000000   9.3250841e-22
 139312.5000000   9.0859994e-22
 140055.5000000   8.9813397e-22
 140798.5000000   8.8048469e-22
 141541.5000000   8.6478350e-22
 142284.5000000   8.5031784e-22
 143027.5000000   8.3523527e-22
 143770.5000000   8.1738127e-22
 144513.5000000   8.0280893e-22
 145256.5000000   7.8803241e-22
 145999.5000000   7.7520798e-22
 146742.5000000   7.5807089e-22
 147485.5000000   7.4473251e-22
 148228.5000000   7.2821161e-22
 148971.5000000   7.1672257e-22
 149714.5000000   7.0481715e-22
 150457.5000000   6.9024794e-22
 151200.5000000   6.7968013e-22
 151943.5000000   6.6787943e-22
 152686.5000000   6.5659213e-22
 153429.5000000   6.4571665e-22
 154172.5000000   6.3350605e-22
 154915.5000000   6.2119335e-22
 155658.5000000   6.1123977e-22
 156401.5000000   5.9995242e-22
 157144.5000000   5.9194880e-22
 157887.5000000   5.8035464e-22
 158630.5000000   5.7152955e-22
 159373.5000000   5.4526202e-22
 160116.5000000   5.2248224e-22
 160859.5000000   5.2258554e-22
 161602.5000000   5.0021683e-22
 162345.5000000   4.8800657e-22
 163088.5000000   4.7743861e-22
 163831.5000000   4.5681372e-22
 164574.5000000   4.5311918e-22
 165317.5000000   4.4285914e-22
 166060.5000000   4.2777430e-22
 166803.5000000   4.2859613e-22
 167546.5000000   4.1741122e-22
 168289.5000000   4.0602211e-22
 169032.5000000   4.0479003e-22
 169775.5000000   3.9801890e-22
 170518.5000000   3.8539801e-22
 171261.5000000   3.8642340e-22
 172004.5000000   3.7759894e-22
 172747.5000000   3.7195670e-22
 173490.5000000   3.6856950e-22
 174233.5000000   3.6231033e-22
 174976.5000000   3.5564167e-22
 175719.5000000   3.5502525e-22
 176462.5000000   3.4773998e-22
 177205.5000000   3.4312357e-22
 177948.5000000   3.3799201e-22
 178691.5000000   3.3101558e-22
 179434.5000000   3.3111736e-22
 180177.5000000   3.2475601e-22
 180920.5000000   3.1870299e-22
 181663.5000000   3.1521319e-22
 182406.5000000   3.0997993e-22
 183149.5000000   3.0587555e-22
 183892.5000000   3.0064282e-22
 184635.5000000   2.9889839e-22
 185378.5000000   2.9346004e-22
 186121.5000000   2.9069060e-22
 186864.5000000   2.8668798e-22
 187607.5000000   2.8073722e-22
 188350.5000000   2.7806953e-22
 189093.5000000   2.7427323e-22
 189836.5000000   2.6986066e-22
 190579.5000000   2.6596141e-22
 191322.5000000   2.6247331e-22
 192065.5000000   2.6124160e-22
 192808.5000000   2.5672621e-22
 193551.5000000   2.5313567e-22
 194294.5000000   2.4964686e-22
 195037.5000000   2.4728656e-22
 195780.5000000   2.4615749e-22
 196523.5000000   2.4041153e-22
 197266.5000000   2.3671835e-22
 198009.5000000   2.3497407e-22
 198752.5000000   2.3189542e-22
 199495.5000000   2.2891943e-22
 200238.5000000   2.2635413e-22
 200981.5000000   2.2358373e-22
 201724.5000000   2.1989007e-22
 202467.5000000   2.1855663e-22
 203210.5000000   2.1455459e-22
 203953.5000000   2.1281003e-22
 204696.5000000   2.0911611e-22
 205439.5000000   2.0942399e-22
 206182.5000000   2.0439631e-22
 206925.5000000   2.0337018e-22
 207668.5000000   1.9998410e-22
 208411.5000000   1.9885517e-22
 209154.5000000   1.9495603e-22
 209897.5000000   1.9382739e-22
 210640.5000000   1.9126265e-22
 211383.5000000   1.8777361e-22
 212126.5000000   1.8685059e-22
 212869.5000000   1.8469507e-22
 213612.5000000   1.8223275e-22
 214355.5000000   1.7997549e-22
 215098.5000000   1.7843605e-22
 215841.5000000   1.7597369e-22
 216584.5000000   1.7402385e-22
 217327.5000000   1.7197173e-22
 218070.5000000   1.6930388e-22
 218813.5000000   1.6745736e-22
 219556.5000000   1.6520020e-22
 220299.5000000   1.6396850e-22
 221042.5000000   1.6150564e-22
 221785.5000000   1.6027474e-22
 222528.5000000   1.5842788e-22
 223271.5000000   1.5658096e-22
 224014.5000000   1.5463127e-22
 224757.5000000   1.5247665e-22
 225500.5000000   1.5073221e-22
 226243.5000000   1.4888476e-22
 226986.5000000   1.4703799e-22
 227729.5000000   1.4570411e-22
 228472.5000000   1.4416500e-22
 229215.5000000   1.4283147e-22
 229958.5000000   1.4098422e-22
 230701.5000000   1.3965005e-22
 231444.5000000   1.3770056e-22
 232187.5000000   1.3585403e-22
 232930.5000000   1.3431451e-22
 233673.5000000   1.3287819e-22
 234416.5000000   1.3133894e-22
 235159.5000000   1.3021038e-22
 235902.5000000   1.2856870e-22
 236645.5000000   1.2754232e-22
 237388.5000000   1.2569559e-22
 238503.0000000   1.2374617e-22
 239989.0000000   1.2077009e-22
 241475.0000000   1.1820510e-22
 242961.0000000   1.1553720e-22
 244447.0000000   1.1307443e-22
 245933.0000000   1.1050921e-22
 247419.0000000   1.0814933e-22
 248905.0000000   1.0589193e-22
 250391.0000000   1.0342969e-22
 251877.0000000   1.0124411e-22
 253363.0000000   9.9037713e-23
 254849.0000000   9.7006276e-23
 256335.0000000   9.4851398e-23
 257821.0000000   9.2860951e-23
 259307.0000000   9.0880348e-23
 260793.0000000   8.8931048e-23
 262279.0000000   8.7124897e-23
 263765.0000000   8.5257638e-23
 265251.0000000   8.3523526e-23
 266737.0000000   8.1758592e-23
 268223.0000000   8.0086150e-23
 269709.0000000   7.8413468e-23
 271195.0000000   7.6833411e-23
 272681.0000000   7.5232642e-23
 274167.0000000   7.3724119e-23
 275653.0000000   7.2164667e-23
 277139.0000000   7.0615256e-23
 278625.0000000   6.9199320e-23
 280111.0000000   6.7906257e-23
 281597.0000000   6.6613649e-23
 283083.0000000   6.5289991e-23
 284569.0000000   6.4007259e-23
 286055.0000000   6.2734845e-23
 287541.0000000   6.1524196e-23
 289027.0000000   6.0333988e-23
 290513.0000000   5.9153814e-23
 291999.0000000   5.8025263e-23
 293485.0000000   5.6906753e-23
 294971.0000000   5.5819110e-23
 296457.0000000   5.4762112e-23
 297943.0000000   5.3695174e-23
 299429.0000000   5.2679330e-23
 300915.0000000   5.1714714e-23
 302401.0000000   5.0729641e-23
 303887.0000000   4.9806194e-23
 305373.0000000   4.8892898e-23
 306859.0000000   4.7979704e-23
 308345.0000000   4.7107558e-23
 309831.0000000   4.6225267e-23
 311317.0000000   4.5393982e-23
 312803.0000000   4.4583515e-23
 314289.0000000   4.3772910e-23
 315775.0000000   4.2993087e-23
 317261.0000000   4.2223449e-23
 318747.0000000   4.1474327e-23
 320233.0000000   4.0745833e-23
 321719.0000000   4.0027673e-23
 323205.0000000   3.9329945e-23
 324691.0000000   3.8642339e-23
 326177.0000000   3.7965256e-23
 327663.0000000   3.7298237e-23
 329149.0000000   3.6651784e-23
 330635.0000000   3.6025870e-23
 332121.0000000   3.5420448e-23
 333607.0000000   3.4794622e-23
 335093.0000000   3.4230180e-23
 336579.0000000   3.3655668e-23
 338065.0000000   3.3060441e-23
 339551.0000000   3.2516705e-23
 341037.0000000   3.1983034e-23
 342523.0000000   3.1459779e-23
 344009.0000000   3.0936521e-23
 345495.0000000   3.0433730e-23
 346981.0000000   2.9930957e-23
 348467.0000000   2.9438427e-23
 349953.0000000   2.8966471e-23
 351439.0000000   2.8494445e-23
 352925.0000000   2.8032696e-23
 354411.0000000   2.7581215e-23
 355897.0000000   2.7150235e-23
 357383.0000000   2.6708981e-23
 358869.0000000   2.6288283e-23
 360355.0000000   2.5867625e-23
 361841.0000000   2.5446878e-23
 363327.0000000   2.5057064e-23
 364813.0000000   2.4667154e-23
 366299.0000000   2.4287470e-23
 367785.0000000   2.3918043e-23
 369271.0000000   2.3538412e-23
 370757.0000000   2.3179259e-23
 372243.0000000   2.2820173e-23
 743000.0000000   1.5360514e-24
1486000.0000000   9.8729813e-26
2229000.0000000   1.9618770e-26
2972000.0000000   6.2170648e-27
3715000.0000000   2.5457163e-27
4458000.0000000   1.2261713e-27
5201000.0000000   6.6131220e-28
5944000.0000000   3.8724399e-28
