    371.5530090   1.7895141e-23
    383.8020020   2.0329846e-23
    391.9680176   2.1652610e-23
    400.1340332   1.1469175e-22
    408.3000183   3.1474106e-22
    416.4660034   3.4125360e-22
    424.6320190   3.2414855e-22
    432.7980347   3.2956458e-22
    440.9640198   3.3612197e-22
    449.1300049   3.8373221e-22
    465.4620361   3.9798689e-22
    481.7940063   3.8658413e-22
    494.0430298   4.8893054e-22
    510.3750305   5.0774602e-22
    518.5410156   5.1829469e-22
    522.6240234   5.2656357e-22
    534.8730469   5.0774602e-22
    538.9560547   5.2542241e-22
    547.1220093   5.0204507e-22
    559.3710327   5.5792323e-22
    571.6199951   5.5934863e-22
    583.8690186   7.0702672e-22
    600.2010498   8.8150109e-22
    616.5330200   7.8970131e-22
    632.8650513   8.9062260e-22
    649.1970215   8.9433057e-22
    661.4460449   8.9575744e-22
    677.7780151   9.0145622e-22
    694.1100464   9.0088632e-22
    706.3590088   7.4237708e-22
    722.6910400   9.0801631e-22
    734.9400635   9.0944106e-22
    743.1060181   9.0944106e-22
    759.4380493   9.1115217e-22
    779.8530273   9.1228934e-22
    792.1020508   9.1770630e-22
    808.4340210   9.1542792e-22
    824.7660522   9.1884761e-22
    837.0150146   9.1799256e-22
    857.4300537   8.9005553e-22
    881.9280396   9.1742418e-22
    898.2600098   9.2084327e-22
    910.5090332   9.1000843e-22
    926.8410645   8.8765870e-22
    939.0900269   1.0805377e-21
    955.4220581   1.5554445e-21
    979.9200439   1.6026820e-21
   1004.4180298   1.4140942e-21
   1028.9160156   1.3794673e-21
   1049.3310547   1.2121095e-21
   1061.5800781   1.2401586e-21
   1077.9121094   1.4968049e-21
   1098.3270264   1.4680615e-21
   1118.7420654   1.4253675e-21
   1139.1571045   1.1810947e-21
   1159.5720215   1.3366525e-21
   1184.0700684   1.3145765e-21
   1208.5681152   1.1517076e-21
   1228.9830322   1.0072154e-21
   1257.5640869   1.0214078e-21
   1298.3940430   9.2623771e-22
   1339.2241211   8.8218277e-22
   1380.0540771   7.7086130e-22
   1420.8840332   6.7513039e-22
   1457.6311035   8.4267692e-22
   1494.3780518   1.1940817e-21
   1531.1251221   1.0998277e-21
   1571.9550781   8.1338375e-22
   1612.7850342   1.1254367e-21
   1653.6151123   1.3013131e-21
   1690.3620605   1.2180169e-21
   1723.0261230   1.0494869e-21
   1755.6900635   9.5293862e-22
   1800.6030273   1.0409534e-21
   1841.4331055   1.0013756e-21
   1878.1800537   8.3717327e-22
   1919.0101318   8.0857551e-22
   1959.8400879   8.6432670e-22
   2000.6700439   6.9681389e-22
   2041.5001221   8.2290915e-22
   2065.9980469   6.9084747e-22
   2090.4960938   1.0615068e-21
   2123.1601562   9.7814269e-22
   2163.9899902   8.6981788e-22
   2204.8200684   6.9172489e-22
   2245.6501465   6.5083776e-22
   2286.4799805   8.3312027e-22
   2327.3100586   9.1094012e-22
   2368.1401367   8.7218198e-22
   2408.9702148   8.7335096e-22
   2449.8000488   7.2254641e-22
   2490.6301270   6.9501367e-22
   2531.4602051   8.7816259e-22
   2572.2900391   8.2548273e-22
   2613.1201172   9.1366875e-22
   2653.9501953   8.8530328e-22
   2686.6140137   8.1908354e-22
   2715.1950684   9.3640188e-22
   2756.0251465   1.0046485e-21
   2796.8552246   8.8069229e-22
   2837.6850586   1.0551530e-21
   2878.5151367   8.8144687e-22
   2923.4282227   1.1832078e-21
   2964.2580566   1.2536795e-21
   3001.0051270   1.3201480e-21
   3041.8352051   1.3518604e-21
   3082.6650391   1.4320626e-21
   3123.4951172   1.3782985e-21
   3164.3251953   1.6631961e-21
   3205.1550293   1.6565114e-21
   3245.9851074   1.9544355e-21
   3286.8151855   2.2329395e-21
   3327.6452637   2.5518021e-21
   3368.4750977   2.9697323e-21
   3409.3051758   2.7204391e-21
   3450.1352539   3.9029629e-21
   3490.9650879   4.4917175e-21
   3531.7951660   5.4960336e-21
   3572.6252441   6.5700375e-21
   3613.4550781   7.9008980e-21
   3654.2851562   9.5847914e-21
   3695.1152344   1.1470686e-20
   3735.9450684   1.3731689e-20
   3776.7751465   4.7679886e-20
   3817.6052246   8.7024583e-20
   3858.4350586   1.2652509e-19
   3899.2651367   1.6421474e-19
   3940.0952148   1.7614898e-19
   3980.9252930   8.1611397e-20
   4021.7551270   1.6188037e-19
   4062.5852051   1.5695805e-19
   4103.4150391   1.9635899e-19
   4144.2451172   2.0118100e-19
   4185.0751953   1.4066800e-19
   4225.9052734   2.2063368e-19
   4266.7353516   3.0249263e-19
   4307.5654297   2.9140604e-19
   4348.3950195   2.4563340e-19
   4389.2250977   2.6988401e-19
   4430.0551758   2.3551411e-19
   4470.8852539   2.7551031e-19
   4511.7153320   2.6275899e-19
   4552.5454102   2.5558513e-19
   4593.3750000   2.2466520e-19
   4634.2050781   2.6612112e-19
   4675.0351562   2.5070790e-19
   4715.8652344   2.5153063e-19
   4756.6953125   2.4739160e-19
   4797.5253906   1.6877433e-19
   4838.3549805   2.3299049e-19
   4879.1850586   1.9541608e-19
   4920.0151367   1.6517892e-19
   4960.8452148   1.3297083e-19
   5001.6752930   2.9896494e-19
   5042.5053711   3.6629207e-19
   5083.3354492   3.8111884e-19
   5124.1650391   3.7126911e-19
   5164.9951172   3.5361958e-19
   5205.8251953   4.1103993e-19
   5246.6552734   4.2221356e-19
   5287.4853516   3.6228438e-19
   5328.3154297   3.6297081e-19
   5369.1450195   4.1898099e-19
   5409.9750977   4.0295194e-19
   5450.8051758   3.7635506e-19
   5491.6352539   4.1425306e-19
   5532.4653320   4.0440922e-19
   5573.2954102   3.7489674e-19
   5614.1254883   3.7873946e-19
   5654.9550781   3.7693571e-19
   5695.7851562   2.9542911e-19
   5736.6152344   2.9162369e-19
   5777.4453125   3.5511675e-19
   5818.2753906   3.4987806e-19
   5859.1054688   3.6022979e-19
   5887.6860352   3.6897066e-19
   5908.1010742   3.7122835e-19
   5940.7651367   3.5991665e-19
   5981.5952148   3.3995071e-19
   6022.4252930   3.4344578e-19
   6063.2553711   3.4864174e-19
   6104.0854492   3.4852692e-19
   6144.9150391   3.3146029e-19
   6173.4960938   3.0387475e-19
   6193.9111328   3.1694105e-19
   6226.5751953   3.1095580e-19
   6267.4052734   2.6936888e-19
   6308.2353516   2.5678899e-19
   6349.0654297   2.5160466e-19
   6389.8955078   2.7294264e-19
   6430.7250977   2.8939855e-19
   6471.5551758   2.9727204e-19
   6512.3852539   2.9962348e-19
   6553.2153320   2.9239571e-19
   6594.0454102   2.8902766e-19
   6634.8754883   2.8133793e-19
   6675.7050781   2.9538498e-19
   6716.5351562   2.9713630e-19
   6757.3652344   2.8631391e-19
   6798.1953125   2.9992628e-19
   6826.7763672   2.7351864e-19
   6847.1914062   3.0860757e-19
   6879.8554688   3.1008165e-19
   6920.6855469   2.9453777e-19
   6961.5151367   2.8576743e-19
   7002.3452148   2.7082082e-19
   7043.1752930   2.6660778e-19
   7084.0053711   2.8064933e-19
   7124.8354492   2.7507025e-19
   7165.6655273   2.8391723e-19
   7206.4951172   2.6935588e-19
   7247.3251953   2.6734178e-19
   7288.1552734   2.7277488e-19
   7328.9853516   2.8219055e-19
   7369.8154297   2.8162845e-19
   7410.6455078   2.6163971e-19
   7451.4750977   2.6582793e-19
   7492.3051758   2.5858617e-19
   7533.1352539   2.4031621e-19
   7573.9653320   2.4095453e-19
   7614.7954102   2.4487943e-19
   7655.6254883   2.5634955e-19
   7696.4555664   2.3660165e-19
   7737.2851562   2.2684844e-19
   7778.1152344   2.3913600e-19
   7818.9453125   2.2898249e-19
   7859.7753906   2.2087413e-19
   7900.6054688   2.3024908e-19
   7941.4355469   2.3615316e-19
   7982.2651367   2.1832225e-19
   8031.2612305   2.3528561e-19
   8068.0083008   2.4100217e-19
   8100.6723633   2.2866291e-19
   8145.5854492   2.2260756e-19
   8186.4155273   2.2862877e-19
   8227.2451172   2.2294022e-19
   8268.0751953   2.2991661e-19
   8308.9052734   2.1657938e-19
   8349.7353516   2.2133634e-19
   8390.5654297   2.0080673e-19
   8431.3955078   2.0704231e-19
   8468.1425781   2.2562434e-19
   8484.4746094   2.1279291e-19
   8513.0556641   2.1928512e-19
   8553.8857422   2.0823237e-19
   8594.7158203   2.1055344e-19
   8635.5449219   2.1220963e-19
   8676.3750000   2.1320171e-19
   8717.2050781   2.0352626e-19
   8758.0351562   2.0278038e-19
   8798.8652344   2.0884690e-19
   8839.6953125   2.0318866e-19
   8880.5253906   2.0202214e-19
   8921.3554688   1.9727522e-19
   8962.1855469   2.0363624e-19
   9003.0156250   1.9958985e-19
   9043.8457031   1.9241158e-19
   9084.6757812   1.8792020e-19
   9125.5058594   1.9380585e-19
   9166.3349609   1.8863630e-19
   9207.1650391   1.8277675e-19
   9247.9951172   1.8591311e-19
   9288.8251953   1.8787399e-19
   9329.6552734   1.8933431e-19
   9370.4853516   1.7873071e-19
   9411.3154297   1.8056666e-19
   9452.1455078   1.7481723e-19
   9492.9755859   1.4869702e-19
   9533.8056641   1.6639122e-19
   9574.6357422   1.6378404e-19
   9615.4658203   1.6904435e-19
   9656.2958984   1.6099483e-19
   9697.1250000   1.6170131e-19
   9737.9550781   1.5367647e-19
   9778.7851562   1.5912289e-19
   9819.6152344   1.5437389e-19
   9860.4453125   1.5549799e-19
   9901.2753906   1.5931239e-19
   9942.1054688   1.5392301e-19
   9982.9355469   1.5836644e-19
  10023.7656250   1.5586789e-19
  10064.5957031   1.5443629e-19
  10105.4257812   1.5021391e-19
  10146.2558594   1.5129575e-19
  10187.0859375   1.3389439e-19
  10227.9150391   1.5180093e-19
  10260.5791016   1.4092337e-19
  10280.9941406   1.4556577e-19
  10309.5751953   1.4176698e-19
  10350.4052734   1.4203371e-19
  10391.2353516   1.3903363e-19
  10432.0654297   1.4363521e-19
  10472.8955078   1.4137776e-19
  10513.7255859   1.4526178e-19
  10554.5556641   1.4374122e-19
  10595.3857422   1.4189779e-19
  10636.2158203   1.3855755e-19
  10677.0458984   1.3659210e-19
  10717.8750000   1.3922365e-19
  10758.7050781   1.4014754e-19
  10799.5351562   1.4538176e-19
  10840.3652344   1.4546479e-19
  10881.1953125   1.3712525e-19
  10922.0253906   1.3989479e-19
  10962.8554688   1.3930500e-19
  11003.6855469   1.3458004e-19
  11044.5156250   1.3560407e-19
  11085.3457031   1.3172465e-19
  11126.1757812   1.3163791e-19
  11167.0058594   1.3402382e-19
  11207.8359375   1.2425412e-19
  11248.6650391   1.2476978e-19
  11289.4951172   1.2627584e-19
  11330.3251953   1.2936035e-19
  11371.1552734   1.2539383e-19
  11411.9853516   1.1062270e-19
  11452.8154297   1.1512475e-19
  11493.6455078   1.2601988e-19
  11534.4755859   1.2752817e-19
  11575.3056641   1.2274034e-19
  11616.1357422   1.2115294e-19
  11656.9658203   1.1890578e-19
  11697.7958984   1.2323241e-19
  11738.6259766   1.2169314e-19
  11779.4550781   1.2137076e-19
  11820.2851562   1.1971534e-19
  11881.5302734   1.2356300e-19
  11963.1904297   1.2041295e-19
  12044.8505859   1.1805916e-19
  12126.5107422   1.1809598e-19
  12208.1708984   1.1699896e-19
  12289.8300781   1.1645147e-19
  12371.4902344   1.1555329e-19
  12453.1503906   1.1448291e-19
  12534.8105469   1.1358644e-19
  12616.4707031   1.1263217e-19
  12698.1308594   1.1142968e-19
  12779.7910156   1.0947291e-19
  12861.4501953   1.0898791e-19
  12943.1103516   1.0754105e-19
  13024.7705078   1.0365601e-19
  13106.4306641   1.0435212e-19
  13188.0908203   1.0136099e-19
  13269.7509766   1.0267329e-19
  13351.4101562   1.0273960e-19
  13433.0703125   1.0147056e-19
  13514.7304688   1.0043574e-19
  13596.3906250   9.8751788e-20
  13678.0507812   9.6855870e-20
  13759.7109375   9.4178410e-20
  13841.3710938   9.3631966e-20
  13923.0302734   9.3045767e-20
  14004.6904297   9.1776678e-20
  14086.3505859   9.1034419e-20
  14168.0107422   9.0080318e-20
  14249.6708984   8.9763592e-20
  14331.3310547   8.9705262e-20
  14412.9902344   8.7816641e-20
  14494.6503906   8.8306655e-20
  14576.3105469   8.4171889e-20
  14657.9707031   8.2972077e-20
  14739.6308594   8.3618848e-20
  14821.2910156   8.3445321e-20
  14862.1210938   8.3287517e-20
  14902.9501953   8.4978655e-20
  14984.6103516   8.3389635e-20
  15066.2705078   7.8590579e-20
  15147.9306641   8.2817355e-20
  15229.5908203   8.0323451e-20
  15311.2509766   9.1945720e-20
  15392.9111328   9.5054361e-20
  15474.5703125   1.0528524e-19
  15556.2304688   1.1422376e-19
  15637.8906250   9.4436031e-20
  15719.5507812   1.1732209e-19
  15801.2109375   1.2399899e-19
  15882.8710938   9.1580597e-20
  15964.5302734   1.2549686e-19
  16046.1904297   1.1012825e-19
  16127.8505859   1.1947006e-19
  16209.5107422   8.1629317e-20
  16291.1708984   1.2358580e-19
  16372.8310547   1.3108694e-19
  16454.4902344   1.2949563e-19
  16536.1503906   1.2887155e-19
  16617.8105469   1.2397448e-19
  16699.4707031   1.1300775e-19
  16781.1308594   9.6245262e-20
  16862.7910156   1.2027026e-19
  16944.4511719   1.2311773e-19
  17026.1113281   1.2251578e-19
  17107.7714844   1.2162208e-19
  17189.4316406   1.2156494e-19
  17271.0898438   1.1959605e-19
  17352.7500000   1.1950312e-19
  17434.4101562   1.1573105e-19
  17516.0703125   1.1456689e-19
  17597.7304688   1.0780728e-19
  17679.3906250   9.9528116e-20
  17761.0507812   9.0186410e-20
  17842.7109375   1.1338907e-19
  17924.3710938   1.1135875e-19
  18006.0312500   1.1221200e-19
  18087.6914062   1.1265344e-19
  18169.3515625   1.1281386e-19
  18251.0117188   1.1253379e-19
  18332.6699219   1.1240042e-19
  18414.3300781   1.1656659e-19
  18495.9902344   1.1095064e-19
  18577.6503906   1.1046540e-19
  18659.3105469   1.1338458e-19
  18740.9707031   1.0981528e-19
  18822.6308594   1.1055324e-19
  18904.2910156   1.0775569e-19
  18985.9511719   1.0787785e-19
  19067.6113281   1.0850601e-19
  19149.2714844   1.0626637e-19
  19230.9316406   1.0324031e-19
  19312.5917969   1.0573936e-19
  19394.2500000   1.0622063e-19
  19475.9101562   1.0554914e-19
  19557.5703125   1.0425959e-19
  19639.2304688   1.0237521e-19
  19720.8906250   1.0125688e-19
  19802.5507812   8.9092380e-20
  19884.2109375   7.7431550e-20
  19965.8710938   9.6681206e-20
  20047.5312500   9.8022415e-20
  20129.1914062   9.6384009e-20
  20210.8515625   9.8526090e-20
  20292.5117188   9.7322355e-20
  20374.1718750   9.3527974e-20
  20455.8300781   9.0114348e-20
  20537.4902344   9.2435223e-20
  20619.1503906   9.1334769e-20
  20700.8105469   9.3307666e-20
  20782.4707031   9.0541199e-20
  20864.1308594   9.0759375e-20
  20945.7910156   8.8700399e-20
  21027.4511719   8.6649315e-20
  21109.1113281   8.3786107e-20
  21190.7714844   8.4244752e-20
  21272.4316406   8.5460714e-20
  21354.0917969   8.6272631e-20
  21435.7500000   8.7464075e-20
  21517.4101562   8.2270317e-20
  21599.0703125   8.6825304e-20
  21680.7304688   8.7927018e-20
  21762.3906250   8.3073445e-20
  21844.0507812   8.6062598e-20
  21925.7109375   8.5494874e-20
  22007.3710938   8.3861574e-20
  22089.0312500   8.2527616e-20
  22170.6914062   8.2731561e-20
  22252.3515625   8.3659619e-20
  22334.0117188   8.1753814e-20
  22415.6718750   8.1468153e-20
  22497.3300781   8.0758529e-20
  22578.9902344   8.1197038e-20
  22660.6503906   8.1569469e-20
  22742.3105469   8.0433944e-20
  22823.9707031   7.8832561e-20
  22905.6308594   7.9931432e-20
  22987.2910156   7.8923325e-20
  23068.9511719   7.8802447e-20
  23150.6113281   7.7512866e-20
  23232.2714844   7.8478832e-20
  23313.9316406   7.7000524e-20
  23395.5917969   7.9841269e-20
  23477.2519531   7.7483255e-20
  23558.9101562   7.7770655e-20
  23640.5703125   7.5860275e-20
  23722.2304688   7.7092904e-20
  23803.8906250   7.7859855e-20
  23885.5507812   7.6091517e-20
  23967.2109375   7.5429062e-20
  24048.8710938   7.1665242e-20
  24130.5312500   7.4395028e-20
  24212.1914062   7.4143869e-20
  24293.8515625   7.3771961e-20
  24375.5117188   7.4202825e-20
  24457.1718750   7.2971534e-20
  24538.8320312   7.2155068e-20
  24620.4902344   7.2919952e-20
  24702.1503906   7.3255710e-20
  24783.8105469   7.3027640e-20
  24865.4707031   7.1186543e-20
  24947.1308594   7.1050369e-20
  25028.7910156   6.8694157e-20
  25110.4511719   6.8758148e-20
  25192.1113281   6.7138121e-20
  25273.7714844   6.8858172e-20
  25355.4316406   6.8273982e-20
  25437.0917969   6.6691127e-20
  25518.7519531   6.4876590e-20
  25600.4121094   6.6773489e-20
  25682.0703125   6.7307583e-20
  25763.7304688   6.6003753e-20
  25845.3906250   6.6388385e-20
  25927.0507812   6.5880671e-20
  26008.7109375   6.5588514e-20
  26090.3710938   6.6230536e-20
  26172.0312500   6.5124666e-20
  26253.6914062   6.5373402e-20
  26335.3515625   6.4998366e-20
  26417.0117188   6.4703871e-20
  26498.6718750   6.3431537e-20
  26580.3320312   6.4249380e-20
  26661.9902344   6.3505124e-20
  26743.6503906   6.0149498e-20
  26825.3105469   5.3920311e-20
  26906.9707031   6.1825043e-20
  26988.6308594   6.3078726e-20
  27070.2910156   6.2603749e-20
  27151.9511719   6.2209630e-20
  27233.6113281   6.1038052e-20
  27315.2714844   6.1733607e-20
  27396.9316406   6.0178307e-20
  27478.5917969   6.0996783e-20
  27560.2519531   6.0081385e-20
  27641.9121094   6.0408147e-20
  27723.5703125   5.9627935e-20
  27805.2304688   5.9694749e-20
  27886.8906250   5.9788944e-20
  27968.5507812   5.8664761e-20
  28050.2109375   5.9223663e-20
  28131.8710938   5.9454304e-20
  28213.5312500   5.9109073e-20
  28295.1914062   5.8585461e-20
  28376.8515625   5.8019838e-20
  28458.5117188   5.8208454e-20
  28540.1718750   5.8026461e-20
  28621.8320312   5.6923920e-20
  28703.4921875   5.7318027e-20
  28785.1503906   5.7011239e-20
  28866.8105469   5.5961651e-20
  28948.4707031   5.4883634e-20
  29030.1308594   5.4010852e-20
  29111.7910156   5.3151017e-20
  29193.4511719   5.2841458e-20
  29275.1113281   5.3013472e-20
  29356.7714844   5.2469139e-20
  29438.4316406   5.3123478e-20
  29520.0917969   5.3764481e-20
  29601.7519531   5.3619463e-20
  29683.4121094   5.3418733e-20
  29765.0722656   5.2624222e-20
  29846.7304688   5.3486578e-20
  29928.3906250   5.3327080e-20
  30010.0507812   5.3208470e-20
  30091.7109375   5.4334418e-20
  30173.3710938   5.2791126e-20
  30255.0312500   5.2990428e-20
  30336.6914062   5.3521823e-20
  30418.3515625   5.3222491e-20
  30500.0117188   5.3532635e-20
  30581.6718750   5.3080564e-20
  30663.3320312   5.3598509e-20
  30744.9921875   5.3825437e-20
  30826.6523438   5.3913684e-20
  30908.3105469   5.3335743e-20
  30989.9707031   5.2438039e-20
  31071.6308594   5.2206186e-20
  31153.2910156   5.1821269e-20
  31234.9511719   5.0866334e-20
  31316.6113281   4.9632320e-20
  31398.2714844   5.0567196e-20
  31479.9316406   4.9526929e-20
  31561.5917969   4.9682697e-20
  31643.2519531   4.9323319e-20
  31724.9121094   4.9353657e-20
  31806.5722656   4.9773984e-20
  31888.2304688   4.9553689e-20
  31969.8906250   4.9291053e-20
  32051.5507812   4.8707448e-20
  32133.2109375   4.8388479e-20
  32214.8710938   4.7343731e-20
  32296.5312500   4.6479466e-20
  32378.1914062   4.6969083e-20
  32459.8515625   4.6215870e-20
  32541.5117188   4.6999000e-20
  32623.1718750   4.7139569e-20
  32704.8320312   4.7657691e-20
  32786.4921875   4.7364943e-20
  32868.1523438   4.6959799e-20
  32949.8125000   4.6792428e-20
  33031.4726562   4.5953159e-20
  33113.1328125   4.5813111e-20
  33194.7929688   4.6499270e-20
  33276.4531250   4.6765719e-20
  33358.1132812   4.6723630e-20
  33439.7734375   4.5560294e-20
  33521.4296875   4.5629981e-20
  33603.0898438   4.5643409e-20
  33684.7500000   4.5699170e-20
  33766.4101562   4.5810897e-20
  33848.0703125   4.5670076e-20
  33929.7304688   4.4264855e-20
  34011.3906250   4.4221719e-20
  34093.0507812   4.4122005e-20
  34174.7109375   4.4120651e-20
  34256.3710938   4.3430465e-20
  34338.0312500   4.4061588e-20
  34419.6914062   4.3103445e-20
  34501.3515625   4.2651313e-20
  34583.0117188   4.2353773e-20
  34664.6718750   4.2956982e-20
  34746.3320312   4.1109946e-20
  34827.9921875   4.3107606e-20
  34909.6523438   3.9399566e-20
  34991.3125000   4.3695254e-20
  35072.9726562   4.2241015e-20
  35154.6328125   4.2210229e-20
  35236.2929688   4.4154378e-20
  35317.9531250   4.3573758e-20
  35399.6132812   3.8998273e-20
  35481.2734375   4.2750145e-20
  35562.9296875   4.4230265e-20
  35644.5898438   4.3225147e-20
  35726.2500000   4.0382357e-20
  35807.9101562   4.2979439e-20
  35889.5703125   4.4305506e-20
  35971.2304688   4.2662554e-20
  36052.8906250   4.3281944e-20
  36134.5507812   4.2175581e-20
  36216.2109375   4.0162685e-20
  36297.8710938   4.1999055e-20
  36379.5312500   4.2817037e-20
  36461.1914062   4.2346332e-20
  36542.8515625   4.2654686e-20
  36624.5117188   4.2410358e-20
  36706.1718750   4.1797566e-20
  36787.8320312   3.9100146e-20
  36869.4921875   4.0698207e-20
  36951.1523438   4.2311196e-20
  37032.8125000   4.2364191e-20
  37114.4726562   4.1210998e-20
  37196.1328125   4.1505070e-20
  37277.7929688   4.2026365e-20
  37359.4531250   4.1795178e-20
  37441.1132812   4.1450421e-20
  37522.7734375   4.1304133e-20
  37604.4335938   3.9026032e-20
  37686.0898438   3.7187291e-20
  37767.7500000   3.8518599e-20
  37849.4101562   3.9608626e-20
  37931.0703125   3.9973691e-20
  38012.7304688   3.9684368e-20
  38094.3906250   3.9807608e-20
  38176.0507812   3.9475253e-20
  38257.7109375   3.9270865e-20
  38339.3710938   3.9607582e-20
  38421.0312500   3.8633807e-20
  38502.6914062   3.9440770e-20
  38584.3515625   3.8095987e-20
  38666.0117188   3.9102550e-20
  38747.6718750   3.8926063e-20
  38829.3320312   3.8378783e-20
  38910.9921875   3.8045158e-20
  38992.6523438   3.5856299e-20
  39074.3125000   3.7748239e-20
  39155.9726562   3.8441872e-20
  39237.6328125   3.8236450e-20
  39319.2929688   3.8287703e-20
  39400.9531250   3.7639144e-20
  39482.6132812   3.7733155e-20
  39564.2734375   3.7955871e-20
  39645.9335938   3.7735472e-20
  39727.5898438   3.7414836e-20
  39809.2500000   3.6808209e-20
  39890.9101562   3.7302446e-20
  39972.5703125   3.6652383e-20
  40054.2304688   3.7590409e-20
  40135.8906250   3.7498236e-20
  40217.5507812   3.7205586e-20
  40299.2109375   3.6626475e-20
  40380.8710938   3.6476700e-20
  40462.5312500   3.6412840e-20
  40544.1914062   3.6764265e-20
  40625.8515625   3.6686039e-20
  40707.5117188   3.6622129e-20
  40789.1718750   3.6572304e-20
  40932.0781250   3.5483615e-20
  41136.2265625   3.4600131e-20
  41340.3750000   3.5252021e-20
  41544.5273438   3.4511051e-20
  41748.6757812   3.4559890e-20
  41952.8281250   3.4593598e-20
  42156.9765625   3.4454712e-20
  42361.1250000   3.3926758e-20
  42565.2773438   3.3469605e-20
  42769.4257812   3.3200080e-20
  42973.5781250   3.2857317e-20
  43177.7265625   3.2716202e-20
  43381.8750000   3.2516661e-20
  43586.0273438   3.1854441e-20
  43790.1757812   3.1900505e-20
  43994.3281250   3.1872917e-20
  44198.4765625   3.1035687e-20
  44402.6289062   3.0255507e-20
  44606.7773438   2.9300117e-20
  44810.9257812   2.9082814e-20
  45015.0781250   2.9155196e-20
  45219.2265625   2.8531472e-20
  45423.3789062   2.8907717e-20
  45627.5273438   2.8935915e-20
  45831.6757812   2.8920671e-20
  46035.8281250   2.8425661e-20
  46239.9765625   2.8061110e-20
  46444.1289062   2.7536274e-20
  46648.2773438   2.7126125e-20
  46852.4257812   2.7444638e-20
  47056.5781250   2.7835264e-20
  47260.7265625   2.7542323e-20
  47464.8789062   2.7233558e-20
  47669.0273438   2.6851494e-20
  47873.1757812   2.6541964e-20
  48077.3281250   2.6480488e-20
  48281.4765625   2.6112084e-20
  48485.6289062   2.5802009e-20
  48689.7773438   2.5564574e-20
  48893.9257812   2.4785488e-20
  49098.0781250   2.5570862e-20
  49302.2265625   2.4703873e-20
  49506.3789062   2.5020852e-20
  49710.5273438   2.4942623e-20
  49914.6757812   2.4982751e-20
  50118.8281250   2.4684570e-20
  50322.9765625   2.4195560e-20
  50527.1289062   2.4351630e-20
  50731.2773438   2.3876764e-20
  50935.4257812   2.3489638e-20
  51139.5781250   2.3484070e-20
  51343.7265625   2.3258156e-20
  51547.8789062   2.3678145e-20
  51752.0273438   2.2819339e-20
  51956.1757812   2.3239570e-20
  52160.3281250   2.2836083e-20
  52364.4765625   2.1917150e-20
  52568.6289062   2.2249126e-20
  52772.7773438   2.2698696e-20
  52976.9257812   2.2382808e-20
  53181.0781250   2.2582160e-20
  53385.2265625   2.2339694e-20
  53589.3789062   2.2081884e-20
  53793.5273438   2.1823884e-20
  53997.6757812   2.1787110e-20
  54201.8281250   2.1366007e-20
  54405.9765625   2.1373328e-20
  54610.1289062   2.0981313e-20
  54814.2773438   2.1476266e-20
  55018.4257812   2.1394552e-20
  55222.5781250   2.1371825e-20
  55426.7265625   2.0683420e-20
  55630.8789062   2.0423723e-20
  55835.0273438   2.0755944e-20
  56039.1757812   2.0348070e-20
  56243.3281250   2.0561964e-20
  56447.4765625   2.0508932e-20
  56651.6289062   2.0277948e-20
  56855.7773438   2.0076880e-20
  57059.9257812   1.9534145e-20
  57264.0781250   1.9643921e-20
  57468.2265625   1.9160036e-20
  57672.3789062   1.8586902e-20
  57876.5273438   1.8681588e-20
  58080.6757812   1.8761098e-20
  58284.8281250   1.8826136e-20
  58488.9765625   1.8668384e-20
  58693.1289062   1.8866859e-20
  58897.2773438   1.8247517e-20
  59101.4257812   1.8253047e-20
  59305.5781250   1.7796857e-20
  59489.3125000   1.8218210e-20
  59693.4609375   1.8014528e-20
  59918.0273438   1.7722450e-20
  60122.1757812   1.7488711e-20
  60326.3281250   1.7493552e-20
  60530.4765625   1.7781701e-20
  60734.6289062   1.7786309e-20
  60938.7773438   1.8074598e-20
  61142.9296875   1.7751115e-20
  61347.0781250   1.7248735e-20
  61551.2265625   1.7462156e-20
  61755.3789062   1.7078530e-20
  61959.5273438   1.7560752e-20
  62163.6796875   1.7266625e-20
  62367.8281250   1.7674412e-20
  62571.9765625   1.7290451e-20
  62776.1289062   1.6981002e-20
  62980.2773438   1.7299035e-20
  63184.4296875   1.7153551e-20
  63388.5781250   1.6828952e-20
  63592.7265625   1.6354467e-20
  63796.8789062   1.6747112e-20
  64001.0273438   1.6766392e-20
  64205.1796875   1.6920479e-20
  64409.3281250   1.5666054e-20
  64613.4765625   1.5939777e-20
  64817.6289062   1.5943207e-20
  65021.7773438   1.6202121e-20
  65225.9296875   1.6205607e-20
  65532.1523438   1.6211515e-20
  65940.4531250   1.6173470e-20
  66348.7500000   1.5550687e-20
  66757.0546875   1.6128074e-20
  67165.3515625   1.5865256e-20
  67573.6562500   1.5481317e-20
  67981.9531250   1.5112044e-20
  68390.2500000   1.5915853e-20
  68798.5546875   1.4923414e-20
  69206.8515625   1.5161038e-20
  69615.1562500   1.4852797e-20
  70023.4531250   1.4936922e-20
  70431.7500000   1.4358476e-20
  70840.0546875   1.4170972e-20
  71248.3515625   1.4084479e-20
  71656.6562500   1.4171407e-20
  72064.9531250   1.3636373e-20
  72473.2500000   1.3188558e-20
  72881.5546875   1.3565411e-20
  73289.8515625   1.2264121e-20
  73698.1562500   1.2414067e-20
  74106.4531250   1.2369929e-20
  74514.7500000   1.1667569e-20
  74923.0546875   1.1366328e-20
  75331.3515625   1.1807835e-20
  75739.6562500   1.1734684e-20
  76147.9531250   1.1184152e-20
  76556.2500000   1.0763555e-20
  76964.5546875   1.0846122e-20
  77372.8515625   1.0497497e-20
  77781.1562500   1.1161139e-20
  78189.4531250   1.0504737e-20
  78597.7500000   1.0614183e-20
  79006.0546875   1.0575330e-20
  79414.3515625   9.6973768e-21
  79822.6562500   9.9464761e-21
  80230.9531250   9.8460778e-21
  80639.2500000   9.6137960e-21
  81047.5546875   9.1466441e-21
  81455.8515625   9.4750510e-21
  81864.1562500   9.3211001e-21
  82272.4531250   9.5442975e-21
  82680.7500000   9.0461312e-21
  83089.0546875   8.7974915e-21
  83497.3515625   8.5365063e-21
  83905.6562500   8.3908733e-21
  84313.9531250   8.1692802e-21
  84722.2500000   8.0066705e-21
  85130.5546875   8.4892860e-21
  85538.8515625   7.9470788e-21
  85947.1562500   8.0040686e-21
  86355.4531250   7.7496532e-21
  86763.7500000   7.8096836e-21
  87172.0546875   7.6730461e-21
  87580.3515625   7.3816362e-21
  87988.6562500   7.4049491e-21
  88396.9531250   7.1909896e-21
  88805.2578125   6.9482137e-21
  89213.5546875   6.8827033e-21
  89621.8515625   6.6580511e-21
  90030.1562500   6.3782124e-21
  90438.4531250   6.3918124e-21
  90846.7578125   6.4838136e-21
  91255.0546875   6.3951260e-21
  91663.3515625   6.4853517e-21
  92071.6562500   6.1422866e-21
  92479.9531250   6.0427252e-21
  92888.2578125   6.0642335e-21
  93296.5546875   5.9091420e-21
  93704.8515625   5.2803414e-21
  94113.1562500   5.7818123e-21
  94521.4531250   5.9134778e-21
  94929.7578125   5.0647433e-21
  95338.0546875   5.7000721e-21
  95746.3515625   5.2669772e-21
  96154.6562500   4.8180876e-21
  96562.9531250   5.0897174e-21
  96971.2578125   5.1110194e-21
  97379.5546875   4.4619697e-21
  97787.8515625   4.9842895e-21
  98196.1562500   4.7441555e-21
  98604.4531250   4.1547012e-21
  99012.7578125   4.2156133e-21
  99421.0546875   4.1320463e-21
  99829.3515625   3.9745766e-21
 100237.6562500   3.8892057e-21
 100645.9531250   3.8778805e-21
 101054.2578125   3.7248424e-21
 101462.5546875   3.3806579e-21
 101870.8515625   3.3505639e-21
 102279.1562500   3.4100040e-21
 102687.4531250   3.2381845e-21
 103095.7578125   3.3298796e-21
 103504.0546875   3.3261086e-21
 103912.3515625   3.3053721e-21
 104320.6562500   3.3324546e-21
 104728.9531250   3.3316349e-21
 105137.2578125   3.3958066e-21
 105545.5546875   3.3364376e-21
 105953.8515625   3.3371558e-21
 106362.1562500   3.4291976e-21
 106770.4531250   3.3404403e-21
 107178.7578125   3.3845951e-21
 107587.0546875   3.4688227e-21
 107995.3515625   3.3320592e-21
 108403.6562500   3.4087313e-21
 108811.9531250   3.4698284e-21
 109220.2578125   3.3499753e-21
 109628.5546875   3.1990855e-21
 110036.8515625   3.2696093e-21
 110445.1562500   3.2749700e-21
 110853.4531250   3.2122776e-21
 111261.7578125   3.3913650e-21
 111670.0546875   3.3068241e-21
 112078.3515625   3.4255399e-21
 112486.6562500   3.2666526e-21
 112894.9531250   3.1775081e-21
 113303.2578125   3.2045698e-21
 113711.5546875   3.2628386e-21
 114119.8515625   3.2729998e-21
 114528.1562500   3.1634446e-21
 114936.4531250   3.0974545e-21
 115344.7578125   3.1122497e-21
 115753.0546875   2.9529677e-21
 116161.3515625   2.6877804e-21
 116569.6562500   2.8791152e-21
 116977.9531250   2.9195301e-21
 117386.2578125   2.8044850e-21
 117794.5546875   2.7376380e-21
 118202.8515625   2.6179372e-21
 118611.1562500   2.7158789e-21
 119019.4531250   2.5821848e-21
 119427.7578125   2.4391555e-21
 119836.0546875   2.4142910e-21
 120244.3515625   2.3381157e-21
 120652.6562500   2.2697101e-21
 121060.9531250   2.2277383e-21
 121469.2578125   2.1904256e-21
 121877.5546875   2.1375676e-21
 122285.8593750   2.1158054e-21
 122694.1562500   2.0971456e-21
 123102.4531250   2.0691689e-21
 123510.7578125   2.0396293e-21
 123919.0546875   2.0038737e-21
 124327.3593750   1.9976525e-21
 124735.6562500   1.9821057e-21
 125143.9531250   1.9665587e-21
 125552.2578125   1.9525738e-21
 125960.5546875   1.9245890e-21
 126368.8593750   1.9012676e-21
 126777.1562500   1.8950484e-21
 127185.4531250   1.8686264e-21
 127593.7578125   1.8499680e-21
 128002.0546875   1.8266521e-21
 128410.3593750   1.8095487e-21
 128818.6562500   1.7893413e-21
 129226.9531250   1.7660213e-21
 129635.2578125   1.7520307e-21
 130043.5546875   1.7411459e-21
 130451.8593750   1.7318189e-21
 131064.3046875   1.7022818e-21
 131880.9062500   1.6680827e-21
 132697.5000000   1.6509771e-21
 133514.1093750   1.6229966e-21
 134330.7031250   1.5934599e-21
 135147.3125000   1.5685883e-21
 135963.9062500   1.5685883e-21
 136780.5000000   1.5950140e-21
 137597.1093750   1.5384260e-21
 138413.7031250   1.5462020e-21
 139230.3125000   1.5592608e-21
 140046.9062500   1.5856897e-21
 140863.5000000   1.5522642e-21
 141680.1093750   1.5236599e-21
 142496.7031250   1.4549481e-21
 143313.3125000   1.4658259e-21
 144129.9062500   1.4258747e-21
 144946.5000000   1.3497011e-21
 145763.1093750   1.3653992e-21
 146579.7031250   1.3159629e-21
 147396.3125000   1.3097473e-21
 148212.9062500   1.2404093e-21
 149029.5000000   1.2063634e-21
 149846.1093750   1.1811828e-21
 150662.7031250   1.1322137e-21
 151479.3125000   1.0888362e-21
 152295.9062500   1.0599229e-21
 153112.5000000   1.0134407e-21
 153929.1093750   9.9245275e-22
 154745.7031250   9.7239897e-22
 155562.3125000   9.5141230e-22
 156378.9062500   9.3151260e-22
 157195.5000000   9.1767813e-22
 158012.1093750   8.9964474e-22
 158828.7031250   8.8472025e-22
 159645.3125000   8.6995157e-22
 160461.9062500   8.6217706e-22
 161278.5000000   8.5036146e-22
 162095.1093750   8.4165607e-22
 162911.7031250   8.2813356e-22
 163728.3125000   8.1709662e-22
 164544.9062500   8.0963438e-22
 165361.5000000   8.0356977e-22
 166178.1093750   7.9937404e-22
 166994.7031250   7.9781676e-22
 167811.3125000   7.9906162e-22
 168627.9062500   7.8507094e-22
 169444.5000000   7.5677585e-22
 170261.1093750   7.5988661e-22
 171077.7031250   7.6346251e-22
 171894.3125000   7.4387508e-22
 172710.9062500   7.4791425e-22
 173527.5000000   7.3967587e-22
 174344.1093750   7.3423523e-22
 175160.7031250   6.9848062e-22
 175977.3125000   6.6210184e-22
 176793.9062500   6.5836998e-22
 177610.5156250   6.1608472e-22
 178427.1093750   5.9696323e-22
 179243.7031250   5.8235045e-22
 180060.3125000   5.6866951e-22
 180876.9062500   5.6494053e-22
 181693.5156250   5.4923899e-22
 182510.1093750   5.3555684e-22
 183326.7031250   5.4084435e-22
 184143.3125000   5.2825216e-22
 184959.9062500   5.0244437e-22
 185776.5156250   4.8239099e-22
 186593.1093750   4.6591261e-22
 187409.7031250   4.5347496e-22
 188226.3125000   4.5720651e-22
 189042.9062500   4.5005441e-22
 189859.5156250   4.4539228e-22
 190676.1093750   4.3824018e-22
 191492.7031250   4.2362704e-22
 192309.3125000   4.1771874e-22
 193125.9062500   4.2860118e-22
 193942.5156250   4.1803075e-22
 194759.1093750   4.1056901e-22
 195575.7031250   4.0341761e-22
 196392.3125000   3.9331277e-22
 197208.9062500   3.9362377e-22
 198025.5156250   3.8522830e-22
 198842.1093750   3.7901068e-22
 199658.7031250   3.7574566e-22
 200475.3125000   3.6766202e-22
 201291.9062500   3.6439714e-22
 202108.5156250   3.5196020e-22
 202925.1093750   3.4667516e-22
 203741.7031250   3.4465305e-22
 204558.3125000   3.4216606e-22
 205374.9062500   3.3610278e-22
 206191.5156250   3.2646447e-22
 207008.1093750   3.2304430e-22
 207824.7031250   3.2195653e-22
 208641.3125000   3.1869135e-22
 209457.9062500   3.1558263e-22
 210274.5156250   3.1138493e-22
 211091.1093750   3.1123044e-22
 211907.7031250   3.0594369e-22
 212724.3125000   3.0065824e-22
 213540.9062500   2.9599535e-22
 214357.5156250   2.9366335e-22
 215174.1093750   2.9335140e-22
 215990.7031250   2.8806583e-22
 216807.3125000   2.8324721e-22
 217623.9062500   2.7967113e-22
 218440.5156250   2.7485287e-22
 219257.1093750   2.7205465e-22
 220073.7031250   2.6863407e-22
 220890.3125000   2.6661247e-22
 221706.9062500   2.6428087e-22
 222523.5156250   2.6272668e-22
 223340.1093750   2.5883955e-22
 224156.7031250   2.5697403e-22
 224973.3125000   2.5324318e-22
 225789.9062500   2.5448744e-22
 226606.5156250   2.4702464e-22
 227423.1093750   2.4889006e-22
 228239.7031250   2.4282747e-22
 229056.3125000   2.4189505e-22
 229872.9062500   2.3645410e-22
 230689.5156250   2.3583185e-22
 231506.1093750   2.3194505e-22
 232322.7031250   2.2790396e-22
 233139.3125000   2.2557181e-22
 233955.9062500   2.2324001e-22
 234772.5156250   2.1950866e-22
 235589.1093750   2.1608912e-22
 236405.7031250   2.1686587e-22
 237222.3125000   2.1437819e-22
 238038.9062500   2.1329067e-22
 238855.5156250   2.1095886e-22
 239672.1093750   2.0893774e-22
 240488.7031250   2.0582835e-22
 241305.3125000   2.0256408e-22
 242121.9062500   1.9929906e-22
 242938.5156250   1.9665587e-22
 243755.1093750   1.9556806e-22
 244571.7187500   1.9261450e-22
 245388.3125000   1.8950485e-22
 246204.9062500   1.8810599e-22
 247021.5156250   1.8686267e-22
 247838.1093750   1.8592944e-22
 248654.7187500   1.8359737e-22
 249471.3125000   1.8064361e-22
 250287.9062500   1.7831204e-22
 251104.5156250   1.7613583e-22
 251921.1093750   1.7349250e-22
 252737.7187500   1.7022817e-22
 253554.3125000   1.6805169e-22
 254370.9062500   1.6618599e-22
 255187.5156250   1.6494261e-22
 256004.1093750   1.6214435e-22
 256820.7187500   1.5919069e-22
 257637.3125000   1.5701392e-22
 258453.9062500   1.5577071e-22
 259270.5156250   1.5489954e-22
 260087.1093750   1.5412257e-22
 260903.7187500   1.5168163e-22
 262128.6093750   1.4729762e-22
 263761.8125000   1.4333336e-22
 265395.0000000   1.4072175e-22
 267028.2187500   1.3761271e-22
 268661.4062500   1.3307308e-22
 270294.6250000   1.2940467e-22
 271927.8125000   1.2772545e-22
 273561.0000000   1.2548693e-22
 275194.2187500   1.2265736e-22
 276827.4062500   1.1919072e-22
 278460.6250000   1.1724741e-22
 280093.8125000   1.1489998e-22
 281727.0000000   1.1088926e-22
 283360.2187500   1.0833982e-22
 284993.4062500   1.0600766e-22
 286626.6250000   1.0409579e-22
 288259.8125000   1.0171730e-22
 289893.0000000   9.9851666e-23
 291526.2187500   9.7799662e-23
 293159.4062500   9.6276125e-23
 294792.6250000   9.4939208e-23
 296425.8125000   9.3508681e-23
 298059.0000000   9.1487727e-23
 299692.2187500   8.9451513e-23
 301325.4062500   8.7383826e-23
 302958.6250000   8.5673797e-23
 304591.8125000   8.4725252e-23
 306225.0000000   8.3093149e-23
 307858.2187500   8.1802661e-23
 309491.4062500   7.9175369e-23
 311124.6250000   7.7714317e-23
 312757.8125000   7.5522205e-23
 314391.0000000   7.4775986e-23
 316024.2187500   7.3703306e-23
 317657.4062500   7.2506408e-23
 319290.6250000   7.0827296e-23
 320923.8125000   6.9117222e-23
 322557.0000000   6.8013612e-23
 324190.2187500   6.7314082e-23
 325823.4062500   6.6085838e-23
 327456.6250000   6.5059776e-23
 329089.8125000   6.3629634e-23
 330723.0000000   6.2525715e-23
 332356.2187500   6.1251004e-23
 333989.4062500   6.0162717e-23
 335622.6250000   5.8608105e-23
 337255.8125000   5.7613314e-23
 338889.0000000   5.6680445e-23
 340522.2187500   5.5763416e-23
 342155.4062500   5.5125928e-23
 343788.6250000   5.4131011e-23
 345421.8125000   5.3167123e-23
 347055.0000000   5.2218796e-23
 348688.2187500   5.1565865e-23
 350321.4062500   5.0835295e-23
 351954.6250000   5.0026889e-23
 353587.8125000   4.9202810e-23
 355221.0312500   4.8394433e-23
 356854.2187500   4.7834884e-23
 358487.4062500   4.7384085e-23
 360120.6250000   4.7088673e-23
 361753.8125000   4.6435805e-23
 363387.0312500   4.5891649e-23
 365020.2187500   4.5036681e-23
 366653.4062500   4.4228130e-23
 368286.6250000   4.3684126e-23
 369919.8125000   4.2658057e-23
 371553.0312500   4.1834111e-23
 373186.2187500   4.0994738e-23
 374819.4062500   4.0341760e-23
 376452.6250000   3.9999681e-23
 378085.8125000   3.9953154e-23
 379719.0312500   3.9548832e-23
 381352.2187500   3.8616161e-23
 382985.4062500   3.7885424e-23
 384618.6250000   3.7154803e-23
 386251.8125000   3.6657369e-23
 387885.0312500   3.6564113e-23
 389518.2187500   3.6128813e-23
 391151.4062500   3.5475823e-23
 392784.6250000   3.5071651e-23
 394417.8125000   3.4325427e-23
 396051.0312500   3.3610280e-23
 397684.2187500   3.3485924e-23
 399317.4062500   3.3221668e-23
 400950.6250000   3.2755310e-23
 402583.8125000   3.2506522e-23
 404217.0312500   3.2180104e-23
 405850.2187500   3.1496092e-23
 407483.4062500   3.0749820e-23
 409116.6250000   3.0112474e-23
 816600.0625000   1.4003803e-24
1633200.1250000   8.9637920e-26
2449800.0000000   1.7769055e-26
3266400.2500000   5.6229693e-27
4083000.2500000   2.2992470e-27
4899600.0000000   1.1070289e-27
5716200.5000000   5.9634220e-28
6532800.5000000   3.4885159e-28
