    340.3399963   2.8083117e-23
    351.5599976   3.1960731e-23
    359.0400085   3.4082597e-23
    366.5199890   1.8427147e-22
    374.0000000   5.0726568e-22
    381.4800110   5.5025666e-22
    388.9599915   5.2260891e-22
    396.4400024   5.3124993e-22
    403.9200134   5.4203206e-22
    411.3999939   6.1882218e-22
    426.3600159   6.4190856e-22
    441.3200073   6.2338576e-22
    452.5400085   7.8933892e-22
    467.5000000   8.1906012e-22
    474.9800110   8.3703160e-22
    478.7200012   8.5016537e-22
    489.9400024   8.1975103e-22
    493.6799927   8.4809196e-22
    501.1600037   8.1007720e-22
    512.3800049   9.0062308e-22
    523.5999756   9.0269416e-22
    534.8200073   1.1404655e-21
    549.7800293   1.4190121e-21
    564.7399902   1.2704098e-21
    579.7000122   1.4335319e-21
    594.6599731   1.4390576e-21
    605.8800049   1.4411321e-21
    620.8400269   1.4501158e-21
    635.7999878   1.4487345e-21
    647.0200195   1.1916114e-21
    661.9799805   1.4597965e-21
    673.2000122   1.4618689e-21
    680.6799927   1.4618689e-21
    695.6400146   1.4646322e-21
    714.3400269   1.4660158e-21
    725.5599976   1.4749991e-21
    740.5200195   1.4708525e-21
    755.4799805   1.4763860e-21
    766.7000122   1.4743126e-21
    785.4000244   1.4293826e-21
    807.8400269   1.4729276e-21
    822.7999878   1.4784559e-21
    834.0200195   1.4604891e-21
    848.9799805   1.4819144e-21
    860.2000122   1.8558474e-21
    875.1599731   2.7751344e-21
    897.5999756   3.0239631e-21
    920.0399780   2.7676975e-21
    942.4799805   2.7232779e-21
    961.1799927   2.4149219e-21
    972.4000244   2.4806341e-21
    987.3599854   3.0181121e-21
   1006.0599976   2.9865194e-21
   1024.7600098   2.9251708e-21
   1043.4599609   2.4354677e-21
   1062.1600342   2.7848283e-21
   1084.5999756   2.7691810e-21
   1107.0400391   2.4475198e-21
   1125.7399902   2.1641820e-21
   1151.9200439   2.2219390e-21
   1189.3199463   2.0481164e-21
   1226.7199707   1.9765115e-21
   1264.1199951   1.7542211e-21
   1301.5200195   1.5602643e-21
   1335.1800537   1.9795609e-21
   1368.8399658   2.8511492e-21
   1402.5000000   2.6616846e-21
   1439.9000244   1.9967532e-21
   1477.3000488   2.8078923e-21
   1514.6999512   3.2955370e-21
   1548.3599854   3.1248430e-21
   1578.2800293   2.7217714e-21
   1608.1999512   2.4988179e-21
   1649.3399658   2.7686579e-21
   1686.7399902   2.7001974e-21
   1720.4000244   2.2829413e-21
   1757.8000488   2.2313855e-21
   1795.1999512   2.4155582e-21
   1832.5999756   1.9686539e-21
   1870.0000000   2.3510432e-21
   1892.4400635   1.9868598e-21
   1914.8800049   3.0731389e-21
   1944.8000488   2.8539177e-21
   1982.1999512   2.5617341e-21
   2019.5999756   2.0555145e-21
   2057.0000000   1.9504610e-21
   2094.3999023   2.5164278e-21
   2131.8000488   2.7714075e-21
   2169.1999512   2.6701731e-21
   2206.6000977   2.6887070e-21
   2244.0000000   2.2344158e-21
   2281.3999023   2.1589986e-21
   2318.8000488   2.7365621e-21
   2356.1999512   2.5775675e-21
   2393.6000977   2.8573292e-21
   2431.0000000   2.7701053e-21
   2460.9199219   2.5626790e-21
   2487.1000977   2.9266872e-21
   2524.5000000   3.1352904e-21
   2561.8999023   2.7403627e-21
   2599.3000488   3.2688696e-21
   2636.6999512   2.7155744e-21
   2677.8400879   3.6185581e-21
   2715.2399902   3.8055934e-21
   2748.8999023   3.9727179e-21
   2786.3000488   4.0268210e-21
   2823.6999512   4.2149000e-21
   2861.1000977   4.0057602e-21
   2898.5000000   4.7618461e-21
   2935.8999023   4.6660778e-21
   2973.3000488   5.4062465e-21
   3010.6999512   6.0817958e-21
   3048.1000977   6.8630973e-21
   3085.5000000   7.8713724e-21
   3122.8999023   7.0929857e-21
   3160.3000488   9.9885217e-21
   3197.6999512   1.1267496e-20
   3235.1000977   1.3491587e-20
   3272.5000000   1.5741955e-20
   3309.8999023   1.8437751e-20
   3347.3000488   2.1745287e-20
   3384.6999512   2.5248855e-20
   3422.1000977   2.9107791e-20
   3459.5000000   9.1159439e-20
   3496.8999023   1.6163705e-19
   3534.3000488   2.3208307e-19
   3571.6999512   2.9579454e-19
   3609.1000977   3.2154744e-19
   3646.5000000   1.4487155e-19
   3683.8999023   2.9103701e-19
   3721.3000488   2.8565385e-19
   3758.6999512   3.6185582e-19
   3796.1000977   3.7522699e-19
   3833.5000000   2.6542486e-19
   3870.8999023   3.9702061e-19
   3908.3000488   5.4990393e-19
   3945.6999512   5.3468841e-19
   3983.1000977   4.5460652e-19
   4020.5000000   5.0386627e-19
   4057.8999023   4.4320001e-19
   4095.3000488   5.2284081e-19
   4132.7001953   5.0275443e-19
   4170.1000977   4.9305884e-19
   4207.5000000   4.3705902e-19
   4244.8999023   5.2218449e-19
   4282.2998047   4.9608451e-19
   4319.7001953   5.0202413e-19
   4357.1000977   4.9798801e-19
   4394.5000000   3.4260286e-19
   4431.8999023   4.7656124e-19
   4469.2998047   4.0243283e-19
   4506.7001953   3.4266006e-19
   4544.1000977   2.7776340e-19
   4581.5000000   5.5517943e-19
   4618.8999023   6.8330221e-19
   4656.2998047   7.1375161e-19
   4693.7001953   6.9775859e-19
   4731.1000977   6.6671068e-19
   4768.5000000   7.8250469e-19
   4805.8999023   8.0672211e-19
   4843.2998047   6.9409392e-19
   4880.7001953   6.9804355e-19
   4918.1000977   8.0818312e-19
   4955.5000000   7.7974997e-19
   4992.8999023   7.3075917e-19
   5030.2998047   8.0719350e-19
   5067.7001953   7.9079278e-19
   5105.1000977   7.3556328e-19
   5142.5000000   7.4501774e-19
   5179.8999023   7.4377873e-19
   5217.2998047   5.8431408e-19
   5254.7001953   5.7828910e-19
   5292.1000977   7.0641674e-19
   5329.5000000   6.9773713e-19
   5366.8999023   7.2074459e-19
   5393.0800781   7.3944038e-19
   5411.7797852   7.4437673e-19
   5441.7001953   7.2324325e-19
   5479.1000977   6.8571923e-19
   5516.5000000   6.9477707e-19
   5553.8999023   7.0716792e-19
   5591.2998047   7.0852957e-19
   5628.7001953   6.7486802e-19
   5654.8798828   6.1971699e-19
   5673.5800781   6.4657705e-19
   5703.5000000   6.3540970e-19
   5740.8999023   5.5125317e-19
   5778.2998047   5.2415359e-19
   5815.7001953   5.1456254e-19
   5853.1000977   5.5934734e-19
   5890.5000000   5.9249805e-19
   5927.8999023   6.0864187e-19
   5965.2998047   6.1365567e-19
   6002.7001953   6.0020065e-19
   6040.1000977   5.9473754e-19
   6077.5000000   5.8067376e-19
   6114.8999023   6.1031216e-19
   6152.2998047   6.1409511e-19
   6189.7001953   5.9483416e-19
   6227.1000977   6.2250211e-19
   6253.2797852   5.7121386e-19
   6271.9799805   6.4017152e-19
   6301.8999023   6.4312760e-19
   6339.2998047   6.1286111e-19
   6376.7001953   5.9521053e-19
   6414.1000977   5.6348469e-19
   6451.5000000   5.5496979e-19
   6488.8999023   5.8388312e-19
   6526.2998047   5.7320923e-19
   6563.7001953   5.9081168e-19
   6601.1000977   5.6355153e-19
   6638.5000000   5.5826993e-19
   6675.8999023   5.7109594e-19
   6713.2998047   5.8963228e-19
   6750.7001953   5.9037592e-19
   6788.1000977   5.4813894e-19
   6825.5000000   5.5857165e-19
   6862.8999023   5.4467134e-19
   6900.2998047   5.0749743e-19
   6937.7001953   5.0764901e-19
   6975.1000977   5.1517987e-19
   7012.5000000   5.4057240e-19
   7049.8999023   4.9806235e-19
   7087.2998047   4.7640428e-19
   7124.7001953   5.0413634e-19
   7162.1000977   4.8149036e-19
   7199.5000000   4.6484872e-19
   7236.8999023   4.8785479e-19
   7274.2998047   4.9729519e-19
   7311.7001953   4.5895573e-19
   7356.5800781   4.9486592e-19
   7390.2402344   5.0808835e-19
   7420.1601562   4.8164054e-19
   7461.2998047   4.6951237e-19
   7498.7001953   4.8397722e-19
   7536.1000977   4.7219031e-19
   7573.5000000   4.8855805e-19
   7610.8999023   4.5829709e-19
   7648.2998047   4.6775885e-19
   7685.7001953   4.2414919e-19
   7723.1000977   4.3902901e-19
   7756.7602539   4.7733207e-19
   7771.7202148   4.4767790e-19
   7797.8999023   4.6253329e-19
   7835.2998047   4.3977393e-19
   7872.7001953   4.4649783e-19
   7910.1000977   4.5013639e-19
   7947.5000000   4.5221897e-19
   7984.8999023   4.3435709e-19
   8022.2998047   4.3045081e-19
   8059.7001953   4.4414310e-19
   8097.1000977   4.3350905e-19
   8134.5000000   4.3133075e-19
   8171.8999023   4.2024055e-19
   8209.2998047   4.3327493e-19
   8246.7001953   4.2602169e-19
   8284.0996094   4.1263969e-19
   8321.5000000   4.0299523e-19
   8358.9003906   4.1370668e-19
   8396.2998047   4.0441010e-19
   8433.7001953   3.9349675e-19
   8471.0996094   4.0093157e-19
   8508.5000000   4.0478505e-19
   8545.9003906   4.0696686e-19
   8583.2998047   3.8540508e-19
   8620.7001953   3.8888552e-19
   8658.0996094   3.7750639e-19
   8695.5000000   3.2400693e-19
   8732.9003906   3.6246341e-19
   8770.2998047   3.5904594e-19
   8807.7001953   3.6623657e-19
   8845.0996094   3.5283226e-19
   8882.5000000   3.5231664e-19
   8919.9003906   3.3806060e-19
   8957.2998047   3.4866087e-19
   8994.7001953   3.3850629e-19
   9032.0996094   3.4025614e-19
   9069.5000000   3.4573017e-19
   9106.9003906   3.3398314e-19
   9144.2998047   3.4256674e-19
   9181.7001953   3.3734276e-19
   9219.0996094   3.3436765e-19
   9256.5000000   3.2643649e-19
   9293.9003906   3.2943939e-19
   9331.2998047   2.9062445e-19
   9368.7001953   3.2744591e-19
   9398.6201172   3.0810852e-19
   9417.3203125   3.1969298e-19
   9443.5000000   3.1169892e-19
   9480.9003906   3.1159216e-19
   9518.2998047   3.0459696e-19
   9555.7001953   3.1215098e-19
   9593.0996094   3.0859469e-19
   9630.5000000   3.1573303e-19
   9667.9003906   3.1270534e-19
   9705.2998047   3.0959383e-19
   9742.7001953   3.0343133e-19
   9780.0996094   3.0003102e-19
   9817.5000000   3.0305974e-19
   9854.9003906   3.0318093e-19
   9892.2998047   3.1049522e-19
   9929.7001953   3.0892014e-19
   9967.0996094   2.9521314e-19
  10004.5000000   2.9964127e-19
  10041.9003906   2.9791572e-19
  10079.2998047   2.8996405e-19
  10116.7001953   2.9042032e-19
  10154.0996094   2.8479203e-19
  10191.5000000   2.8466322e-19
  10228.9003906   2.8830819e-19
  10266.2998047   2.7258266e-19
  10303.7001953   2.7199909e-19
  10341.0996094   2.7375118e-19
  10378.5000000   2.7899088e-19
  10415.9003906   2.7442045e-19
  10453.2998047   2.4845701e-19
  10490.7001953   2.5717893e-19
  10528.0996094   2.7232422e-19
  10565.5000000   2.7131904e-19
  10602.9003906   2.6119595e-19
  10640.2998047   2.5900271e-19
  10677.7001953   2.5670723e-19
  10715.0996094   2.6123953e-19
  10752.5000000   2.5720263e-19
  10789.9003906   2.5674334e-19
  10827.2998047   2.5322260e-19
  10883.4003906   2.5709650e-19
  10958.2001953   2.5210849e-19
  11033.0000000   2.4763019e-19
  11107.7998047   2.4646275e-19
  11182.5996094   2.4374151e-19
  11257.4003906   2.4163223e-19
  11332.2001953   2.3992443e-19
  11407.0000000   2.3705980e-19
  11481.7998047   2.3428182e-19
  11556.5996094   2.3142456e-19
  11631.4003906   2.2846866e-19
  11706.2001953   2.2474068e-19
  11781.0000000   2.2306215e-19
  11855.7998047   2.1917968e-19
  11930.5996094   2.1306549e-19
  12005.4003906   2.1252439e-19
  12080.2001953   2.0853298e-19
  12155.0000000   2.0738767e-19
  12229.7998047   2.0500512e-19
  12304.5996094   2.0232889e-19
  12379.4003906   1.9983589e-19
  12454.2001953   1.9609655e-19
  12529.0000000   1.9228275e-19
  12603.7998047   1.8886300e-19
  12678.5996094   1.8645808e-19
  12753.4003906   1.8470009e-19
  12828.2001953   1.8120577e-19
  12903.0000000   1.7877821e-19
  12977.7998047   1.7655443e-19
  13052.5996094   1.7445942e-19
  13127.4003906   1.7310623e-19
  13202.2001953   1.7044474e-19
  13277.0000000   1.6889926e-19
  13351.7998047   1.6467876e-19
  13426.5996094   1.6178477e-19
  13501.4003906   1.6064554e-19
  13576.2001953   1.5931203e-19
  13613.5996094   1.5868496e-19
  13651.0000000   1.5944293e-19
  13725.7998047   1.5626989e-19
  13800.5996094   1.4805287e-19
  13875.4003906   1.5391050e-19
  13950.2001953   1.5251227e-19
  14025.0000000   1.7304390e-19
  14099.7998047   1.7569660e-19
  14174.5996094   1.9296799e-19
  14249.4003906   2.0833434e-19
  14324.2001953   1.7665294e-19
  14399.0000000   2.1385109e-19
  14473.7998047   2.2329443e-19
  14548.5996094   1.6603752e-19
  14623.4003906   2.2309935e-19
  14698.2001953   2.1111318e-19
  14773.0000000   2.1557486e-19
  14847.7998047   1.5299596e-19
  14922.5996094   2.1370838e-19
  14997.4003906   2.2217828e-19
  15072.2001953   2.1761049e-19
  15147.0000000   2.1803716e-19
  15221.7998047   2.1031176e-19
  15296.5996094   1.9015804e-19
  15371.4003906   1.6197815e-19
  15446.2001953   2.0099862e-19
  15521.0000000   2.0434533e-19
  15595.7998047   2.0296790e-19
  15670.5996094   2.0148384e-19
  15745.4003906   2.0043270e-19
  15820.2001953   1.9755137e-19
  15895.0000000   1.9571712e-19
  15969.7998047   1.9040457e-19
  16044.5996094   1.8915020e-19
  16119.4003906   1.8111587e-19
  16194.2001953   1.6237915e-19
  16269.0000000   1.4664922e-19
  16343.7998047   1.8131802e-19
  16418.5996094   1.7878762e-19
  16493.4003906   1.7947126e-19
  16568.1992188   1.7894159e-19
  16643.0000000   1.7848792e-19
  16717.8007812   1.7545602e-19
  16792.5996094   1.7534740e-19
  16867.4003906   1.7822630e-19
  16942.1992188   1.7252638e-19
  17017.0000000   1.7053159e-19
  17091.8007812   1.7262718e-19
  17166.5996094   1.6851694e-19
  17241.4003906   1.6845922e-19
  17316.1992188   1.6454864e-19
  17391.0000000   1.6374337e-19
  17465.8007812   1.6366216e-19
  17540.5996094   1.6105104e-19
  17615.4003906   1.5672282e-19
  17690.1992188   1.5883487e-19
  17765.0000000   1.5854842e-19
  17839.8007812   1.5774899e-19
  17914.5996094   1.5550924e-19
  17989.4003906   1.5261076e-19
  18064.1992188   1.5039905e-19
  18139.0000000   1.3348954e-19
  18213.8007812   1.1653562e-19
  18288.5996094   1.4426835e-19
  18363.4003906   1.4542932e-19
  18438.1992188   1.4261909e-19
  18513.0000000   1.4457026e-19
  18587.8007812   1.4273126e-19
  18662.5996094   1.3877526e-19
  18737.4003906   1.3401057e-19
  18812.1992188   1.3613962e-19
  18887.0000000   1.3403883e-19
  18961.8007812   1.3593351e-19
  19036.5996094   1.3269227e-19
  19111.4003906   1.3213109e-19
  19186.1992188   1.2958352e-19
  19261.0000000   1.2716936e-19
  19335.8007812   1.2408641e-19
  19410.5996094   1.2417147e-19
  19485.4003906   1.2425492e-19
  19560.1992188   1.2457512e-19
  19635.0000000   1.2522734e-19
  19709.8007812   1.2016651e-19
  19784.5996094   1.2395842e-19
  19859.4003906   1.2422710e-19
  19934.1992188   1.1962257e-19
  20009.0000000   1.2184475e-19
  20083.8007812   1.2100697e-19
  20158.5996094   1.1882563e-19
  20233.4003906   1.1721419e-19
  20308.1992188   1.1679795e-19
  20383.0000000   1.1734089e-19
  20457.8007812   1.1490274e-19
  20532.5996094   1.1414376e-19
  20607.4003906   1.1309239e-19
  20682.1992188   1.1334101e-19
  20757.0000000   1.1329822e-19
  20831.8007812   1.1200004e-19
  20906.5996094   1.1002068e-19
  20981.4003906   1.1069875e-19
  21056.1992188   1.0910069e-19
  21131.0000000   1.0851673e-19
  21205.8007812   1.0700936e-19
  21280.5996094   1.0768354e-19
  21355.4003906   1.0592830e-19
  21430.1992188   1.0840051e-19
  21505.0000000   1.0566810e-19
  21579.8007812   1.0575492e-19
  21654.5996094   1.0340479e-19
  21729.4003906   1.0446423e-19
  21804.1992188   1.0498856e-19
  21879.0000000   1.0297109e-19
  21953.8007812   1.0139014e-19
  22028.5996094   9.7798591e-20
  22103.4003906   1.0022666e-19
  22178.1992188   9.9814611e-20
  22253.0000000   9.8959100e-20
  22327.8007812   9.9378952e-20
  22402.5996094   9.7734181e-20
  22477.4003906   9.6873946e-20
  22552.1992188   9.7487688e-20
  22627.0000000   9.7560073e-20
  22701.8007812   9.7139367e-20
  22776.5996094   9.4892312e-20
  22851.4003906   9.4615988e-20
  22926.1992188   9.1967317e-20
  23001.0000000   9.1638319e-20
  23075.8007812   9.0021581e-20
  23150.5996094   9.1223520e-20
  23225.4003906   9.0296781e-20
  23300.1992188   8.8327787e-20
  23375.0000000   8.6206153e-20
  23449.8007812   8.8102303e-20
  23524.5996094   8.8609093e-20
  23599.4003906   8.7078680e-20
  23674.1992188   8.7485394e-20
  23749.0000000   8.6498929e-20
  23823.8007812   8.6058249e-20
  23898.5996094   8.6713072e-20
  23973.4003906   8.5672847e-20
  24048.1992188   8.5628832e-20
  24123.0000000   8.5035214e-20
  24197.8007812   8.4739943e-20
  24272.5996094   8.3094054e-20
  24347.4003906   8.3796957e-20
  24422.1992188   8.2698681e-20
  24497.0000000   7.8442475e-20
  24571.8007812   7.0371350e-20
  24646.5996094   8.0495608e-20
  24721.4003906   8.1699072e-20
  24796.1992188   8.1096361e-20
  24871.0000000   8.0542641e-20
  24945.8007812   7.9032752e-20
  25020.5996094   7.9532408e-20
  25095.4003906   7.7768090e-20
  25170.1992188   7.8468660e-20
  25245.0000000   7.7355579e-20
  25319.8007812   7.7451099e-20
  25394.5996094   7.6537439e-20
  25469.4003906   7.6531384e-20
  25544.1992188   7.6625559e-20
  25619.0000000   7.5406037e-20
  25693.8007812   7.5802495e-20
  25768.5996094   7.6199691e-20
  25843.4003906   7.5735940e-20
  25918.1992188   7.4916837e-20
  25993.0000000   7.4147281e-20
  26067.8007812   7.4340311e-20
  26142.5996094   7.3823007e-20
  26217.4003906   7.2695644e-20
  26292.1992188   7.2988672e-20
  26367.0000000   7.2621288e-20
  26441.8007812   7.0880661e-20
  26516.5996094   6.9747973e-20
  26591.4003906   6.8156393e-20
  26666.1992188   6.7122637e-20
  26741.0000000   6.7106714e-20
  26815.8007812   6.7294419e-20
  26890.5996094   6.6462036e-20
  26965.4003906   6.7414819e-20
  27040.1992188   6.7806767e-20
  27115.0000000   6.7892290e-20
  27189.8007812   6.7671110e-20
  27264.5996094   6.6733462e-20
  27339.4003906   6.7585270e-20
  27414.1992188   6.7465465e-20
  27489.0000000   6.7396466e-20
  27563.8007812   6.8249244e-20
  27638.5996094   6.7052210e-20
  27713.4003906   6.6777444e-20
  27788.1992188   6.7066053e-20
  27863.0000000   6.6893088e-20
  27937.8007812   6.6873707e-20
  28012.5996094   6.6391726e-20
  28087.4003906   6.6731710e-20
  28162.1992188   6.7020422e-20
  28237.0000000   6.7000408e-20
  28311.8007812   6.6413595e-20
  28386.5996094   6.5569069e-20
  28461.4003906   6.5083915e-20
  28536.1992188   6.4650039e-20
  28611.0000000   6.3957295e-20
  28685.8007812   6.2386783e-20
  28760.5996094   6.3137617e-20
  28835.4003906   6.2184899e-20
  28910.1992188   6.2057759e-20
  28985.0000000   6.1671685e-20
  29059.8007812   6.1647302e-20
  29134.5996094   6.1985038e-20
  29209.4003906   6.1753531e-20
  29284.1992188   6.1417876e-20
  29359.0000000   6.0615834e-20
  29433.8007812   6.0538150e-20
  29508.5996094   5.9112569e-20
  29583.4003906   5.8152102e-20
  29658.1992188   5.8332693e-20
  29733.0000000   5.7578530e-20
  29807.8007812   5.8693751e-20
  29882.5996094   5.8406525e-20
  29957.4003906   5.8743007e-20
  30032.1992188   5.8559347e-20
  30107.0000000   5.8115338e-20
  30181.8007812   5.7774843e-20
  30256.5996094   5.6809162e-20
  30331.4003906   5.6519985e-20
  30406.1992188   5.7168313e-20
  30481.0000000   5.7139200e-20
  30555.8007812   5.7162290e-20
  30630.5996094   5.6193765e-20
  30705.4003906   5.5903057e-20
  30780.1992188   5.6029641e-20
  30855.0000000   5.6104249e-20
  30929.8007812   5.6282933e-20
  31004.5996094   5.5834601e-20
  31079.4003906   5.4287308e-20
  31154.1992188   5.4203685e-20
  31229.0000000   5.4015237e-20
  31303.8007812   5.4036113e-20
  31378.5996094   5.3061568e-20
  31453.4003906   5.3867882e-20
  31528.1992188   5.2787526e-20
  31603.0000000   5.2492765e-20
  31677.8007812   5.2008803e-20
  31752.5996094   5.2899389e-20
  31827.4003906   5.0289134e-20
  31902.1992188   5.2833913e-20
  31977.0000000   4.8335058e-20
  32051.8007812   5.3818933e-20
  32126.5996094   5.1656641e-20
  32201.4003906   5.1544012e-20
  32276.1992188   5.4140874e-20
  32351.0000000   5.3107729e-20
  32425.8007812   4.7382521e-20
  32500.5996094   5.2366349e-20
  32575.4003906   5.3955250e-20
  32650.1992188   5.3078348e-20
  32725.0000000   4.9237499e-20
  32799.8007812   5.2456583e-20
  32874.6015625   5.3767903e-20
  32949.3984375   5.2778485e-20
  33024.1992188   5.2854799e-20
  33099.0000000   5.1378350e-20
  33173.8007812   4.8326144e-20
  33248.6015625   5.1820700e-20
  33323.3984375   5.2795639e-20
  33398.1992188   5.1993727e-20
  33473.0000000   5.2064334e-20
  33547.8007812   5.1843694e-20
  33622.6015625   5.1056463e-20
  33697.3984375   4.7212397e-20
  33772.1992188   4.9283799e-20
  33847.0000000   5.1817744e-20
  33921.8007812   5.1506223e-20
  33996.6015625   5.0282070e-20
  34071.3984375   5.0558643e-20
  34146.1992188   5.1169599e-20
  34221.0000000   5.0761554e-20
  34295.8007812   5.0241671e-20
  34370.6015625   4.9997565e-20
  34445.3984375   4.7670357e-20
  34520.1992188   4.4666257e-20
  34595.0000000   4.6887363e-20
  34669.8007812   4.8061782e-20
  34744.6015625   4.8380295e-20
  34819.3984375   4.8501987e-20
  34894.1992188   4.8304288e-20
  34969.0000000   4.8149036e-20
  35043.8007812   4.7583342e-20
  35118.6015625   4.7832675e-20
  35193.3984375   4.6722709e-20
  35268.1992188   4.7632895e-20
  35343.0000000   4.6682096e-20
  35417.8007812   4.7283153e-20
  35492.6015625   4.7132221e-20
  35567.3984375   4.6350936e-20
  35642.1992188   4.5580004e-20
  35717.0000000   4.2580844e-20
  35791.8007812   4.5147876e-20
  35866.6015625   4.6342590e-20
  35941.3984375   4.5934089e-20
  36016.1992188   4.5867562e-20
  36091.0000000   4.5420940e-20
  36165.8007812   4.5236398e-20
  36240.6015625   4.5619056e-20
  36315.3984375   4.5278930e-20
  36390.1992188   4.4992095e-20
  36465.0000000   4.4581985e-20
  36539.8007812   4.4712776e-20
  36614.6015625   4.4093040e-20
  36689.3984375   4.4867191e-20
  36764.1992188   4.4526024e-20
  36839.0000000   4.4554778e-20
  36913.8007812   4.4143421e-20
  36988.6015625   4.3951906e-20
  37063.3984375   4.3760258e-20
  37138.1992188   4.3879964e-20
  37213.0000000   4.3779293e-20
  37287.8007812   4.3684029e-20
  37362.6015625   4.3421977e-20
  37493.5000000   4.2198829e-20
  37680.5000000   4.1192628e-20
  37867.5000000   4.2232013e-20
  38054.5000000   4.1698643e-20
  38241.5000000   4.1590735e-20
  38428.5000000   4.1459795e-20
  38615.5000000   4.0874736e-20
  38802.5000000   4.0402309e-20
  38989.5000000   4.0176883e-20
  39176.5000000   3.9687069e-20
  39363.5000000   3.9401204e-20
  39550.5000000   3.8941363e-20
  39737.5000000   3.8626252e-20
  39924.5000000   3.7865378e-20
  40111.5000000   3.7778337e-20
  40298.5000000   3.7460787e-20
  40485.5000000   3.6664855e-20
  40672.5000000   3.6014672e-20
  40859.5000000   3.4572560e-20
  41046.5000000   3.4530073e-20
  41233.5000000   3.4580153e-20
  41420.5000000   3.4133375e-20
  41607.5000000   3.4056561e-20
  41794.5000000   3.3843048e-20
  41981.5000000   3.3700217e-20
  42168.5000000   3.3212403e-20
  42355.5000000   3.2970424e-20
  42542.5000000   3.2667886e-20
  42729.5000000   3.2313723e-20
  42916.5000000   3.2515300e-20
  43103.5000000   3.2473489e-20
  43290.5000000   3.2087454e-20
  43477.5000000   3.1682620e-20
  43664.5000000   3.1447785e-20
  43851.5000000   3.1427351e-20
  44038.5000000   3.1026892e-20
  44225.5000000   3.0730580e-20
  44412.5000000   3.0279502e-20
  44599.5000000   3.0418388e-20
  44786.5000000   2.9540768e-20
  44973.5000000   2.9971099e-20
  45160.5000000   2.9446728e-20
  45347.5000000   2.9434443e-20
  45534.5000000   2.9377620e-20
  45721.5000000   2.9167681e-20
  45908.5000000   2.8894705e-20
  46095.5000000   2.8549583e-20
  46282.5000000   2.8475576e-20
  46469.5000000   2.8118784e-20
  46656.5000000   2.7889167e-20
  46843.5000000   2.7625971e-20
  47030.5000000   2.7451446e-20
  47217.5000000   2.7420359e-20
  47404.5000000   2.6949963e-20
  47591.5000000   2.6996519e-20
  47778.5000000   2.6725899e-20
  47965.5000000   2.5441534e-20
  48152.5000000   2.6144728e-20
  48339.5000000   2.6078673e-20
  48526.5000000   2.6085890e-20
  48713.5000000   2.5863556e-20
  48900.5000000   2.5814759e-20
  49087.5000000   2.5430141e-20
  49274.5000000   2.5263054e-20
  49461.5000000   2.5185286e-20
  49648.5000000   2.4776725e-20
  49835.5000000   2.4816149e-20
  50022.5000000   2.4491005e-20
  50209.5000000   2.4647790e-20
  50396.5000000   2.4462409e-20
  50583.5000000   2.4355212e-20
  50770.5000000   2.3861196e-20
  50957.5000000   2.3691928e-20
  51144.5000000   2.3758301e-20
  51331.5000000   2.3583236e-20
  51518.5000000   2.3542877e-20
  51705.5000000   2.3468035e-20
  51892.5000000   2.3202091e-20
  52079.5000000   2.2885931e-20
  52266.5000000   2.2653231e-20
  52453.5000000   2.2403508e-20
  52640.5000000   2.2221049e-20
  52827.5000000   2.1751304e-20
  53014.5000000   2.1748725e-20
  53201.5000000   2.1542722e-20
  53388.5000000   2.1365303e-20
  53575.5000000   2.1475368e-20
  53762.5000000   2.1539883e-20
  53949.5000000   2.0960818e-20
  54136.5000000   2.1161259e-20
  54323.5000000   2.0824559e-20
  54491.8007812   2.1001179e-20
  54678.8007812   2.0754075e-20
  54884.5000000   2.0615900e-20
  55071.5000000   2.0317482e-20
  55258.5000000   2.0353386e-20
  55445.5000000   2.0417667e-20
  55632.5000000   2.0311415e-20
  55819.5000000   2.0579625e-20
  56006.5000000   2.0325960e-20
  56193.5000000   2.0095448e-20
  56380.5000000   2.0028574e-20
  56567.5000000   2.0024175e-20
  56754.5000000   2.0172909e-20
  56941.5000000   2.0032269e-20
  57128.5000000   2.0152808e-20
  57315.5000000   1.9926799e-20
  57502.5000000   1.9899511e-20
  57689.5000000   1.9877412e-20
  57876.5000000   1.9855251e-20
  58063.5000000   1.9588997e-20
  58250.5000000   1.8861516e-20
  58437.5000000   1.9197138e-20
  58624.5000000   1.9084159e-20
  58811.5000000   1.9312908e-20
  58998.5000000   1.8201534e-20
  59185.5000000   1.8207770e-20
  59372.5000000   1.8019155e-20
  59559.5000000   1.8572988e-20
  59746.5000000   1.8247394e-20
  60027.0000000   1.8336166e-20
  60401.0000000   1.8380994e-20
  60775.0000000   1.7935386e-20
  61149.0000000   1.8317412e-20
  61523.0000000   1.7670878e-20
  61897.0000000   1.7795568e-20
  62271.0000000   1.7393308e-20
  62645.0000000   1.7500735e-20
  63019.0000000   1.6856949e-20
  63393.0000000   1.7014856e-20
  63767.0000000   1.6662925e-20
  64141.0000000   1.6562313e-20
  64515.0000000   1.6117769e-20
  64889.0000000   1.5706253e-20
  65263.0000000   1.5668360e-20
  65637.0000000   1.5544029e-20
  66011.0000000   1.5200739e-20
  66385.0000000   1.4845525e-20
  66759.0000000   1.4870452e-20
  67133.0000000   1.4242754e-20
  67507.0000000   1.4071216e-20
  67881.0000000   1.3823631e-20
  68255.0000000   1.3483354e-20
  68629.0000000   1.3235993e-20
  69003.0000000   1.3195828e-20
  69377.0000000   1.3039876e-20
  69751.0000000   1.2623342e-20
  70125.0000000   1.2252787e-20
  70499.0000000   1.2258439e-20
  70873.0000000   1.1875051e-20
  71247.0000000   1.2152997e-20
  71621.0000000   1.1758335e-20
  71995.0000000   1.1699253e-20
  72369.0000000   1.1478169e-20
  72743.0000000   1.0948468e-20
  73117.0000000   1.1063265e-20
  73491.0000000   1.0875863e-20
  73865.0000000   1.0636605e-20
  74239.0000000   1.0390737e-20
  74613.0000000   1.0394891e-20
  74987.0000000   1.0282648e-20
  75361.0000000   1.0262887e-20
  75735.0000000   9.9115681e-21
  76109.0000000   9.7057059e-21
  76483.0000000   9.5871275e-21
  76857.0000000   9.4095923e-21
  77231.0000000   9.2266286e-21
  77605.0000000   9.0896793e-21
  77979.0000000   9.1512437e-21
  78353.0000000   8.8511080e-21
  78727.0000000   8.8249468e-21
  79101.0000000   8.6233797e-21
  79475.0000000   8.5502946e-21
  79849.0000000   8.4542932e-21
  80223.0000000   8.2581819e-21
  80597.0000000   8.1732085e-21
  80971.0000000   7.9471660e-21
  81345.0000000   7.8268686e-21
  81719.0000000   7.7416754e-21
  82093.0000000   7.6036219e-21
  82467.0000000   7.3951506e-21
  82841.0000000   7.3679191e-21
  83215.0000000   7.2765915e-21
  83589.0000000   7.1910365e-21
  83963.0000000   7.1519813e-21
  84337.0000000   6.9723781e-21
  84711.0000000   6.8513827e-21
  85085.0000000   6.8361138e-21
  85459.0000000   6.6851974e-21
  85833.0000000   5.7905414e-21
  86207.0000000   6.2191183e-21
  86581.0000000   6.2385408e-21
  86955.0000000   5.3787742e-21
  87329.0000000   5.8688598e-21
  87703.0000000   5.5450933e-21
  88077.0000000   5.0068540e-21
  88451.0000000   5.3782076e-21
  88825.0000000   5.2167103e-21
  89199.0000000   4.7150442e-21
  89573.0000000   5.1126248e-21
  89947.0000000   4.9490943e-21
  90321.0000000   4.4902082e-21
  90695.0000000   4.6639674e-21
  91069.0000000   4.5468038e-21
  91443.0000000   4.3663314e-21
  91817.0000000   4.3409776e-21
  92191.0000000   4.3590310e-21
  92565.0000000   4.2262257e-21
  92939.0000000   3.8619128e-21
  93313.0000000   3.8505827e-21
  93687.0000000   3.9454888e-21
  94061.0000000   3.7608158e-21
  94435.0000000   3.8721197e-21
  94809.0000000   3.8918456e-21
  95183.0000000   3.8694507e-21
  95557.0000000   3.8648653e-21
  95931.0000000   3.8724941e-21
  96305.0000000   3.9153839e-21
  96679.0000000   3.7955950e-21
  97053.0000000   3.8091550e-21
  97427.0000000   3.8437568e-21
  97801.0000000   3.7499635e-21
  98175.0000000   3.7203377e-21
  98549.0000000   3.7678089e-21
  98923.0000000   3.7048479e-21
  99297.0000000   3.6888556e-21
  99671.0000000   3.6678869e-21
 100045.0000000   3.6423630e-21
 100419.0000000   3.5727163e-21
 100793.0000000   3.5364051e-21
 101167.0000000   3.5445687e-21
 101541.0000000   3.4945190e-21
 101915.0000000   3.5458301e-21
 102289.0000000   3.4555410e-21
 102663.0000000   3.5032933e-21
 103037.0000000   3.4161275e-21
 103411.0000000   3.3575827e-21
 103785.0000000   3.3298574e-21
 104159.0000000   3.3471441e-21
 104533.0000000   3.3405208e-21
 104907.0000000   3.2750920e-21
 105281.0000000   3.2104227e-21
 105655.0000000   3.2037464e-21
 106029.0000000   3.1335974e-21
 106403.0000000   3.0117299e-21
 106777.0000000   3.0550258e-21
 107151.0000000   3.0424533e-21
 107525.0000000   2.9699865e-21
 107899.0000000   2.9358403e-21
 108273.0000000   2.8681666e-21
 108647.0000000   2.8813478e-21
 109021.0000000   2.8160679e-21
 109395.0000000   2.7340153e-21
 109769.0000000   2.7154433e-21
 110143.0000000   2.6597447e-21
 110517.0000000   2.6166209e-21
 110891.0000000   2.5872760e-21
 111265.0000000   2.5531416e-21
 111639.0000000   2.5118123e-21
 112013.0000000   2.4830647e-21
 112387.0000000   2.4555196e-21
 112761.0000000   2.4315667e-21
 113135.0000000   2.3980224e-21
 113509.0000000   2.3531093e-21
 113883.0000000   2.3429208e-21
 114257.0000000   2.3219624e-21
 114631.0000000   2.2986057e-21
 115005.0000000   2.2788442e-21
 115379.0000000   2.2459070e-21
 115753.0000000   2.2225440e-21
 116127.0000000   2.2081736e-21
 116501.0000000   2.1740322e-21
 116875.0000000   2.1554645e-21
 117249.0000000   2.1321059e-21
 117623.0000000   2.1093524e-21
 117997.0000000   2.0841944e-21
 118371.0000000   2.0578450e-21
 118745.0000000   2.0416770e-21
 119119.0000000   2.0207138e-21
 119493.0000000   2.0039397e-21
 120054.0000000   1.9692077e-21
 120802.0000000   1.9272830e-21
 121550.0000000   1.8913525e-21
 122298.0000000   1.8524193e-21
 123046.0000000   1.8080989e-21
 123794.0000000   1.7781582e-21
 124542.0000000   1.7512038e-21
 125290.0000000   1.7368345e-21
 126038.0000000   1.6919102e-21
 126786.0000000   1.6697500e-21
 127534.0000000   1.6499875e-21
 128282.0000000   1.6404066e-21
 129030.0000000   1.6080649e-21
 129778.0000000   1.5763262e-21
 130526.0000000   1.5302083e-21
 131274.0000000   1.5152350e-21
 132022.0000000   1.4793002e-21
 132770.0000000   1.4319902e-21
 133518.0000000   1.4170131e-21
 134266.0000000   1.3792824e-21
 135014.0000000   1.3613186e-21
 135762.0000000   1.3187949e-21
 136510.0000000   1.2858519e-21
 137258.0000000   1.2595044e-21
 138006.0000000   1.2199736e-21
 138754.0000000   1.1882303e-21
 139502.0000000   1.1642768e-21
 140250.0000000   1.1271456e-21
 140998.0000000   1.1127686e-21
 141746.0000000   1.0906093e-21
 142494.0000000   1.0696473e-21
 143242.0000000   1.0510805e-21
 143990.0000000   1.0337119e-21
 144738.0000000   1.0115529e-21
 145486.0000000   9.9358881e-22
 146234.0000000   9.7561783e-22
 146982.0000000   9.6184626e-22
 147730.0000000   9.4267995e-22
 148478.0000000   9.2830445e-22
 149226.0000000   9.0854087e-22
 149974.0000000   8.9536606e-22
 150722.0000000   8.8278922e-22
 151470.0000000   8.6721829e-22
 152218.0000000   8.5763574e-22
 152966.0000000   8.4745522e-22
 153714.0000000   8.3847023e-22
 154462.0000000   8.2469458e-22
 155210.0000000   8.0493130e-22
 155958.0000000   7.9475149e-22
 156706.0000000   7.8816110e-22
 157454.0000000   7.7199115e-22
 158202.0000000   7.6720184e-22
 158950.0000000   7.5402395e-22
 159698.0000000   7.4504063e-22
 160446.0000000   7.0850781e-22
 161194.0000000   6.7437025e-22
 161942.0000000   6.7437025e-22
 162690.0000000   6.3903383e-22
 163438.0000000   6.2106572e-22
 164186.0000000   6.0729077e-22
 164934.0000000   5.8387546e-22
 165682.0000000   5.7962152e-22
 166430.0000000   5.6536866e-22
 167178.0000000   5.4620441e-22
 167926.0000000   5.4949834e-22
 168674.0000000   5.3530400e-22
 169422.0000000   5.1559863e-22
 170170.0000000   5.0841204e-22
 170918.0000000   4.9703316e-22
 171666.0000000   4.8062203e-22
 172414.0000000   4.8385820e-22
 173162.0000000   4.7361507e-22
 173910.0000000   4.6666926e-22
 174658.0000000   4.6169709e-22
 175406.0000000   4.5181596e-22
 176154.0000000   4.4396950e-22
 176902.0000000   4.4768384e-22
 177650.0000000   4.3774101e-22
 178398.0000000   4.3133268e-22
 179146.0000000   4.2474568e-22
 179894.0000000   4.1522296e-22
 180642.0000000   4.1623994e-22
 181390.0000000   4.0773615e-22
 182138.0000000   4.0024894e-22
 182886.0000000   3.9635684e-22
 183634.0000000   3.8923071e-22
 184382.0000000   3.8467796e-22
 185130.0000000   3.7593463e-22
 185878.0000000   3.7275993e-22
 186626.0000000   3.6749006e-22
 187374.0000000   3.6455479e-22
 188122.0000000   3.5910428e-22
 188870.0000000   3.5060020e-22
 189618.0000000   3.4724579e-22
 190366.0000000   3.4377246e-22
 191114.0000000   3.3868179e-22
 191862.0000000   3.3412987e-22
 192610.0000000   3.2999834e-22
 193358.0000000   3.2921955e-22
 194106.0000000   3.2340982e-22
 194854.0000000   3.1855912e-22
 195602.0000000   3.1382800e-22
 196350.0000000   3.1131178e-22
 197098.0000000   3.1047341e-22
 197846.0000000   3.0340600e-22
 198594.0000000   2.9867556e-22
 199342.0000000   2.9609999e-22
 200090.0000000   2.9178700e-22
 200838.0000000   2.8843357e-22
 201586.0000000   2.8520008e-22
 202334.0000000   2.8214530e-22
 203082.0000000   2.7795255e-22
 203830.0000000   2.7645513e-22
 204578.0000000   2.7166479e-22
 205326.0000000   2.6956831e-22
 206074.0000000   2.6519648e-22
 206822.0000000   2.6609480e-22
 207570.0000000   2.5890718e-22
 208318.0000000   2.5896746e-22
 209066.0000000   2.5387735e-22
 209814.0000000   2.5255954e-22
 210562.0000000   2.4734869e-22
 211310.0000000   2.4633072e-22
 212058.0000000   2.4279705e-22
 212806.0000000   2.3830511e-22
 213554.0000000   2.3686830e-22
 214302.0000000   2.3423242e-22
 215050.0000000   2.3093821e-22
 215798.0000000   2.2770433e-22
 216546.0000000   2.2680609e-22
 217294.0000000   2.2369195e-22
 218042.0000000   2.2165588e-22
 218790.0000000   2.1908053e-22
 219538.0000000   2.1602601e-22
 220286.0000000   2.1339043e-22
 221034.0000000   2.1015665e-22
 221782.0000000   2.0817976e-22
 222530.0000000   2.0524565e-22
 223278.0000000   2.0386844e-22
 224026.0000000   2.0123269e-22
 224774.0000000   1.9853770e-22
 225522.0000000   1.9644135e-22
 226270.0000000   1.9410610e-22
 227018.0000000   1.9236891e-22
 227766.0000000   1.8997357e-22
 228514.0000000   1.8733802e-22
 229262.0000000   1.8536155e-22
 230010.0000000   1.8332541e-22
 230758.0000000   1.8134908e-22
 231506.0000000   1.7865419e-22
 232254.0000000   1.7673751e-22
 233002.0000000   1.7440197e-22
 233750.0000000   1.7236582e-22
 234498.0000000   1.7014931e-22
 235246.0000000   1.6787354e-22
 235994.0000000   1.6577740e-22
 236742.0000000   1.6445978e-22
 237490.0000000   1.6272325e-22
 238238.0000000   1.6152562e-22
 238986.0000000   1.5912951e-22
 240108.0000000   1.5595519e-22
 241604.0000000   1.5212227e-22
 243100.0000000   1.4894832e-22
 244596.0000000   1.4559420e-22
 246092.0000000   1.4200097e-22
 247588.0000000   1.3852742e-22
 249084.0000000   1.3589232e-22
 250580.0000000   1.3319673e-22
 252076.0000000   1.3014245e-22
 253572.0000000   1.2708785e-22
 255068.0000000   1.2451276e-22
 256564.0000000   1.2199736e-22
 258060.0000000   1.1882303e-22
 259556.0000000   1.1624783e-22
 261052.0000000   1.1379239e-22
 262548.0000000   1.1145684e-22
 264044.0000000   1.0912081e-22
 265540.0000000   1.0684500e-22
 267036.0000000   1.0468882e-22
 268532.0000000   1.0265277e-22
 270028.0000000   1.0073635e-22
 271524.0000000   9.8819691e-23
 273020.0000000   9.6783369e-23
 274516.0000000   9.4687069e-23
 276012.0000000   9.2710670e-23
 277508.0000000   9.0794249e-23
 279004.0000000   8.9057360e-23
 280500.0000000   8.7320711e-23
 281996.0000000   8.5823485e-23
 283492.0000000   8.3847022e-23
 284988.0000000   8.2230034e-23
 286484.0000000   8.0373384e-23
 287980.0000000   7.8995969e-23
 289476.0000000   7.7618296e-23
 290972.0000000   7.6180954e-23
 292468.0000000   7.4623919e-23
 293964.0000000   7.3066607e-23
 295460.0000000   7.1689319e-23
 296956.0000000   7.0551144e-23
 298452.0000000   6.9233727e-23
 299948.0000000   6.7975829e-23
 301444.0000000   6.6598490e-23
 302940.0000000   6.5400532e-23
 304436.0000000   6.4142949e-23
 305932.0000000   6.2945193e-23
 307428.0000000   6.1687389e-23
 308924.0000000   6.0549587e-23
 310420.0000000   5.9483419e-23
 311916.0000000   5.8417302e-23
 313412.0000000   5.7477213e-23
 314908.0000000   5.6458952e-23
 316404.0000000   5.5440949e-23
 317900.0000000   5.4452544e-23
 319396.0000000   5.3584267e-23
 320892.0000000   5.2697881e-23
 322388.0000000   5.1811368e-23
 323884.0000000   5.0937086e-23
 325380.0000000   5.0068538e-23
 326876.0000000   4.9296139e-23
 328372.0000000   4.8571479e-23
 329868.0000000   4.7906680e-23
 331364.0000000   4.7140084e-23
 332860.0000000   4.6427339e-23
 334356.0000000   4.5612846e-23
 335852.0000000   4.4816185e-23
 337348.0000000   4.4151368e-23
 338844.0000000   4.3318930e-23
 340340.0000000   4.2540470e-23
 341836.0000000   4.1791781e-23
 343332.0000000   4.1114910e-23
 344828.0000000   4.0551991e-23
 346324.0000000   4.0096853e-23
 347820.0000000   3.9533805e-23
 349316.0000000   3.8791153e-23
 350812.0000000   3.8120504e-23
 352308.0000000   3.7467697e-23
 353804.0000000   3.6892604e-23
 355300.0000000   3.6485429e-23
 356796.0000000   3.5952405e-23
 358292.0000000   3.5347440e-23
 359788.0000000   3.4844349e-23
 361284.0000000   3.4221487e-23
 362780.0000000   3.3610643e-23
 364276.0000000   3.3221448e-23
 365772.0000000   3.2814124e-23
 367268.0000000   3.2323093e-23
 368764.0000000   3.1921736e-23
 370260.0000000   3.1496575e-23
 371756.0000000   3.0939535e-23
 373252.0000000   3.0364594e-23
 374748.0000000   2.9837531e-23
 748000.0000000   1.7577917e-24
1496000.0000000   1.1247473e-25
2244000.0000000   2.2309251e-26
2992000.0000000   7.0551143e-27
3740000.0000000   2.8867309e-27
4488000.0000000   1.3894662e-27
5236000.0000000   7.4863550e-28
5984000.0000000   4.3792175e-28
