    402.4020081   1.3128985e-23
    415.6679993   1.4978911e-23
    424.5119934   1.5997015e-23
    433.3559875   8.8103356e-23
    442.1999817   2.4318196e-22
    451.0440063   2.6384388e-22
    459.8880005   2.5056830e-22
    468.7319946   2.5469451e-22
    477.5759888   2.5988428e-22
    486.4199829   2.9681569e-22
    504.1080017   3.0792818e-22
    521.7960205   2.9904530e-22
    535.0620117   3.7863168e-22
    552.7500000   3.9326991e-22
    561.5939941   4.0158834e-22
    566.0159912   4.0791111e-22
    579.2819824   3.9326991e-22
    583.7039795   4.0691271e-22
    592.5479736   3.8894483e-22
    605.8139648   4.3219869e-22
    619.0800171   4.3352943e-22
    632.3460083   5.4731791e-22
    650.0339966   6.8140432e-22
    667.7219849   6.0986925e-22
    685.4099731   6.8805630e-22
    703.0979614   6.9105134e-22
    716.3640137   6.9205058e-22
    734.0520020   6.9637692e-22
    751.7399902   6.9571049e-22
    765.0059814   5.7193855e-22
    782.6939697   7.0103506e-22
    795.9599609   7.0203330e-22
    804.8040161   7.0203330e-22
    822.4920044   7.0302986e-22
    844.6019897   7.0369402e-22
    857.8679810   7.0802167e-22
    875.5559692   7.0635691e-22
    893.2439575   7.0868739e-22
    906.5100098   7.0802167e-22
    928.6199951   6.5368003e-22
    955.1519775   6.2656887e-22
    972.8399658   5.9944382e-22
    986.1059570   5.7226020e-22
   1003.7940063   5.5463283e-22
   1017.0599976   6.7128741e-22
   1034.7479248   9.5738613e-22
   1061.2800293   9.7504682e-22
   1087.8120117   8.5075435e-22
   1114.3439941   8.2232088e-22
   1136.4539795   7.1716615e-22
   1149.7199707   7.2883836e-22
   1167.4079590   8.7589460e-22
   1189.5179443   8.5173017e-22
   1211.6279297   8.1980758e-22
   1233.7380371   6.6937673e-22
   1255.8480225   7.5231935e-22
   1282.3800049   7.3257698e-22
   1308.9119873   6.3395942e-22
   1331.0219727   5.5090633e-22
   1361.9759521   5.5205925e-22
   1406.1959229   4.9152310e-22
   1450.4160156   4.6007721e-22
   1494.6359863   3.9461938e-22
   1538.8559570   3.3942885e-22
   1578.6539307   4.1807697e-22
   1618.4520264   5.8474460e-22
   1658.2500000   5.3009322e-22
   1702.4699707   3.8499351e-22
   1746.6899414   5.2474482e-22
   1790.9099121   5.9680384e-22
   1830.7080078   5.4988629e-22
   1866.0839844   4.6736189e-22
   1901.4599609   4.1886174e-22
   1950.1019287   4.4971095e-22
   1994.3220215   4.2580788e-22
   2034.1199951   3.5098184e-22
   2078.3400879   3.3410887e-22
   2122.5600586   3.5221869e-22
   2166.7800293   2.7978685e-22
   2211.0000000   3.2597618e-22
   2237.5319824   2.7130199e-22
   2264.0639648   4.1419698e-22
   2299.4399414   3.7777789e-22
   2343.6599121   3.3188156e-22
   2387.8798828   2.6070967e-22
   2432.0998535   2.4270077e-22
   2476.3200684   3.0768352e-22
   2520.5400391   3.3360155e-22
   2564.7600098   3.1666858e-22
   2608.9799805   3.1443461e-22
   2653.1999512   2.5843427e-22
   2697.4199219   2.4701941e-22
   2741.6398926   3.1079769e-22
   2785.8598633   2.9088073e-22
   2830.0800781   3.2103622e-22
   2874.3000488   3.1049346e-22
   2909.6760254   2.8713643e-22
   2940.6298828   3.2818547e-22
   2984.8498535   3.5266760e-22
   3029.0700684   3.0992262e-22
   3073.2900391   3.7261705e-22
   3117.5100098   3.1278322e-22
   3166.1518555   4.2287456e-22
   3210.3720703   4.5192647e-22
   3250.1699219   4.7979681e-22
   3294.3898926   4.9691027e-22
   3338.6098633   5.3304879e-22
   3382.8298340   5.2083020e-22
   3427.0500488   6.3858969e-22
   3471.2700195   6.4757932e-22
   3515.4899902   7.7917384e-22
   3559.7099609   9.1352496e-22
   3603.9299316   1.0783294e-21
   3648.1499023   1.2986365e-21
   3692.3698730   1.2334351e-21
   3736.5898438   1.8386056e-21
   3780.8100586   2.2042950e-21
   3825.0300293   2.8172271e-21
   3869.2500000   3.5239817e-21
   3913.4699707   4.4449374e-21
   3957.6899414   5.6718587e-21
   4001.9099121   7.1593573e-21
   4046.1298828   9.1354102e-21
   4090.3498535   3.6596916e-20
   4134.5698242   7.0530292e-20
   4178.7900391   1.0605012e-19
   4223.0097656   1.4336811e-19
   4267.2299805   1.5413690e-19
   4311.4497070   7.5113745e-20
   4355.6699219   1.4959978e-19
   4399.8901367   1.4556780e-19
   4444.1098633   1.8273274e-19
   4488.3300781   1.8785186e-19
   4532.5498047   1.3169238e-19
   4576.7700195   2.2265567e-19
   4620.9897461   3.0661380e-19
   4665.2099609   2.9636372e-19
   4709.4296875   2.5061784e-19
   4753.6499023   2.7608833e-19
   4797.8701172   2.4153640e-19
   4842.0898438   2.8316285e-19
   4886.3100586   2.6998382e-19
   4930.5297852   2.6278807e-19
   4974.7500000   2.3112460e-19
   5018.9697266   2.7450325e-19
   5063.1899414   2.5917078e-19
   5107.4101562   2.6023606e-19
   5151.6298828   2.5611456e-19
   5195.8500977   1.7460789e-19
   5240.0698242   2.4216948e-19
   5284.2900391   2.0404284e-19
   5328.5097656   1.7240724e-19
   5372.7299805   1.3881470e-19
   5416.9497070   3.6357897e-19
   5461.1699219   4.4554135e-19
   5505.3901367   4.6310384e-19
   5549.6098633   4.5200788e-19
   5593.8300781   4.3400761e-19
   5638.0498047   5.0416669e-19
   5682.2700195   5.1767858e-19
   5726.4897461   4.4512667e-19
   5770.7099609   4.5021885e-19
   5814.9296875   5.1817897e-19
   5859.1499023   4.9851472e-19
   5903.3701172   4.6833994e-19
   5947.5898438   5.1447372e-19
   5991.8100586   5.0440590e-19
   6036.0297852   4.6996561e-19
   6080.2500000   4.7390780e-19
   6124.4697266   4.7266274e-19
   6168.6899414   3.6729433e-19
   6212.9096680   3.6330121e-19
   6257.1298828   4.4876197e-19
   6301.3500977   4.4150538e-19
   6345.5698242   4.5781971e-19
   6376.5239258   4.6824327e-19
   6398.6337891   4.6980261e-19
   6434.0097656   4.5650061e-19
   6478.2299805   4.3344947e-19
   6522.4497070   4.4007668e-19
   6566.6699219   4.4665220e-19
   6610.8901367   4.4626591e-19
   6655.1098633   4.2407040e-19
   6686.0639648   3.9014237e-19
   6708.1738281   4.0598270e-19
   6743.5498047   4.0120933e-19
   6787.7700195   3.4813253e-19
   6831.9897461   3.2589600e-19
   6876.2099609   3.2177303e-19
   6920.4296875   3.5219241e-19
   6964.6499023   3.7276600e-19
   7008.8701172   3.8169202e-19
   7053.0898438   3.8373927e-19
   7097.3100586   3.7625292e-19
   7141.5297852   3.7239619e-19
   7185.7500000   3.6502852e-19
   7229.9697266   3.8333837e-19
   7274.1899414   3.8501380e-19
   7318.4096680   3.7510126e-19
   7362.6298828   3.9057269e-19
   7393.5839844   3.6180133e-19
   7415.6938477   4.0252775e-19
   7451.0698242   4.0233685e-19
   7495.2900391   3.8394831e-19
   7539.5097656   3.7367078e-19
   7583.7299805   3.5331407e-19
   7627.9497070   3.4801329e-19
   7672.1699219   3.6566873e-19
   7716.3896484   3.5877594e-19
   7760.6098633   3.6829097e-19
   7804.8300781   3.5333423e-19
   7849.0498047   3.4778258e-19
   7893.2700195   3.5623864e-19
   7937.4897461   3.6625539e-19
   7981.7099609   3.6752994e-19
   8025.9296875   3.4029903e-19
   8070.1499023   3.4777951e-19
   8114.3701172   3.3932151e-19
   8158.5898438   3.1654902e-19
   8202.8095703   3.1566885e-19
   8247.0302734   3.2037563e-19
   8291.2500000   3.3584776e-19
   8335.4697266   3.0869460e-19
   8379.6894531   2.9464670e-19
   8423.9101562   3.1316257e-19
   8468.1298828   2.9790096e-19
   8512.3496094   2.8676087e-19
   8556.5703125   3.0237070e-19
   8600.7900391   3.0735263e-19
   8645.0097656   2.8293410e-19
   8698.0742188   3.0485752e-19
   8737.8720703   3.1366224e-19
   8773.2480469   2.9705172e-19
   8821.8896484   2.8980960e-19
   8866.1093750   2.9922923e-19
   8910.3300781   2.9242163e-19
   8954.5498047   3.0269622e-19
   8998.7695312   2.8280119e-19
   9042.9902344   2.8814831e-19
   9087.2099609   2.6049448e-19
   9131.4296875   2.7038725e-19
   9171.2275391   2.9443843e-19
   9188.9160156   2.7497745e-19
   9219.8701172   2.8446914e-19
   9264.0898438   2.7049773e-19
   9308.3095703   2.7545368e-19
   9352.5302734   2.7778012e-19
   9396.7500000   2.7888637e-19
   9440.9697266   2.6936912e-19
   9485.1894531   2.6532426e-19
   9529.4101562   2.7362460e-19
   9573.6298828   2.6762273e-19
   9617.8496094   2.6654711e-19
   9662.0703125   2.5921860e-19
   9706.2900391   2.6686573e-19
   9750.5097656   2.6266112e-19
   9794.7294922   2.5528469e-19
   9838.9501953   2.4952617e-19
   9883.1699219   2.5456031e-19
   9927.3896484   2.5030765e-19
   9971.6093750   2.4350367e-19
  10015.8300781   2.4786488e-19
  10060.0498047   2.4965771e-19
  10104.2695312   2.5034722e-19
  10148.4902344   2.3723651e-19
  10192.7099609   2.3988726e-19
  10236.9296875   2.3324560e-19
  10281.1494141   2.0136593e-19
  10325.3701172   2.2438928e-19
  10369.5898438   2.2298641e-19
  10413.8095703   2.2611357e-19
  10458.0302734   2.1891100e-19
  10502.2500000   2.1791052e-19
  10546.4697266   2.1017390e-19
  10590.6894531   2.1583226e-19
  10634.9101562   2.0981422e-19
  10679.1298828   2.1053142e-19
  10723.3496094   2.1302686e-19
  10767.5703125   2.0601300e-19
  10811.7900391   2.1051942e-19
  10856.0097656   2.0764441e-19
  10900.2294922   2.0562252e-19
  10944.4501953   2.0108400e-19
  10988.6699219   2.0228598e-19
  11032.8896484   1.7734610e-19
  11077.1093750   1.9990058e-19
  11112.4853516   1.8907520e-19
  11134.5957031   1.9639623e-19
  11165.5498047   1.9206475e-19
  11209.7695312   1.9191633e-19
  11253.9902344   1.8741759e-19
  11298.2099609   1.9128186e-19
  11342.4296875   1.8922224e-19
  11386.6494141   1.9280593e-19
  11430.8701172   1.9097297e-19
  11475.0898438   1.8922890e-19
  11519.3095703   1.8579327e-19
  11563.5302734   1.8372011e-19
  11607.7500000   1.8473958e-19
  11651.9697266   1.8463739e-19
  11696.1894531   1.8778423e-19
  11740.4101562   1.8685298e-19
  11784.6298828   1.7932370e-19
  11828.8496094   1.8143726e-19
  11873.0693359   1.8048516e-19
  11917.2900391   1.7586697e-19
  11961.5097656   1.7566550e-19
  12005.7294922   1.7279458e-19
  12049.9501953   1.7257844e-19
  12094.1699219   1.7390763e-19
  12138.3896484   1.6605626e-19
  12182.6093750   1.6547603e-19
  12226.8300781   1.6607960e-19
  12271.0498047   1.6863147e-19
  12315.2695312   1.6633873e-19
  12359.4902344   1.5344931e-19
  12403.7099609   1.5791374e-19
  12447.9296875   1.6420118e-19
  12492.1494141   1.6295976e-19
  12536.3701172   1.5696095e-19
  12580.5898438   1.5608517e-19
  12624.8095703   1.5491803e-19
  12669.0302734   1.5682245e-19
  12713.2500000   1.5453206e-19
  12757.4697266   1.5403675e-19
  12801.6894531   1.5211204e-19
  12868.0195312   1.5319883e-19
  12956.4599609   1.5051583e-19
  13044.8994141   1.4765916e-19
  13133.3398438   1.4668575e-19
  13221.7802734   1.4479502e-19
  13310.2197266   1.4310013e-19
  13398.6601562   1.4210558e-19
  13487.0996094   1.4033736e-19
  13575.5400391   1.3852297e-19
  13663.9794922   1.3643093e-19
  13752.4199219   1.3475049e-19
  13840.8593750   1.3241616e-19
  13929.2998047   1.3119188e-19
  14017.7402344   1.2868670e-19
  14106.1796875   1.2536749e-19
  14194.6201172   1.2463514e-19
  14283.0595703   1.2245132e-19
  14371.5000000   1.2132929e-19
  14459.9394531   1.1956253e-19
  14548.3798828   1.1784479e-19
  14636.8193359   1.1625176e-19
  14725.2597656   1.1403137e-19
  14813.7001953   1.1179103e-19
  14902.1396484   1.0986458e-19
  14990.5800781   1.0836133e-19
  15079.0195312   1.0706657e-19
  15167.4599609   1.0479633e-19
  15255.8994141   1.0325218e-19
  15344.3398438   1.0195039e-19
  15432.7792969   1.0054262e-19
  15521.2197266   9.9512904e-20
  15609.6601562   9.8003551e-20
  15698.0996094   9.6872970e-20
  15786.5400391   9.4774729e-20
  15874.9794922   9.2922103e-20
  15963.4199219   9.1945791e-20
  16051.8593750   9.1003716e-20
  16096.0800781   9.0586617e-20
  16140.2998047   9.0666614e-20
  16228.7402344   8.8924359e-20
  16317.1796875   8.4613765e-20
  16405.6191406   8.7066330e-20
  16494.0605469   8.6266640e-20
  16582.5000000   9.6324420e-20
  16670.9394531   9.7126016e-20
  16759.3789062   1.0488611e-19
  16847.8203125   1.1201809e-19
  16936.2597656   9.6512009e-20
  17024.6992188   1.1409099e-19
  17113.1406250   1.1741910e-19
  17201.5800781   9.0876311e-20
  17290.0195312   1.1696669e-19
  17378.4589844   1.1158796e-19
  17466.9003906   1.1282534e-19
  17555.3398438   8.3820040e-20
  17643.7792969   1.1132754e-19
  17732.2187500   1.1432773e-19
  17820.6601562   1.1148606e-19
  17909.0996094   1.1206090e-19
  17997.5390625   1.0831708e-19
  18085.9804688   9.9568422e-20
  18174.4199219   8.6179541e-20
  18262.8593750   1.0340874e-19
  18351.2988281   1.0453385e-19
  18439.7402344   1.0379413e-19
  18528.1796875   1.0304470e-19
  18616.6191406   1.0237799e-19
  18705.0605469   1.0094835e-19
  18793.5000000   9.9829830e-20
  18881.9394531   9.7131134e-20
  18970.3789062   9.6573065e-20
  19058.8203125   9.3002934e-20
  19147.2597656   8.4706338e-20
  19235.6992188   7.7048960e-20
  19324.1406250   9.2251583e-20
  19412.5800781   9.0778574e-20
  19501.0195312   9.1031698e-20
  19589.4589844   9.0635963e-20
  19677.9003906   9.0262556e-20
  19766.3398438   8.8258265e-20
  19854.7792969   8.8497359e-20
  19943.2187500   8.9597063e-20
  20031.6601562   8.6947100e-20
  20120.0996094   8.5955013e-20
  20208.5390625   8.6690111e-20
  20296.9804688   8.4732020e-20
  20385.4199219   8.4444852e-20
  20473.8593750   8.2622334e-20
  20562.2988281   8.1936124e-20
  20650.7402344   8.1905537e-20
  20739.1796875   8.0729874e-20
  20827.6191406   7.8581674e-20
  20916.0605469   7.9418173e-20
  21004.5000000   7.9165702e-20
  21092.9394531   7.8819818e-20
  21181.3789062   7.7652291e-20
  21269.8203125   7.6236746e-20
  21358.2597656   7.5303343e-20
  21446.6992188   6.8119487e-20
  21535.1406250   6.0062967e-20
  21623.5800781   7.2416716e-20
  21712.0195312   7.2599510e-20
  21800.4589844   7.1035447e-20
  21888.9003906   7.1919425e-20
  21977.3398438   7.0962487e-20
  22065.7792969   6.9080250e-20
  22154.2187500   6.6669807e-20
  22242.6601562   6.7702232e-20
  22331.0996094   6.6639363e-20
  22419.5390625   6.7517545e-20
  22507.9804688   6.5986705e-20
  22596.4199219   6.5626597e-20
  22684.8593750   6.4336402e-20
  22773.2988281   6.3196903e-20
  22861.7402344   6.1806089e-20
  22950.1796875   6.1716572e-20
  23038.6191406   6.1564164e-20
  23127.0605469   6.1721994e-20
  23215.5000000   6.1910682e-20
  23303.9394531   5.9665184e-20
  23392.3789062   6.1256162e-20
  23480.8203125   6.1287111e-20
  23569.2597656   5.9250773e-20
  23657.6992188   6.0093043e-20
  23746.1386719   5.9712630e-20
  23834.5800781   5.8640591e-20
  23923.0195312   5.7879908e-20
  24011.4589844   5.7589329e-20
  24099.9003906   5.7706808e-20
  24188.3398438   5.6500300e-20
  24276.7792969   5.6111319e-20
  24365.2187500   5.5594731e-20
  24453.6601562   5.5708876e-20
  24542.0996094   5.5632588e-20
  24630.5390625   5.5018096e-20
  24718.9804688   5.4052896e-20
  24807.4199219   5.4259345e-20
  24895.8593750   5.3449755e-20
  24984.2988281   5.3114889e-20
  25072.7402344   5.2429560e-20
  25161.1796875   5.2697118e-20
  25249.6191406   5.1881889e-20
  25338.0605469   5.2945340e-20
  25426.5000000   5.1649765e-20
  25514.9394531   5.1660428e-20
  25603.3789062   5.0552581e-20
  25691.8203125   5.1009327e-20
  25780.2597656   5.1210671e-20
  25868.6992188   5.0226607e-20
  25957.1386719   4.9304953e-20
  26045.5800781   4.7739643e-20
  26134.0195312   4.8836650e-20
  26222.4589844   4.8617511e-20
  26310.9003906   4.8140303e-20
  26399.3398438   4.8338180e-20
  26487.7792969   4.7537537e-20
  26576.2187500   4.7186835e-20
  26664.6601562   4.7447636e-20
  26753.0996094   4.7483075e-20
  26841.5390625   4.7291816e-20
  26929.9804688   4.6227476e-20
  27018.4199219   4.6034604e-20
  27106.8593750   4.4805304e-20
  27195.2988281   4.4610720e-20
  27283.7402344   4.3766931e-20
  27372.1796875   4.4219622e-20
  27460.6191406   4.3731191e-20
  27549.0605469   4.2754685e-20
  27637.5000000   4.1776314e-20
  27725.9394531   4.2683395e-20
  27814.3789062   4.2940419e-20
  27902.8203125   4.2220274e-20
  27991.2597656   4.2444305e-20
  28079.6992188   4.1983413e-20
  28168.1386719   4.1750080e-20
  28256.5800781   4.2038950e-20
  28345.0195312   4.1576256e-20
  28433.4589844   4.1537744e-20
  28521.9003906   4.1270261e-20
  28610.3398438   4.1132916e-20
  28698.7792969   4.0340022e-20
  28787.2187500   4.0660544e-20
  28875.6601562   4.0194124e-20
  28964.0996094   3.8413382e-20
  29052.5390625   3.4692217e-20
  29140.9804688   3.9184237e-20
  29229.4199219   3.9602920e-20
  29317.8593750   3.9298155e-20
  29406.2988281   3.8959619e-20
  29494.7402344   3.8192344e-20
  29583.1796875   3.8379823e-20
  29671.6191406   3.7545069e-20
  29760.0585938   3.7831251e-20
  29848.5000000   3.7291994e-20
  29936.9394531   3.7313781e-20
  30025.3789062   3.6905523e-20
  30113.8203125   3.6926761e-20
  30202.2597656   3.6948012e-20
  30290.6992188   3.6405831e-20
  30379.1386719   3.6625376e-20
  30467.5800781   3.6845112e-20
  30556.0195312   3.6633419e-20
  30644.4589844   3.6222103e-20
  30732.9003906   3.5843574e-20
  30821.3398438   3.5963096e-20
  30909.7792969   3.5716602e-20
  30998.2187500   3.5203621e-20
  31086.6601562   3.5322561e-20
  31175.0996094   3.5108360e-20
  31263.5390625   3.4127336e-20
  31351.9804688   3.3578583e-20
  31440.4199219   3.2678891e-20
  31528.8593750   3.2161903e-20
  31617.2988281   3.2208833e-20
  31705.7402344   3.2305736e-20
  31794.1796875   3.1944694e-20
  31882.6191406   3.2452774e-20
  31971.0585938   3.2616665e-20
  32059.5000000   3.2740377e-20
  32147.9394531   3.2663110e-20
  32236.3789062   3.2247048e-20
  32324.8203125   3.2689086e-20
  32413.2597656   3.2638301e-20
  32501.6992188   3.2651061e-20
  32590.1386719   3.3043297e-20
  32678.5800781   3.2538545e-20
  32767.0195312   3.2383009e-20
  32855.4609375   3.2486142e-20
  32943.8984375   3.2437813e-20
  33032.3398438   3.2362537e-20
  33120.7812500   3.2148911e-20
  33209.2187500   3.2295522e-20
  33297.6601562   3.2438809e-20
  33386.0976562   3.2433823e-20
  33474.5390625   3.2168825e-20
  33562.9804688   3.1765199e-20
  33651.4179688   3.1496120e-20
  33739.8593750   3.1270768e-20
  33828.3007812   3.0980693e-20
  33916.7382812   3.0206807e-20
  34005.1796875   3.0528357e-20
  34093.6210938   3.0091874e-20
  34182.0585938   3.0007146e-20
  34270.5000000   2.9823997e-20
  34358.9414062   2.9854141e-20
  34447.3789062   2.9989362e-20
  34535.8203125   2.9890611e-20
  34624.2578125   2.9750869e-20
  34712.6992188   2.9346116e-20
  34801.1406250   2.9335036e-20
  34889.5781250   2.8620349e-20
  34978.0195312   2.8166825e-20
  35066.4609375   2.8226514e-20
  35154.8984375   2.7921973e-20
  35243.3398438   2.8447788e-20
  35331.7812500   2.8316780e-20
  35420.2187500   2.8447788e-20
  35508.6601562   2.8367694e-20
  35597.0976562   2.8174744e-20
  35685.5390625   2.7985078e-20
  35773.9804688   2.7515384e-20
  35862.4179688   2.7379769e-20
  35950.8593750   2.7660778e-20
  36039.3007812   2.7617321e-20
  36127.7382812   2.7645475e-20
  36216.1796875   2.7242790e-20
  36304.6210938   2.7055236e-20
  36393.0585938   2.7161791e-20
  36481.5000000   2.7175992e-20
  36569.9375000   2.7265414e-20
  36658.3789062   2.7015698e-20
  36746.8203125   2.6302938e-20
  36835.2578125   2.6278804e-20
  36923.6992188   2.6168931e-20
  37012.1406250   2.6220126e-20
  37100.5781250   2.5763304e-20
  37189.0195312   2.6174909e-20
  37277.4609375   2.5662686e-20
  37365.8984375   2.5524543e-20
  37454.3398438   2.5321002e-20
  37542.7812500   2.5719102e-20
  37631.2187500   2.4476240e-20
  37719.6601562   2.5631598e-20
  37808.0976562   2.3598954e-20
  37896.5390625   2.6122427e-20
  37984.9804688   2.5146457e-20
  38073.4179688   2.5110811e-20
  38161.8593750   2.6220010e-20
  38250.3007812   2.5743058e-20
  38338.7382812   2.3150152e-20
  38427.1796875   2.5395621e-20
  38515.6210938   2.6071195e-20
  38604.0585938   2.5755724e-20
  38692.5000000   2.4102460e-20
  38780.9375000   2.5480079e-20
  38869.3789062   2.5945549e-20
  38957.8203125   2.5563695e-20
  39046.2578125   2.5572568e-20
  39134.6992188   2.4996379e-20
  39223.1406250   2.3598849e-20
  39311.5781250   2.5214468e-20
  39400.0195312   2.5607857e-20
  39488.4609375   2.5176295e-20
  39576.8984375   2.5170988e-20
  39665.3398438   2.5096148e-20
  39753.7812500   2.4778433e-20
  39842.2187500   2.3071793e-20
  39930.6601562   2.4024046e-20
  40019.0976562   2.5140164e-20
  40107.5390625   2.4891432e-20
  40195.9804688   2.4287777e-20
  40284.4179688   2.4393181e-20
  40372.8593750   2.4682853e-20
  40461.3007812   2.4471728e-20
  40549.7382812   2.4197703e-20
  40638.1796875   2.4087117e-20
  40726.6210938   2.3084868e-20
  40815.0585938   2.1750894e-20
  40903.5000000   2.2733733e-20
  40991.9375000   2.3215108e-20
  41080.3789062   2.3313090e-20
  41168.8203125   2.3418171e-20
  41257.2578125   2.3282394e-20
  41345.6992188   2.3233877e-20
  41434.1406250   2.2930369e-20
  41522.5781250   2.3042224e-20
  41611.0195312   2.2514840e-20
  41699.4609375   2.2941148e-20
  41787.8984375   2.2556606e-20
  41876.3398438   2.2780405e-20
  41964.7812500   2.2731335e-20
  42053.2187500   2.2377812e-20
  42141.6601562   2.2066098e-20
  42230.0976562   2.0710706e-20
  42318.5390625   2.1830708e-20
  42406.9804688   2.2373195e-20
  42495.4179688   2.2141625e-20
  42583.8593750   2.2102566e-20
  42672.3007812   2.1912740e-20
  42760.7382812   2.1792963e-20
  42849.1796875   2.1981754e-20
  42937.6210938   2.1826778e-20
  43026.0585938   2.1713764e-20
  43114.5000000   2.1551495e-20
  43202.9375000   2.1564749e-20
  43291.3789062   2.1286320e-20
  43379.8203125   2.1622789e-20
  43468.2578125   2.1439153e-20
  43556.6992188   2.1501578e-20
  43645.1406250   2.1345859e-20
  43733.5781250   2.1256892e-20
  43822.0195312   2.1143208e-20
  43910.4609375   2.1173780e-20
  43998.8984375   2.1123345e-20
  44087.3398438   2.1083401e-20
  44175.7812500   2.0944780e-20
  44330.5507812   2.0441956e-20
  44551.6484375   1.9985054e-20
  44772.7500000   2.0424277e-20
  44993.8476562   2.0203384e-20
  45214.9492188   2.0137652e-20
  45436.0507812   2.0057156e-20
  45657.1484375   1.9721475e-20
  45878.2500000   1.9520010e-20
  46099.3476562   1.9455989e-20
  46320.4492188   1.9207822e-20
  46541.5507812   1.9093691e-20
  46762.6484375   1.8844351e-20
  46983.7500000   1.8686609e-20
  47204.8476562   1.8325755e-20
  47425.9492188   1.8260519e-20
  47647.0507812   1.8076518e-20
  47868.1484375   1.7707292e-20
  48089.2500000   1.7430372e-20
  48310.3476562   1.6759632e-20
  48531.4492188   1.6702833e-20
  48752.5507812   1.6663780e-20
  48973.6484375   1.6488624e-20
  49194.7500000   1.6388059e-20
  49415.8476562   1.6262230e-20
  49636.9492188   1.6179238e-20
  49858.0507812   1.5974199e-20
  50079.1484375   1.5887372e-20
  50300.2500000   1.5782430e-20
  50521.3476562   1.5640562e-20
  50742.4492188   1.5718790e-20
  50963.5507812   1.5641388e-20
  51184.6484375   1.5453207e-20
  51405.7500000   1.5256700e-20
  51626.8476562   1.5182572e-20
  51847.9492188   1.5223702e-20
  52069.0507812   1.4997869e-20
  52290.1484375   1.4876443e-20
  52511.2500000   1.4650097e-20
  52732.3476562   1.4774218e-20
  52953.4492188   1.4358991e-20
  53174.5507812   1.4504387e-20
  53395.6484375   1.4324411e-20
  53616.7500000   1.4262954e-20
  53837.8476562   1.4237670e-20
  54058.9492188   1.4111671e-20
  54280.0507812   1.3995513e-20
  54501.1484375   1.3857531e-20
  54722.2500000   1.3788383e-20
  54943.3476562   1.3646449e-20
  55164.4492188   1.3569891e-20
  55385.5507812   1.3409518e-20
  55606.6484375   1.3336338e-20
  55827.7500000   1.3259074e-20
  56048.8476562   1.3101568e-20
  56269.9492188   1.3067836e-20
  56491.0507812   1.2975704e-20
  56712.1484375   1.2379831e-20
  56933.2500000   1.2714518e-20
  57154.3476562   1.2592483e-20
  57375.4492188   1.2642522e-20
  57596.5507812   1.2476439e-20
  57817.6484375   1.2486198e-20
  58038.7500000   1.2290659e-20
  58259.8476562   1.2226700e-20
  58480.9492188   1.2188367e-20
  58702.0507812   1.2006716e-20
  58923.1484375   1.2030575e-20
  59144.2500000   1.1896332e-20
  59365.3476562   1.1912855e-20
  59586.4492188   1.1815159e-20
  59807.5507812   1.1750474e-20
  60028.6484375   1.1564425e-20
  60249.7500000   1.1503235e-20
  60470.8476562   1.1489804e-20
  60691.9492188   1.1454284e-20
  60913.0507812   1.1389274e-20
  61134.1484375   1.1349677e-20
  61355.2500000   1.1225300e-20
  61576.3476562   1.1060578e-20
  61797.4492188   1.1013415e-20
  62018.5507812   1.0833421e-20
  62239.6484375   1.0789783e-20
  62460.7500000   1.0583702e-20
  62681.8476562   1.0562109e-20
  62902.9492188   1.0418278e-20
  63124.0507812   1.0293116e-20
  63345.1484375   1.0393370e-20
  63566.2500000   1.0400950e-20
  63787.3476562   1.0142119e-20
  64008.4492188   1.0268374e-20
  64229.5507812   1.0138912e-20
  64428.5390625   1.0172006e-20
  64649.6406250   1.0056956e-20
  64892.8476562   1.0013105e-20
  65113.9492188   9.8756213e-21
  65335.0507812   9.8941585e-21
  65556.1484375   9.8829972e-21
  65777.2500000   9.8232803e-21
  65998.3515625   9.9532131e-21
  66219.4453125   9.8452208e-21
  66440.5468750   9.7931270e-21
  66661.6484375   9.7184473e-21
  66882.7500000   9.7850014e-21
  67103.8515625   9.7957935e-21
  67324.9453125   9.7656822e-21
  67546.0468750   9.7690709e-21
  67767.1484375   9.6942337e-21
  67988.2500000   9.7348075e-21
  68209.3515625   9.6819802e-21
  68430.4453125   9.6887859e-21
  68651.5468750   9.5765099e-21
  68872.6484375   9.1918337e-21
  69093.7500000   9.3213529e-21
  69314.8515625   9.2648259e-21
  69535.9453125   9.3912497e-21
  69757.0468750   8.8710597e-21
  69978.1484375   8.8255163e-21
  70199.2500000   8.7458380e-21
  70420.3515625   9.0367277e-21
  70641.4453125   8.8074726e-21
  70973.1015625   8.8753854e-21
  71415.2968750   8.9291441e-21
  71857.5000000   8.7324819e-21
  72299.6953125   8.8836920e-21
  72741.8984375   8.5142347e-21
  73184.1015625   8.6579775e-21
  73626.2968750   8.4676961e-21
  74068.5000000   8.3974051e-21
  74510.6953125   8.1804164e-21
  74952.8984375   8.2222706e-21
  75395.1015625   8.0576148e-21
  75837.2968750   7.9714144e-21
  76279.5000000   7.7989278e-21
  76721.6953125   7.5767773e-21
  77163.8984375   7.5543158e-21
  77606.1015625   7.4525564e-21
  78048.2968750   7.3355895e-21
  78490.5000000   7.1882795e-21
  78932.6953125   7.1277644e-21
  79374.8984375   6.9722157e-21
  79817.1015625   6.8283033e-21
  80259.2968750   6.6914162e-21
  80701.5000000   6.5960339e-21
  81143.6953125   6.4895736e-21
  81585.8984375   6.3712743e-21
  82028.1015625   6.2945662e-21
  82470.2968750   6.1267463e-21
  82912.5000000   5.9739646e-21
  83354.6953125   5.9615149e-21
  83796.8984375   5.7701737e-21
  84239.1015625   5.8184215e-21
  84681.2968750   5.6918217e-21
  85123.5000000   5.6218377e-21
  85565.6953125   5.4836214e-21
  86007.8984375   5.3221366e-21
  86450.1015625   5.3280771e-21
  86892.2968750   5.2273449e-21
  87334.5000000   5.1192237e-21
  87776.6953125   5.0412018e-21
  88218.8984375   4.9783647e-21
  88661.1015625   4.9307550e-21
  89103.2968750   4.8713692e-21
  89545.5000000   4.7396609e-21
  89987.6953125   4.6651496e-21
  90429.8984375   4.6326250e-21
  90872.1015625   4.5462788e-21
  91314.2968750   4.4639529e-21
  91756.5000000   4.4042662e-21
  92198.6953125   4.3483754e-21
  92640.8984375   4.2620453e-21
  93083.1015625   4.2328702e-21
  93525.2968750   4.1500180e-21
  93967.5000000   4.0901258e-21
  94409.6953125   4.0534132e-21
  94851.8984375   3.9857670e-21
  95294.1015625   3.9257443e-21
  95736.2968750   3.8255294e-21
  96178.5000000   3.7869152e-21
  96620.6953125   3.7440343e-21
  97062.8984375   3.6961483e-21
  97505.1015625   3.6116947e-21
  97947.2968750   3.5942884e-21
  98389.5000000   3.5189867e-21
  98831.6953125   3.4747874e-21
  99273.8984375   3.4315353e-21
  99716.1015625   3.3815073e-21
 100158.2968750   3.3187425e-21
 100600.5000000   3.2998486e-21
 101042.6953125   3.2329720e-21
 101484.8984375   2.7571998e-21
 101927.1015625   2.9397843e-21
 102369.2968750   2.9217388e-21
 102811.5000000   2.5187131e-21
 103253.6953125   2.7168351e-21
 103695.8984375   2.5818466e-21
 104138.1015625   2.3187698e-21
 104580.2968750   2.5127691e-21
 105022.5000000   2.3945778e-21
 105464.6953125   2.1992378e-21
 105906.8984375   2.3585793e-21
 106349.1015625   2.2978659e-21
 106791.2968750   2.1225545e-21
 107233.5000000   2.2292473e-21
 107675.6953125   2.1680509e-21
 108117.8984375   2.0851165e-21
 108560.1015625   2.0903611e-21
 109002.2968750   2.1034844e-21
 109444.5000000   2.0491483e-21
 109886.6953125   1.8698515e-21
 110328.8984375   1.8672827e-21
 110771.1015625   1.9172257e-21
 111213.2968750   1.8351771e-21
 111655.5000000   1.8943510e-21
 112097.6953125   1.9074413e-21
 112539.8984375   1.9003257e-21
 112982.1015625   1.8966987e-21
 113424.2968750   1.9023046e-21
 113866.5000000   1.9173520e-21
 114308.6953125   1.8537923e-21
 114750.8984375   1.8593857e-21
 115193.1015625   1.8647012e-21
 115635.2968750   1.8209345e-21
 116077.5000000   1.7927171e-21
 116519.6953125   1.8049309e-21
 116961.8984375   1.7876149e-21
 117404.1015625   1.7609189e-21
 117846.2968750   1.7337229e-21
 118288.5000000   1.7413463e-21
 118730.6953125   1.7235954e-21
 119172.8984375   1.6839537e-21
 119615.1015625   1.6883451e-21
 120057.2968750   1.6686043e-21
 120499.5000000   1.6640961e-21
 120941.6953125   1.6219435e-21
 121383.8984375   1.6256302e-21
 121826.1015625   1.6042747e-21
 122268.2968750   1.5829009e-21
 122710.5000000   1.5559445e-21
 123152.6953125   1.5556916e-21
 123594.8984375   1.5476095e-21
 124037.1015625   1.5268832e-21
 124479.2968750   1.4991745e-21
 124921.5000000   1.4918446e-21
 125363.6953125   1.4790189e-21
 125805.8984375   1.4535380e-21
 126248.1015625   1.4414530e-21
 126690.2968750   1.4265334e-21
 127132.5000000   1.4033736e-21
 127574.6953125   1.3939507e-21
 128016.8984375   1.3758925e-21
 128459.1015625   1.3637282e-21
 128901.2968750   1.3480257e-21
 129343.5000000   1.3221161e-21
 129785.6953125   1.3162298e-21
 130227.8984375   1.2946389e-21
 130670.1015625   1.2789339e-21
 131112.2968750   1.2679443e-21
 131554.5000000   1.2526348e-21
 131996.7031250   1.2353596e-21
 132438.8906250   1.2208350e-21
 132881.0937500   1.2063114e-21
 133323.2968750   1.1953208e-21
 133765.5000000   1.1792245e-21
 134207.7031250   1.1576367e-21
 134649.8906250   1.1513545e-21
 135092.0937500   1.1395778e-21
 135534.2968750   1.1274114e-21
 135976.5000000   1.1168111e-21
 136418.7031250   1.1003213e-21
 136860.8906250   1.0889374e-21
 137303.0937500   1.0806952e-21
 137745.2968750   1.0634255e-21
 138187.5000000   1.0547879e-21
 138629.7031250   1.0434029e-21
 139071.8906250   1.0316288e-21
 139514.0937500   1.0190652e-21
 139956.2968750   1.0061109e-21
 140398.5000000   9.9786871e-22
 140840.7031250   9.8648275e-22
 141282.8906250   9.7667119e-22
 141946.2031250   9.5939804e-22
 142830.5937500   9.3820154e-22
 143715.0000000   9.1817876e-22
 144599.3906250   8.9776673e-22
 145483.7968750   8.7499876e-22
 146368.2031250   8.5890489e-22
 147252.5937500   8.4163093e-22
 148137.0000000   8.2671335e-22
 149021.3906250   8.0787334e-22
 149905.7968750   7.9099323e-22
 150790.2031250   7.7489779e-22
 151674.5937500   7.6194240e-22
 152559.0000000   7.4702523e-22
 153443.3906250   7.3132328e-22
 154327.7968750   7.1522860e-22
 155212.2031250   7.0266873e-22
 156096.5937500   6.8657415e-22
 156981.0000000   6.7204845e-22
 157865.3906250   6.5909377e-22
 158749.7968750   6.4535628e-22
 159634.2031250   6.3397053e-22
 160518.5937500   6.2023349e-22
 161403.0000000   6.0610160e-22
 162287.3906250   5.9393022e-22
 163171.7968750   5.7862117e-22
 164056.2031250   5.6645151e-22
 164940.5937500   5.5663873e-22
 165825.0000000   5.4132958e-22
 166709.3906250   5.3544203e-22
 167593.7968750   5.2484166e-22
 168478.2031250   5.1542132e-22
 169362.5937500   5.0639241e-22
 170247.0000000   4.9775558e-22
 171131.3906250   4.8676479e-22
 172015.7968750   4.7812867e-22
 172900.2031250   4.6909956e-22
 173784.5937500   4.6164176e-22
 174669.0000000   4.5143453e-22
 175553.3906250   4.4397672e-22
 176437.7968750   4.3376939e-22
 177322.2031250   4.2709641e-22
 178206.5937500   4.2003148e-22
 179091.0000000   4.1139422e-22
 179975.3906250   4.0550692e-22
 180859.7968750   3.9883237e-22
 181744.2031250   3.9255203e-22
 182628.5937500   3.8619247e-22
 183513.0000000   3.7849864e-22
 184397.3906250   3.7139334e-22
 185281.7968750   3.6597560e-22
 186166.2031250   3.5902812e-22
 187050.5937500   3.5478813e-22
 187935.0000000   3.4788034e-22
 188819.3906250   3.4281610e-22
 189703.7968750   3.2605350e-22
 190588.2031250   3.1125392e-22
 191472.5937500   3.1172590e-22
 192357.0000000   2.9700477e-22
 193241.3906250   2.8931111e-22
 194125.7968750   2.8314793e-22
 195010.2031250   2.7054642e-22
 195894.5937500   2.6842672e-22
 196779.0000000   2.6230377e-22
 197663.3906250   2.5276449e-22
 198547.7968750   2.5378450e-22
 199432.2031250   2.4715073e-22
 200316.5937500   2.3957456e-22
 201201.0000000   2.3867139e-22
 202085.3906250   2.3455021e-22
 202969.7968750   2.2650219e-22
 203854.2031250   2.2768005e-22
 204738.5937500   2.2249826e-22
 205623.0000000   2.1904370e-22
 206507.3906250   2.1712050e-22
 207391.7968750   2.1343047e-22
 208276.2031250   2.0942664e-22
 209160.5937500   2.0970093e-22
 210045.0000000   2.0526522e-22
 210929.3906250   2.0247798e-22
 211813.7968750   1.9949538e-22
 212698.2031250   1.9517695e-22
 213582.5937500   1.9564811e-22
 214467.0000000   1.9172258e-22
 215351.3906250   1.8807146e-22
 216235.7968750   1.8607010e-22
 217120.2031250   1.8289012e-22
 218004.5937500   1.8061362e-22
 218889.0000000   1.7735543e-22
 219773.3906250   1.7633410e-22
 220657.7968750   1.7315468e-22
 221542.2031250   1.7162381e-22
 222426.5937500   1.6922946e-22
 223311.0000000   1.6553928e-22
 224195.3906250   1.6396913e-22
 225079.7968750   1.6188833e-22
 225964.2031250   1.5921948e-22
 226848.5937500   1.5694234e-22
 227733.0000000   1.5497929e-22
 228617.3906250   1.5443030e-22
 229501.7968750   1.5168243e-22
 230386.2031250   1.4956234e-22
 231270.5937500   1.4740322e-22
 232155.0000000   1.4614688e-22
 233039.3906250   1.4559785e-22
 233923.7968750   1.4210371e-22
 234808.2031250   1.3990535e-22
 235692.5937500   1.3888482e-22
 236577.0000000   1.3703986e-22
 237461.3906250   1.3539114e-22
 238345.7968750   1.3389980e-22
 239230.2031250   1.3229002e-22
 240114.5937500   1.3005257e-22
 240999.0000000   1.2934567e-22
 241883.3906250   1.2699060e-22
 242767.7968750   1.2597018e-22
 243652.2031250   1.2381080e-22
 244536.5937500   1.2416421e-22
 245421.0000000   1.2098449e-22
 246305.3906250   1.2063113e-22
 247189.7968750   1.1851173e-22
 248074.2031250   1.1784427e-22
 248958.5937500   1.1548895e-22
 249843.0000000   1.1490006e-22
 250727.3906250   1.1336923e-22
 251611.7968750   1.1124934e-22
 252496.2031250   1.1073897e-22
 253380.5937500   1.0948261e-22
 254265.0000000   1.0803013e-22
 255149.3906250   1.0661706e-22
 256033.7968750   1.0587141e-22
 256918.2031250   1.0434029e-22
 257802.5937500   1.0324129e-22
 258687.0000000   1.0202430e-22
 259571.3906250   1.0041465e-22
 260455.7968750   9.9354822e-23
 261340.2031250   9.7941594e-23
 262224.5937500   9.7235279e-23
 263109.0000000   9.5782759e-23
 263993.4062500   9.5076148e-23
 264877.7812500   9.3937658e-23
 265762.1875000   9.2838484e-23
 266646.5937500   9.1739279e-23
 267531.0000000   9.0443906e-23
 268415.4062500   8.9501886e-23
 269299.7812500   8.8363371e-23
 270184.1875000   8.7264241e-23
 271068.5937500   8.6439957e-23
 271953.0000000   8.5497950e-23
 272837.4062500   8.4712668e-23
 273721.7812500   8.3613772e-23
 274606.1875000   8.2789425e-23
 275490.5937500   8.1611460e-23
 276375.0000000   8.0551736e-23
 277259.4062500   7.9648704e-23
 278143.7812500   7.8746121e-23
 279028.1875000   7.7803855e-23
 279912.5937500   7.7175626e-23
 280797.0000000   7.6194238e-23
 281681.4062500   7.5605565e-23
 282565.7812500   7.4506259e-23
 283892.4062500   7.3289558e-23
 285661.1875000   7.1562135e-23
 287430.0000000   6.9992138e-23
 289198.7812500   6.8421718e-23
 290967.5937500   6.6969431e-23
 292736.4062500   6.5399302e-23
 294505.1875000   6.4025220e-23
 296274.0000000   6.2651384e-23
 298042.7812500   6.1238142e-23
 299811.5937500   5.9903592e-23
 301580.4062500   5.8608156e-23
 303349.1875000   5.7430462e-23
 305118.0000000   5.6095798e-23
 306886.7812500   5.4918155e-23
 308655.5937500   5.3740449e-23
 310424.4062500   5.2602085e-23
 312193.1875000   5.1502760e-23
 313962.0000000   5.0443026e-23
 315730.7812500   4.9382967e-23
 317499.5937500   4.8362389e-23
 319268.4062500   4.7381002e-23
 321037.1875000   4.6399760e-23
 322806.0000000   4.5457602e-23
 324574.7812500   4.4515408e-23
 326343.5937500   4.3612465e-23
 328112.4062500   4.2670458e-23
 329881.1875000   4.1767503e-23
 331650.0000000   4.0943134e-23
 333418.7812500   4.0197300e-23
 335187.5937500   3.9412229e-23
 336956.4062500   3.8615347e-23
 338725.1875000   3.7838064e-23
 340494.0000000   3.7103956e-23
 342262.7812500   3.6393520e-23
 344031.5937500   3.5694807e-23
 345800.4062500   3.4992137e-23
 347569.1875000   3.4309025e-23
 349338.0000000   3.3649594e-23
 351106.7812500   3.3021538e-23
 352875.5937500   3.2401218e-23
 354644.4062500   3.1773153e-23
 356413.1875000   3.1164786e-23
 358182.0000000   3.0591572e-23
 359950.7812500   3.0006751e-23
 361719.5937500   2.9461049e-23
 363488.4062500   2.8903677e-23
 365257.1875000   2.8369685e-23
 367026.0000000   2.7855464e-23
 368794.7812500   2.7333393e-23
 370563.5937500   2.6846682e-23
 372332.4062500   2.6371645e-23
 374101.1875000   2.5892731e-23
 375870.0000000   2.5429550e-23
 377638.7812500   2.4982002e-23
 379407.5937500   2.4542331e-23
 381176.4062500   2.4114530e-23
 382945.1875000   2.3694498e-23
 384714.0000000   2.3278304e-23
 386482.7812500   2.2877962e-23
 388251.5937500   2.2489342e-23
 390020.4062500   2.2108587e-23
 391789.1875000   2.1731701e-23
 393558.0000000   2.1362647e-23
 395326.7812500   2.1001519e-23
 397095.5937500   2.0632539e-23
 398864.4062500   2.0298904e-23
 400633.1875000   1.9953393e-23
 402402.0000000   1.9596199e-23
 404170.7812500   1.9274327e-23
 405939.5937500   1.8956326e-23
 407708.4062500   1.8654057e-23
 409477.1875000   1.8359669e-23
 411246.0000000   1.8069216e-23
 413014.7812500   1.7759083e-23
 414783.5937500   1.7468537e-23
 416552.4062500   1.7181988e-23
 418321.1875000   1.6903260e-23
 420090.0000000   1.6644178e-23
 421858.7812500   1.6381222e-23
 423627.5937500   1.6118173e-23
 425396.4062500   1.5863040e-23
 427165.1875000   1.5607900e-23
 428934.0000000   1.5356662e-23
 430702.7812500   1.5113251e-23
 432471.5937500   1.4893438e-23
 434240.4062500   1.4661811e-23
 436009.1875000   1.4441968e-23
 437778.0000000   1.4226108e-23
 439546.7812500   1.3998403e-23
 441315.5937500   1.3774644e-23
 443084.4062500   1.3558752e-23
 884400.0000000   8.8913035e-25
1768800.0000000   5.6998516e-26
2653200.0000000   1.1309423e-26
3537600.0000000   3.5788990e-27
4422000.0000000   1.4642186e-27
5306400.0000000   7.0502421e-28
6190800.0000000   3.7991258e-28
7075200.0000000   2.2230193e-28
