    370.6430054   8.3684006e-24
    382.8619995   9.5769371e-24
    391.0079956   1.0241090e-23
    399.1539917   5.7378820e-23
    407.2999878   1.5878806e-22
    415.4459839   1.7231047e-22
    423.5919800   1.6362252e-22
    431.7380066   1.6632280e-22
    439.8840027   1.6971933e-22
    448.0299988   1.9389044e-22
    464.3219910   2.0116366e-22
    480.6139832   1.9534948e-22
    492.8330078   2.4758873e-22
    509.1250000   2.5695300e-22
    517.2709961   2.6239616e-22
    521.3439941   2.6653444e-22
    533.5629883   2.5717090e-22
    537.6359863   2.6609818e-22
    545.7819824   2.5412151e-22
    558.0009766   2.8264742e-22
    570.2199707   2.8330113e-22
    582.4389648   3.5799237e-22
    598.7310181   4.4531276e-22
    615.0230103   3.9871181e-22
    631.3150024   4.4988518e-22
    647.6069946   4.5184549e-22
    659.8259888   4.5249879e-22
    676.1179810   4.5532961e-22
    692.4099731   4.5489390e-22
    704.6289673   3.7388776e-22
    720.9210205   4.5837736e-22
    733.1400146   4.5903006e-22
    741.2860107   4.5903006e-22
    757.5780029   4.5968371e-22
    777.9429932   4.6033828e-22
    790.1619873   4.6294967e-22
    806.4539795   4.6186117e-22
    822.7459717   4.6338497e-22
    834.9649658   4.6294967e-22
    855.3300171   4.4879582e-22
    879.7680054   4.6251473e-22
    896.0599976   4.6425678e-22
    908.2789917   4.5859481e-22
    924.5709839   4.5003735e-22
    936.7899780   5.4706360e-22
    953.0819702   7.8656309e-22
    977.5200195   8.0953618e-22
   1001.9580078   7.1469849e-22
   1026.3959961   6.9750390e-22
   1046.7609863   6.1409209e-22
   1058.9799805   6.2768483e-22
   1075.2719727   7.6020488e-22
   1095.6369629   7.4631093e-22
   1116.0019531   7.2534228e-22
   1136.3669434   5.9999473e-22
   1156.7319336   6.8099800e-22
   1181.1700439   6.7092532e-22
   1205.6080322   5.8749938e-22
   1225.9730225   5.1348317e-22
   1254.4840088   5.2156535e-22
   1295.2139893   4.7323849e-22
   1335.9439697   4.5138929e-22
   1376.6739502   3.9456596e-22
   1417.4039307   3.4568291e-22
   1454.0610352   4.3305020e-22
   1490.7180176   6.1582062e-22
   1527.3750000   5.6749528e-22
   1568.1049805   4.1959300e-22
   1608.8349609   5.8180943e-22
   1649.5649414   6.7358548e-22
   1686.2219238   6.3091288e-22
   1718.8060303   5.4363624e-22
   1751.3900146   4.9385606e-22
   1796.1929932   5.4000500e-22
   1836.9229736   5.1967905e-22
   1873.5799561   4.3452670e-22
   1914.3099365   4.2010193e-22
   1955.0400391   4.4922768e-22
   1995.7700195   3.6239636e-22
   2036.5000000   4.2822369e-22
   2060.9379883   3.5933601e-22
   2085.3759766   5.5301336e-22
   2117.9599609   5.0963908e-22
   2158.6899414   4.5330835e-22
   2199.4199219   3.6030789e-22
   2240.1499023   3.3915342e-22
   2280.8798828   4.3443507e-22
   2321.6098633   4.7556367e-22
   2362.3400879   4.5540963e-22
   2403.0700684   4.5580378e-22
   2443.8000488   3.7727746e-22
   2484.5300293   3.6282316e-22
   2525.2600098   4.5884669e-22
   2565.9899902   4.3121308e-22
   2606.7199707   4.7735485e-22
   2647.4499512   4.6255946e-22
   2680.0339355   4.2805446e-22
   2708.5449219   4.8922987e-22
   2749.2749023   5.2513488e-22
   2790.0048828   4.6036660e-22
   2830.7348633   5.5140544e-22
   2871.4650879   4.6046970e-22
   2916.2680664   6.1794734e-22
   2956.9980469   6.5491899e-22
   2993.6550293   6.8918483e-22
   3034.3850098   7.0568452e-22
   3075.1149902   7.4717012e-22
   3115.8449707   7.1929276e-22
   3156.5749512   8.6736642e-22
   3197.3049316   8.6343267e-22
   3238.0349121   1.0178493e-21
   3278.7648926   1.1715906e-21
   3319.4948730   1.3605587e-21
   3360.2248535   1.6086855e-21
   3400.9550781   1.4965509e-21
   3441.6850586   2.1805044e-21
   3482.4150391   2.5490397e-21
   3523.1450195   3.1689701e-21
   3563.8750000   3.8467776e-21
   3604.6049805   4.6962763e-21
   3645.3349609   5.7849712e-21
   3686.0649414   7.0303042e-21
   3726.7949219   8.5392569e-21
   3767.5249023   3.0046072e-20
   3808.2548828   5.5683479e-20
   3848.9848633   8.2063309e-20
   3889.7148438   1.0762249e-19
   3930.4450684   1.1701147e-19
   3971.1750488   5.5374003e-20
   4011.9050293   1.0971229e-19
   4052.6350098   1.0805346e-19
   4093.3649902   1.3674658e-19
   4134.0947266   1.4328700e-19
   4174.8251953   1.0380925e-19
   4215.5551758   1.6355426e-19
   4256.2851562   2.2322960e-19
   4297.0151367   2.1653500e-19
   4337.7451172   1.8521415e-19
   4378.4750977   2.0492579e-19
   4419.2050781   1.8211440e-19
   4459.9350586   2.1381624e-19
   4500.6650391   2.0394175e-19
   4541.3950195   2.0026540e-19
   4582.1250000   1.7620188e-19
   4622.8549805   2.1096012e-19
   4663.5849609   2.0168558e-19
   4704.3149414   2.0290363e-19
   4745.0449219   2.0003158e-19
   4785.7749023   1.3520408e-19
   4826.5048828   1.9296110e-19
   4867.2348633   1.7086435e-19
   4907.9648438   1.4542413e-19
   4948.6948242   1.2068846e-19
   4989.4248047   2.6665152e-19
   5030.1547852   3.1419603e-19
   5070.8847656   3.2174927e-19
   5111.6147461   3.1593815e-19
   5152.3447266   3.1298819e-19
   5193.0747070   3.5361085e-19
   5233.8051758   3.6123003e-19
   5274.5351562   3.1481623e-19
   5315.2651367   3.2298381e-19
   5355.9951172   3.6675627e-19
   5396.7250977   3.5280882e-19
   5437.4550781   3.3702269e-19
   5478.1850586   3.6357444e-19
   5518.9150391   3.5851473e-19
   5559.6450195   3.3774581e-19
   5600.3750000   3.3678007e-19
   5641.1049805   3.3517906e-19
   5681.8349609   2.5178636e-19
   5722.5649414   2.4844595e-19
   5763.2949219   3.2141879e-19
   5804.0249023   3.1380715e-19
   5844.7548828   3.2990106e-19
   5873.2661133   3.3499512e-19
   5893.6308594   3.3472011e-19
   5926.2148438   3.2605374e-19
   5966.9448242   3.1163032e-19
   6007.6748047   3.1922138e-19
   6048.4047852   3.2348919e-19
   6089.1347656   3.2195705e-19
   6129.8647461   3.0579102e-19
   6158.3759766   2.8285358e-19
   6178.7407227   2.9215231e-19
   6211.3247070   2.9274568e-19
   6252.0546875   2.5374569e-19
   6292.7851562   2.2814368e-19
   6333.5151367   2.2869941e-19
   6374.2451172   2.5568771e-19
   6414.9750977   2.7127003e-19
   6455.7050781   2.7604731e-19
   6496.4350586   2.7684983e-19
   6537.1650391   2.7301740e-19
   6577.8950195   2.6937762e-19
   6618.6250000   2.6690342e-19
   6659.3549805   2.8050312e-19
   6700.0849609   2.8143231e-19
   6740.8149414   2.7849737e-19
   6781.5449219   2.8729684e-19
   6810.0561523   2.6958119e-19
   6830.4208984   2.9945163e-19
   6863.0048828   2.9575799e-19
   6903.7348633   2.8326255e-19
   6944.4648438   2.7741459e-19
   6985.1948242   2.6323299e-19
   7025.9248047   2.5924497e-19
   7066.6547852   2.7211006e-19
   7107.3847656   2.6704880e-19
   7148.1147461   2.7184249e-19
   7188.8447266   2.6461929e-19
   7229.5747070   2.5752578e-19
   7270.3046875   2.6452747e-19
   7311.0351562   2.7036964e-19
   7351.7651367   2.7272142e-19
   7392.4951172   2.5219473e-19
   7433.2250977   2.5864565e-19
   7473.9550781   2.5348392e-19
   7514.6850586   2.3697742e-19
   7555.4150391   2.3691394e-19
   7596.1450195   2.4025644e-19
   7636.8750000   2.4971492e-19
   7677.6049805   2.2913877e-19
   7718.3349609   2.1853460e-19
   7759.0649414   2.3329394e-19
   7799.7949219   2.2112197e-19
   7840.5249023   2.1188774e-19
   7881.2548828   2.2444564e-19
   7921.9848633   2.2819476e-19
   7962.7148438   2.0914555e-19
   8011.5908203   2.2525638e-19
   8048.2480469   2.3185270e-19
   8080.8320312   2.1999155e-19
   8125.6347656   2.1554539e-19
   8166.3647461   2.2269982e-19
   8207.0947266   2.1898808e-19
   8247.8251953   2.2568811e-19
   8288.5546875   2.1058059e-19
   8329.2851562   2.1395620e-19
   8370.0146484   1.9159899e-19
   8410.7451172   2.0022934e-19
   8447.4023438   2.1983896e-19
   8463.6943359   2.0381640e-19
   8492.2050781   2.1156229e-19
   8532.9345703   2.0150497e-19
   8573.6650391   2.0595527e-19
   8614.3945312   2.0788729e-19
   8655.1250000   2.0836899e-19
   8695.8544922   2.0374301e-19
   8736.5849609   1.9834411e-19
   8777.3144531   2.0488169e-19
   8818.0449219   2.0140144e-19
   8858.7744141   2.0104088e-19
   8899.5048828   1.9544988e-19
   8940.2353516   2.0029443e-19
   8980.9648438   1.9845214e-19
   9021.6953125   1.9377210e-19
   9062.4248047   1.9051572e-19
   9103.1552734   1.9227924e-19
   9143.8847656   1.9110148e-19
   9184.6152344   1.8626647e-19
   9225.3447266   1.8961755e-19
   9266.0751953   1.8997013e-19
   9306.8046875   1.9005943e-19
   9347.5351562   1.7977015e-19
   9388.2646484   1.8370977e-19
   9428.9951172   1.7938921e-19
   9469.7246094   1.5786810e-19
   9510.4550781   1.7354079e-19
   9551.1845703   1.7350116e-19
   9591.9150391   1.7413705e-19
   9632.6445312   1.7050826e-19
   9673.3750000   1.6881759e-19
   9714.1044922   1.6409534e-19
   9754.8349609   1.6676677e-19
   9795.5644531   1.6305940e-19
   9836.2949219   1.6311025e-19
   9877.0244141   1.6408019e-19
   9917.7548828   1.5929444e-19
   9958.4853516   1.6137097e-19
   9999.2148438   1.5992251e-19
  10039.9453125   1.5797768e-19
  10080.6748047   1.5528258e-19
  10121.4052734   1.5452269e-19
  10162.1347656   1.3271436e-19
  10202.8652344   1.5139835e-19
  10235.4492188   1.4436335e-19
  10255.8134766   1.5006841e-19
  10284.3251953   1.4803913e-19
  10325.0546875   1.4768586e-19
  10365.7851562   1.4437287e-19
  10406.5146484   1.4640139e-19
  10447.2451172   1.4503570e-19
  10487.9746094   1.4651397e-19
  10528.7050781   1.4524607e-19
  10569.4345703   1.4384060e-19
  10610.1650391   1.4207822e-19
  10650.8945312   1.4036891e-19
  10691.6250000   1.4055272e-19
  10732.3544922   1.4031404e-19
  10773.0849609   1.4132956e-19
  10813.8144531   1.4084995e-19
  10854.5449219   1.3600748e-19
  10895.2744141   1.3683368e-19
  10936.0048828   1.3651735e-19
  10976.7353516   1.3310367e-19
  11017.4648438   1.3235230e-19
  11058.1953125   1.3104630e-19
  11098.9248047   1.3085076e-19
  11139.6552734   1.3067329e-19
  11180.3847656   1.2681069e-19
  11221.1152344   1.2634317e-19
  11261.8447266   1.2612750e-19
  11302.5751953   1.2745333e-19
  11343.3046875   1.2567961e-19
  11384.0351562   1.1881148e-19
  11424.7646484   1.2109197e-19
  11465.4951172   1.2342381e-19
  11506.2246094   1.2218979e-19
  11546.9550781   1.1794275e-19
  11587.6845703   1.1798575e-19
  11628.4150391   1.1689232e-19
  11669.1445312   1.1760292e-19
  11709.8750000   1.1613295e-19
  11750.6044922   1.1543325e-19
  11791.3349609   1.1409558e-19
  11852.4296875   1.1372139e-19
  11933.8896484   1.1221020e-19
  12015.3496094   1.0994237e-19
  12096.8095703   1.0915814e-19
  12178.2695312   1.0757854e-19
  12259.7294922   1.0574232e-19
  12341.1894531   1.0522531e-19
  12422.6494141   1.0402740e-19
  12504.1093750   1.0273705e-19
  12585.5703125   1.0076018e-19
  12667.0302734   9.9799651e-20
  12748.4902344   9.7968764e-20
  12829.9501953   9.6917728e-20
  12911.4101562   9.4975644e-20
  12992.8701172   9.2844258e-20
  13074.3300781   9.1882079e-20
  13155.7900391   9.0327263e-20
  13237.2500000   8.9274650e-20
  13318.7099609   8.7606453e-20
  13400.1699219   8.6267467e-20
  13481.6298828   8.4945956e-20
  13563.0898438   8.3256562e-20
  13644.5498047   8.1626222e-20
  13726.0097656   8.0244604e-20
  13807.4697266   7.9087566e-20
  13888.9296875   7.7897595e-20
  13970.3896484   7.6032846e-20
  14051.8496094   7.4784973e-20
  14133.3095703   7.3872903e-20
  14214.7695312   7.2703903e-20
  14296.2294922   7.1740929e-20
  14377.6894531   7.0681362e-20
  14459.1494141   6.9672622e-20
  14540.6093750   6.8412160e-20
  14622.0703125   6.6866618e-20
  14703.5302734   6.5926217e-20
  14784.9902344   6.5147659e-20
  14825.7197266   6.4796967e-20
  14866.4501953   6.4609132e-20
  14947.9101562   6.3427182e-20
  15029.3701172   6.0934228e-20
  15110.8300781   6.1942005e-20
  15192.2900391   6.1296041e-20
  15273.7500000   6.6782091e-20
  15355.2099609   6.6770368e-20
  15436.6699219   7.0558228e-20
  15518.1298828   7.4288703e-20
  15599.5898438   6.5428364e-20
  15681.0498047   7.4968465e-20
  15762.5097656   7.5678709e-20
  15843.9697266   6.1961599e-20
  15925.4296875   7.5239928e-20
  16006.8896484   7.1813120e-20
  16088.3496094   7.2425362e-20
  16169.8095703   5.7274083e-20
  16251.2695312   7.1380452e-20
  16332.7294922   7.2273478e-20
  16414.1894531   7.0241625e-20
  16495.6503906   7.0778278e-20
  16577.1093750   6.8479795e-20
  16658.5703125   6.4370652e-20
  16740.0292969   5.7049400e-20
  16821.4902344   6.5662108e-20
  16902.9492188   6.5960681e-20
  16984.4101562   6.5505712e-20
  17065.8691406   6.5070732e-20
  17147.3300781   6.4604874e-20
  17228.7890625   6.3679504e-20
  17310.2500000   6.2889069e-20
  17391.7089844   6.1211566e-20
  17473.1699219   6.0999290e-20
  17554.6289062   5.9074389e-20
  17636.0898438   5.4967425e-20
  17717.5488281   5.0552177e-20
  17799.0097656   5.8069895e-20
  17880.4707031   5.7143181e-20
  17961.9296875   5.7128628e-20
  18043.3906250   5.6911765e-20
  18124.8496094   5.6573344e-20
  18206.3105469   5.5072780e-20
  18287.7695312   5.5451636e-20
  18369.2304688   5.5800984e-20
  18450.6894531   5.4369593e-20
  18532.1503906   5.3748749e-20
  18613.6093750   5.3973706e-20
  18695.0703125   5.2875433e-20
  18776.5292969   5.2507952e-20
  18857.9902344   5.1516599e-20
  18939.4492188   5.0816846e-20
  19020.9101562   5.0909997e-20
  19102.3691406   5.0232598e-20
  19183.8300781   4.8956517e-20
  19265.2890625   4.9370427e-20
  19346.7500000   4.9128609e-20
  19428.2089844   4.8914392e-20
  19509.6699219   4.8190476e-20
  19591.1289062   4.7372298e-20
  19672.5898438   4.6850899e-20
  19754.0488281   4.3441791e-20
  19835.5097656   3.8817719e-20
  19916.9707031   4.5207970e-20
  19998.4296875   4.5097910e-20
  20079.8906250   4.4048696e-20
  20161.3496094   4.4449213e-20
  20242.8105469   4.3879169e-20
  20324.2695312   4.2851342e-20
  20405.7304688   4.1302566e-20
  20487.1894531   4.2002073e-20
  20568.6503906   4.1361380e-20
  20650.1093750   4.1786437e-20
  20731.5703125   4.0958452e-20
  20813.0292969   4.0708818e-20
  20894.4902344   3.9875560e-20
  20975.9492188   3.9223179e-20
  21057.4101562   3.8384405e-20
  21138.8691406   3.8250618e-20
  21220.3300781   3.8054577e-20
  21301.7890625   3.8135217e-20
  21383.2500000   3.8184657e-20
  21464.7089844   3.7026339e-20
  21546.1699219   3.7755260e-20
  21627.6289062   3.7678898e-20
  21709.0898438   3.6606910e-20
  21790.5488281   3.6932464e-20
  21872.0097656   3.6697218e-20
  21953.4707031   3.6055640e-20
  22034.9296875   3.5630617e-20
  22116.3906250   3.5391688e-20
  22197.8496094   3.5308321e-20
  22279.3105469   3.4628918e-20
  22360.7695312   3.4355493e-20
  22442.2304688   3.4080933e-20
  22523.6894531   3.4088565e-20
  22605.1503906   3.4032469e-20
  22686.6093750   3.3661149e-20
  22768.0703125   3.3098950e-20
  22849.5292969   3.3104040e-20
  22930.9902344   3.2602510e-20
  23012.4492188   3.2384741e-20
  23093.9101562   3.1976017e-20
  23175.3691406   3.2073489e-20
  23256.8300781   3.1662988e-20
  23338.2890625   3.2173090e-20
  23419.7500000   3.1430233e-20
  23501.2089844   3.1430647e-20
  23582.6699219   3.0825319e-20
  23664.1289062   3.1019247e-20
  23745.5898438   3.1069831e-20
  23827.0488281   3.0515646e-20
  23908.5097656   2.9835157e-20
  23989.9707031   2.9044056e-20
  24071.4296875   2.9585805e-20
  24152.8906250   2.9434815e-20
  24234.3496094   2.9161005e-20
  24315.8105469   2.9269424e-20
  24397.2695312   2.8807641e-20
  24478.7304688   2.8628543e-20
  24560.1894531   2.8758466e-20
  24641.6503906   2.8756194e-20
  24723.1093750   2.8666287e-20
  24804.5703125   2.8087541e-20
  24886.0292969   2.7967283e-20
  24967.4902344   2.7263278e-20
  25048.9492188   2.7067141e-20
  25130.4101562   2.6529303e-20
  25211.8691406   2.6673117e-20
  25293.3300781   2.6341801e-20
  25374.7890625   2.5772377e-20
  25456.2500000   2.5240638e-20
  25537.7089844   2.5725448e-20
  25619.1699219   2.5910612e-20
  25700.6289062   2.5550359e-20
  25782.0898438   2.5712344e-20
  25863.5488281   2.5459070e-20
  25945.0097656   2.5332812e-20
  26026.4687500   2.5461865e-20
  26107.9296875   2.5233432e-20
  26189.3906250   2.5188257e-20
  26270.8496094   2.5057509e-20
  26352.3105469   2.4975659e-20
  26433.7695312   2.4518326e-20
  26515.2304688   2.4689270e-20
  26596.6894531   2.4448326e-20
  26678.1503906   2.3606434e-20
  26759.6093750   2.1498666e-20
  26841.0703125   2.3861078e-20
  26922.5292969   2.4041371e-20
  27003.9902344   2.3818257e-20
  27085.4492188   2.3574628e-20
  27166.9101562   2.3082047e-20
  27248.3691406   2.3125781e-20
  27329.8300781   2.2658493e-20
  27411.2890625   2.2764922e-20
  27492.7500000   2.2449296e-20
  27574.2089844   2.2472279e-20
  27655.6699219   2.2208938e-20
  27737.1289062   2.2264996e-20
  27818.5898438   2.2290925e-20
  27900.0488281   2.2036675e-20
  27981.5097656   2.2145725e-20
  28062.9687500   2.2298267e-20
  28144.4296875   2.2216937e-20
  28225.8906250   2.1994904e-20
  28307.3496094   2.1772413e-20
  28388.8105469   2.1864405e-20
  28470.2695312   2.1708441e-20
  28551.7304688   2.1471584e-20
  28633.1894531   2.1482714e-20
  28714.6503906   2.1285588e-20
  28796.1093750   2.0604030e-20
  28877.5703125   2.0207392e-20
  28959.0292969   1.9557695e-20
  29040.4902344   1.9233752e-20
  29121.9492188   1.9303652e-20
  29203.4101562   1.9376871e-20
  29284.8691406   1.9261141e-20
  29366.3300781   1.9587524e-20
  29447.7890625   1.9698032e-20
  29529.2500000   1.9832234e-20
  29610.7089844   1.9824482e-20
  29692.1699219   1.9644037e-20
  29773.6289062   1.9944208e-20
  29855.0898438   1.9922673e-20
  29936.5488281   1.9968925e-20
  30018.0097656   2.0222128e-20
  30099.4687500   1.9956038e-20
  30180.9296875   1.9890064e-20
  30262.3906250   1.9929326e-20
  30343.8496094   1.9900461e-20
  30425.3105469   1.9840856e-20
  30506.7695312   1.9723309e-20
  30588.2304688   1.9813343e-20
  30669.6894531   1.9903434e-20
  30751.1503906   1.9898103e-20
  30832.6093750   1.9749226e-20
  30914.0703125   1.9501088e-20
  30995.5292969   1.9317477e-20
  31076.9902344   1.9157626e-20
  31158.4492188   1.8959839e-20
  31239.9101562   1.8511901e-20
  31321.3691406   1.8666200e-20
  31402.8300781   1.8419611e-20
  31484.2890625   1.8364765e-20
  31565.7500000   1.8272085e-20
  31647.2089844   1.8285651e-20
  31728.6699219   1.8360975e-20
  31810.1289062   1.8322954e-20
  31891.5898438   1.8267591e-20
  31973.0488281   1.8016058e-20
  32054.5097656   1.7994788e-20
  32135.9687500   1.7536040e-20
  32217.4296875   1.7283495e-20
  32298.8886719   1.7340974e-20
  32380.3496094   1.7188041e-20
  32461.8105469   1.7480139e-20
  32543.2695312   1.7420283e-20
  32624.7304688   1.7529571e-20
  32706.1894531   1.7486895e-20
  32787.6484375   1.7378333e-20
  32869.1093750   1.7234983e-20
  32950.5703125   1.6966791e-20
  33032.0312500   1.6864641e-20
  33113.4882812   1.7039599e-20
  33194.9492188   1.7006554e-20
  33276.4101562   1.7025535e-20
  33357.8710938   1.6825800e-20
  33439.3281250   1.6712679e-20
  33520.7890625   1.6790442e-20
  33602.2500000   1.6784839e-20
  33683.7109375   1.6817378e-20
  33765.1679688   1.6676019e-20
  33846.6289062   1.6259385e-20
  33928.0898438   1.6253388e-20
  34009.5507812   1.6198445e-20
  34091.0078125   1.6227141e-20
  34172.4687500   1.6015163e-20
  34253.9296875   1.6260101e-20
  34335.3906250   1.5998995e-20
  34416.8515625   1.5873785e-20
  34498.3085938   1.5772950e-20
  34579.7695312   1.6021566e-20
  34661.2304688   1.5297907e-20
  34742.6914062   1.5948976e-20
  34824.1484375   1.4835870e-20
  34905.6093750   1.6247465e-20
  34987.0703125   1.5715144e-20
  35068.5312500   1.5718803e-20
  35149.9882812   1.6308304e-20
  35231.4492188   1.6052416e-20
  35312.9101562   1.4620157e-20
  35394.3710938   1.5856086e-20
  35475.8281250   1.6214604e-20
  35557.2890625   1.6060101e-20
  35638.7500000   1.5173785e-20
  35720.2109375   1.5919443e-20
  35801.6679688   1.6130649e-20
  35883.1289062   1.5901694e-20
  35964.5898438   1.5912173e-20
  36046.0507812   1.5654663e-20
  36127.5078125   1.4889068e-20
  36208.9687500   1.5766924e-20
  36290.4296875   1.5953669e-20
  36371.8906250   1.5692109e-20
  36453.3476562   1.5688181e-20
  36534.8085938   1.5652393e-20
  36616.2695312   1.5489298e-20
  36697.7304688   1.4586742e-20
  36779.1914062   1.5123619e-20
  36860.6484375   1.5692728e-20
  36942.1093750   1.5486781e-20
  37023.5703125   1.5099927e-20
  37105.0312500   1.5130928e-20
  37186.4882812   1.5293138e-20
  37267.9492188   1.5164524e-20
  37349.4101562   1.4957821e-20
  37430.8710938   1.4860846e-20
  37512.3281250   1.4287918e-20
  37593.7890625   1.3579499e-20
  37675.2500000   1.4121663e-20
  37756.7109375   1.4376166e-20
  37838.1679688   1.4420999e-20
  37919.6289062   1.4480084e-20
  38001.0898438   1.4393224e-20
  38082.5507812   1.4366825e-20
  38164.0078125   1.4194288e-20
  38245.4687500   1.4256828e-20
  38326.9296875   1.3959245e-20
  38408.3906250   1.4189366e-20
  38489.8476562   1.3969977e-20
  38571.3085938   1.4085986e-20
  38652.7695312   1.4066389e-20
  38734.2304688   1.3875202e-20
  38815.6914062   1.3762562e-20
  38897.1484375   1.3006238e-20
  38978.6093750   1.3622687e-20
  39060.0703125   1.3899660e-20
  39141.5312500   1.3750962e-20
  39222.9882812   1.3741725e-20
  39304.4492188   1.3632203e-20
  39385.9101562   1.3551201e-20
  39467.3710938   1.3656532e-20
  39548.8281250   1.3586241e-20
  39630.2890625   1.3533774e-20
  39711.7500000   1.3438239e-20
  39793.2109375   1.3443080e-20
  39874.6679688   1.3282747e-20
  39956.1289062   1.3477899e-20
  40037.5898438   1.3371303e-20
  40119.0507812   1.3422844e-20
  40200.5078125   1.3337695e-20
  40281.9687500   1.3281230e-20
  40363.4296875   1.3213973e-20
  40444.8906250   1.3232964e-20
  40526.3476562   1.3205213e-20
  40607.8085938   1.3184583e-20
  40689.2695312   1.3106297e-20
  40831.8242188   1.2837915e-20
  41035.4726562   1.2579668e-20
  41239.1250000   1.2794181e-20
  41442.7734375   1.2669155e-20
  41646.4257812   1.2619898e-20
  41850.0742188   1.2570114e-20
  42053.7226562   1.2367829e-20
  42257.3750000   1.2248691e-20
  42461.0234375   1.2208788e-20
  42664.6757812   1.2071073e-20
  42868.3242188   1.2009153e-20
  43071.9726562   1.1863212e-20
  43275.6250000   1.1775021e-20
  43479.2734375   1.1558849e-20
  43682.9257812   1.1507135e-20
  43886.5742188   1.1392334e-20
  44090.2226562   1.1149643e-20
  44293.8750000   1.0954186e-20
  44497.5234375   1.0538023e-20
  44701.1757812   1.0451374e-20
  44904.8242188   1.0360885e-20
  45108.4726562   1.0251845e-20
  45312.1250000   1.0197420e-20
  45515.7734375   1.0135536e-20
  45719.4257812   1.0084607e-20
  45923.0742188   9.9857090e-21
  46126.7226562   9.9382382e-21
  46330.3750000   9.8907343e-21
  46534.0234375   9.8239346e-21
  46737.6757812   9.8649649e-21
  46941.3242188   9.8239782e-21
  47144.9726562   9.7243466e-21
  47348.6250000   9.6164294e-21
  47552.2734375   9.5751293e-21
  47755.9257812   9.6042737e-21
  47959.5742188   9.4886009e-21
  48163.2226562   9.4174012e-21
  48366.8750000   9.2827953e-21
  48570.5234375   9.3602094e-21
  48774.1757812   9.1170595e-21
  48977.8242188   9.1978170e-21
  49181.4726562   9.0962629e-21
  49385.1250000   9.0536178e-21
  49588.7734375   9.0370516e-21
  49792.4257812   8.9576269e-21
  49996.0742188   8.8886171e-21
  50199.7226562   8.8082917e-21
  50403.3750000   8.7653026e-21
  50607.0234375   8.6847946e-21
  50810.6757812   8.6379305e-21
  51014.3242188   8.5384693e-21
  51217.9726562   8.4989246e-21
  51421.6250000   8.4440091e-21
  51625.2734375   8.3589598e-21
  51828.9257812   8.3302282e-21
  52032.5742188   8.2826217e-21
  52236.2226562   7.9488018e-21
  52439.8750000   8.1269590e-21
  52643.5234375   8.0374046e-21
  52847.1757812   8.0687050e-21
  53050.8242188   7.9676412e-21
  53254.4726562   7.9762886e-21
  53458.1250000   7.8637314e-21
  53661.7734375   7.8266577e-21
  53865.4257812   7.8008867e-21
  54069.0742188   7.6953315e-21
  54272.7226562   7.7110972e-21
  54476.3750000   7.6318882e-21
  54680.0234375   7.6400712e-21
  54883.6757812   7.5796789e-21
  55087.3242188   7.5420236e-21
  55290.9726562   7.4359538e-21
  55494.6250000   7.4019377e-21
  55698.2734375   7.3907303e-21
  55901.9257812   7.3718958e-21
  56105.5742188   7.3263863e-21
  56309.2226562   7.3034167e-21
  56512.8750000   7.2194490e-21
  56716.5234375   7.1204168e-21
  56920.1757812   7.0973139e-21
  57123.8242188   6.9787766e-21
  57327.4726562   6.9326492e-21
  57531.1250000   6.7909848e-21
  57734.7734375   6.7562093e-21
  57938.4257812   6.6714083e-21
  58142.0742188   6.5944458e-21
  58345.7226562   6.6589974e-21
  58549.3750000   6.6620981e-21
  58753.0234375   6.5158245e-21
  58956.6757812   6.5880776e-21
  59160.3242188   6.5144795e-21
  59343.6093750   6.5326149e-21
  59547.2578125   6.4586715e-21
  59771.2734375   6.4352846e-21
  59974.9257812   6.3535355e-21
  60178.5742188   6.3718664e-21
  60382.2226562   6.3633090e-21
  60585.8750000   6.3352850e-21
  60789.5234375   6.4152211e-21
  60993.1757812   6.3563822e-21
  61196.8242188   6.3400724e-21
  61400.4726562   6.2965622e-21
  61604.1250000   6.3416872e-21
  61807.7734375   6.3482917e-21
  62011.4257812   6.3394318e-21
  62215.0742188   6.3344498e-21
  62418.7226562   6.2908402e-21
  62622.3750000   6.3321968e-21
  62826.0234375   6.3076330e-21
  63029.6757812   6.3139799e-21
  63233.3242188   6.2509336e-21
  63436.9726562   5.9750188e-21
  63640.6250000   6.0313604e-21
  63844.2734375   6.0339566e-21
  64047.9257812   6.1256751e-21
  64251.5742188   5.7596453e-21
  64455.2226562   5.7000814e-21
  64658.8750000   5.7060175e-21
  64862.5234375   5.8947399e-21
  65066.1757812   5.6950016e-21
  65371.6484375   5.7528449e-21
  65778.9531250   5.8308329e-21
  66186.2500000   5.6642711e-21
  66593.5468750   5.8045929e-21
  67000.8515625   5.5481350e-21
  67408.1484375   5.6574089e-21
  67815.4531250   5.5287977e-21
  68222.7500000   5.4898184e-21
  68630.0468750   5.3687172e-21
  69037.3515625   5.3800231e-21
  69444.6484375   5.2860573e-21
  69851.9453125   5.2229198e-21
  70259.2500000   5.1287238e-21
  70666.5468750   4.9948158e-21
  71073.8515625   4.9745002e-21
  71481.1484375   4.9031393e-21
  71888.4453125   4.8316783e-21
  72295.7500000   4.7443921e-21
  72703.0468750   4.7041822e-21
  73110.3515625   4.6203159e-21
  73517.6484375   4.5287856e-21
  73924.9453125   4.4446870e-21
  74332.2500000   4.3841606e-21
  74739.5468750   4.3120360e-21
  75146.8515625   4.2316282e-21
  75554.1484375   4.1787537e-21
  75961.4453125   4.0783979e-21
  76368.7500000   3.9897982e-21
  76776.0468750   3.9683558e-21
  77183.3515625   3.8460510e-21
  77590.6484375   3.8617242e-21
  77997.9453125   3.7866685e-21
  78405.2500000   3.7334627e-21
  78812.5468750   3.6439612e-21
  79219.8515625   3.5529051e-21
  79627.1484375   3.5419833e-21
  80034.4453125   3.4734473e-21
  80441.7500000   3.4030828e-21
  80849.0468750   3.3566666e-21
  81256.3515625   3.3078171e-21
  81663.6484375   3.2756223e-21
  82070.9453125   3.2280513e-21
  82478.2500000   3.1487706e-21
  82885.5468750   3.0997049e-21
  83292.8515625   3.0785271e-21
  83700.1484375   3.0199932e-21
  84107.4453125   2.9668038e-21
  84514.7500000   2.9277397e-21
  84922.0468750   2.8794484e-21
  85329.3515625   2.8297037e-21
  85736.6484375   2.8069292e-21
  86143.9453125   2.7549139e-21
  86551.2500000   2.7124621e-21
  86958.5468750   2.6881859e-21
  87365.8515625   2.6444617e-21
  87773.1484375   2.6023056e-21
  88180.4453125   2.5442862e-21
  88587.7500000   2.5168907e-21
  88995.0468750   2.4870690e-21
  89402.3515625   2.4564134e-21
  89809.6484375   2.4040421e-21
  90216.9453125   2.3908387e-21
  90624.2500000   2.3387970e-21
  91031.5468750   2.3092290e-21
  91438.8515625   2.2778724e-21
  91846.1484375   2.2486594e-21
  92253.4453125   2.2073482e-21
  92660.7500000   2.1933845e-21
  93068.0468750   2.1506504e-21
  93475.3515625   1.8156893e-21
  93882.6484375   1.9399096e-21
  94289.9453125   1.9272904e-21
  94697.2500000   1.6495591e-21
  95104.5468750   1.7859760e-21
  95511.8515625   1.6824988e-21
  95919.1484375   1.5125281e-21
  96326.4453125   1.6490520e-21
  96733.7500000   1.5538833e-21
  97141.0468750   1.4378881e-21
  97548.3515625   1.5453965e-21
  97955.6484375   1.4990769e-21
  98362.9453125   1.3931501e-21
  98770.2500000   1.4726939e-21
  99177.5468750   1.4230429e-21
  99584.8515625   1.3765947e-21
  99992.1484375   1.3876360e-21
 100399.4453125   1.3922937e-21
 100806.7500000   1.3616167e-21
 101214.0468750   1.2337883e-21
 101621.3515625   1.2305684e-21
 102028.6484375   1.2648585e-21
 102435.9453125   1.2251219e-21
 102843.2500000   1.2670768e-21
 103250.5468750   1.2786205e-21
 103657.8515625   1.2820224e-21
 104065.1484375   1.2842032e-21
 104472.4453125   1.2895554e-21
 104879.7500000   1.2978620e-21
 105287.0468750   1.2592492e-21
 105694.3515625   1.2601068e-21
 106101.6484375   1.2622836e-21
 106508.9453125   1.2346393e-21
 106916.2500000   1.2155499e-21
 107323.5468750   1.2200801e-21
 107730.8515625   1.2095590e-21
 108138.1484375   1.1900261e-21
 108545.4453125   1.1708036e-21
 108952.7500000   1.1770420e-21
 109360.0468750   1.1664871e-21
 109767.3515625   1.1370691e-21
 110174.6484375   1.1403446e-21
 110581.9453125   1.1268876e-21
 110989.2500000   1.1208067e-21
 111396.5468750   1.0920609e-21
 111803.8515625   1.0925310e-21
 112211.1484375   1.0819070e-21
 112618.4453125   1.0675770e-21
 113025.7500000   1.0469888e-21
 113433.0468750   1.0457893e-21
 113840.3515625   1.0392466e-21
 114247.6484375   1.0268562e-21
 114654.9453125   1.0083499e-21
 115062.2500000   1.0030146e-21
 115469.5468750   9.9726054e-22
 115876.8515625   9.8442339e-22
 116284.1484375   9.7170892e-22
 116691.4453125   9.6098425e-22
 117098.7500000   9.4778550e-22
 117506.0468750   9.4119017e-22
 117913.3515625   9.3046318e-22
 118320.6484375   9.1974134e-22
 118727.9453125   9.1108159e-22
 119135.2500000   8.9540878e-22
 119542.5468750   8.9128135e-22
 119949.8515625   8.7767427e-22
 120357.1484375   8.6736259e-22
 120764.4453125   8.5993593e-22
 121171.7500000   8.4962748e-22
 121579.0468750   8.3807951e-22
 121986.3515625   8.2817849e-22
 122393.6484375   8.1786983e-22
 122800.9453125   8.1044328e-22
 123208.2500000   7.9972295e-22
 123615.5468750   7.8569996e-22
 124022.8515625   7.8075015e-22
 124430.1484375   7.7167545e-22
 124837.4453125   7.6301454e-22
 125244.7500000   7.5559147e-22
 125652.0468750   7.4445473e-22
 126059.3515625   7.3620604e-22
 126466.6484375   7.3001779e-22
 126873.9453125   7.1847184e-22
 127281.2500000   7.1228253e-22
 127688.5468750   7.0403460e-22
 128095.8515625   6.9620012e-22
 128503.1484375   6.8753724e-22
 128910.4453125   6.7846354e-22
 129317.7500000   6.7268974e-22
 129725.0468750   6.6485359e-22
 130132.3515625   6.5742905e-22
 130743.2968750   6.4546735e-22
 131557.9062500   6.3103208e-22
 132372.5000000   6.1659731e-22
 133187.0937500   6.0257472e-22
 134001.7031250   5.8731363e-22
 134816.2968750   5.7576728e-22
 135630.9062500   5.6339280e-22
 136445.5000000   5.5225605e-22
 137260.0937500   5.3947166e-22
 138074.7031250   5.2792364e-22
 138889.2968750   5.1596299e-22
 139703.8906250   5.0606379e-22
 140518.5000000   4.9616488e-22
 141333.0937500   4.8544152e-22
 142147.7031250   4.7595646e-22
 142962.2968750   4.6647024e-22
 143776.8906250   4.5615825e-22
 144591.5000000   4.4749684e-22
 145406.0937500   4.3801193e-22
 146220.7031250   4.2934985e-22
 147035.2968750   4.2151388e-22
 147849.8906250   4.1326517e-22
 148664.5000000   4.0402643e-22
 149479.0937500   3.9631309e-22
 150293.7031250   3.8674440e-22
 151108.2968750   3.7890809e-22
 151922.8906250   3.7259769e-22
 152737.5000000   3.6303036e-22
 153552.0937500   3.5886444e-22
 154366.7031250   3.5177067e-22
 155181.2968750   3.4554175e-22
 155995.8906250   3.3976764e-22
 156810.5000000   3.3370586e-22
 157625.0937500   3.2656968e-22
 158439.7031250   3.2075458e-22
 159254.2968750   3.1489780e-22
 160068.8906250   3.0974188e-22
 160883.5000000   3.0289591e-22
 161698.0937500   2.9757557e-22
 162512.7031250   2.9097678e-22
 163327.2968750   2.8635711e-22
 164141.8906250   2.8161405e-22
 164956.5000000   2.7579887e-22
 165771.0937500   2.7155016e-22
 166585.7031250   2.6684834e-22
 167400.2968750   2.6235350e-22
 168214.8906250   2.5798084e-22
 169029.5000000   2.5315574e-22
 169844.0937500   2.4820601e-22
 170658.7031250   2.4424716e-22
 171473.2968750   2.3971049e-22
 172287.8906250   2.3653448e-22
 173102.5000000   2.3187409e-22
 173917.0937500   2.2836821e-22
 174731.7031250   2.1785039e-22
 175546.2968750   2.0877753e-22
 176360.8906250   2.0877753e-22
 177175.5000000   1.9986825e-22
 177990.0937500   1.9500144e-22
 178804.7031250   1.9075350e-22
 179619.2968750   1.8250512e-22
 180433.8906250   1.8101955e-22
 181248.5000000   1.7697821e-22
 182063.0937500   1.7091539e-22
 182877.7031250   1.7124522e-22
 183692.2968750   1.6679094e-22
 184506.8906250   1.6221299e-22
 185321.5000000   1.6175911e-22
 186136.0937500   1.5899531e-22
 186950.7031250   1.5396381e-22
 187765.2968750   1.5437617e-22
 188579.8906250   1.5087067e-22
 189394.5000000   1.4860193e-22
 190209.0937500   1.4724094e-22
 191023.7031250   1.4476652e-22
 191838.2968750   1.4208571e-22
 192652.8906250   1.4183821e-22
 193467.5000000   1.3895082e-22
 194282.0937500   1.3709535e-22
 195096.7031250   1.3503317e-22
 195911.2968750   1.3226978e-22
 196725.8906250   1.3231105e-22
 197540.5000000   1.2975372e-22
 198355.0937500   1.2732018e-22
 199169.7031250   1.2591774e-22
 199984.2968750   1.2385550e-22
 200798.8906250   1.2220589e-22
 201613.5000000   1.2014376e-22
 202428.0937500   1.1944244e-22
 203242.7031250   1.1725687e-22
 204057.2968750   1.1614315e-22
 204871.8906250   1.1453437e-22
 205686.5000000   1.1218359e-22
 206501.0937500   1.1111125e-22
 207315.7031250   1.0958516e-22
 208130.2968750   1.0781171e-22
 208944.8906250   1.0624459e-22
 209759.5000000   1.0484244e-22
 210574.0937500   1.0438850e-22
 211388.7031250   1.0257384e-22
 212203.2968750   1.0117169e-22
 213017.8906250   9.9727796e-23
 213832.5000000   9.8820498e-23
 214647.0937500   9.8367137e-23
 215461.7031250   9.6057081e-23
 216276.2968750   9.4572318e-23
 217090.8906250   9.3871324e-23
 217905.5000000   9.2634093e-23
 218720.0937500   9.1438060e-23
 219534.7031250   9.0447945e-23
 220349.2968750   8.9334660e-23
 221163.8906250   8.7849570e-23
 221978.5000000   8.7313378e-23
 222793.0937500   8.5705162e-23
 223607.7031250   8.5045251e-23
 224422.2968750   8.3560243e-23
 225236.8906250   8.3683999e-23
 226051.5000000   8.1663152e-23
 226866.0937500   8.1292078e-23
 227680.7031250   7.9930858e-23
 228495.2968750   7.9436028e-23
 229309.8906250   7.7909910e-23
 230124.5000000   7.7456157e-23
 230939.0937500   7.6425204e-23
 231753.7031250   7.5022811e-23
 232568.2968750   7.4651738e-23
 233382.8906250   7.3785360e-23
 234197.5000000   7.2836853e-23
 235012.0937500   7.1929593e-23
 235826.7031250   7.1310886e-23
 236641.2968750   7.0320948e-23
 237455.8906250   6.9537502e-23
 238270.5000000   6.8712372e-23
 239085.0937500   6.7640171e-23
 239899.7031250   6.6938899e-23
 240714.2968750   6.5990531e-23
 241528.8906250   6.5495353e-23
 242343.5000000   6.4546732e-23
 243158.0937500   6.4051984e-23
 243972.7031250   6.3309458e-23
 244787.2968750   6.2525816e-23
 245601.8906250   6.1783605e-23
 246416.5000000   6.0917366e-23
 247231.0937500   6.0257475e-23
 248045.7031250   5.9473984e-23
 248860.2968750   5.8772649e-23
 249674.8906250   5.8195253e-23
 250489.5000000   5.7576730e-23
 251304.0937500   5.7081729e-23
 252118.7031250   5.6339285e-23
 252933.2968750   5.5803187e-23
 253747.8906250   5.5019590e-23
 254562.5000000   5.4277026e-23
 255377.0937500   5.3658413e-23
 256191.7031250   5.3081119e-23
 257006.2968750   5.2462311e-23
 257820.8906250   5.2049904e-23
 258635.5000000   5.1348768e-23
 259450.0937500   5.0936389e-23
 260264.7031250   5.0235246e-23
 261486.5937500   4.9451589e-23
 263115.8125000   4.8255496e-23
 264745.0000000   4.7224398e-23
 266374.1875000   4.6152052e-23
 268003.4062500   4.5203405e-23
 269632.5937500   4.4172292e-23
 271261.8125000   4.3223699e-23
 272891.0000000   4.2275046e-23
 274520.1875000   4.1326517e-23
 276149.4062500   4.0452181e-23
 277778.5937500   3.9569569e-23
 279407.7812500   3.8756907e-23
 281037.0000000   3.7894972e-23
 282666.1875000   3.7103170e-23
 284295.4062500   3.6315316e-23
 285924.5937500   3.5535760e-23
 287553.7812500   3.4809914e-23
 289183.0000000   3.4067611e-23
 290812.1875000   3.3370586e-23
 292441.4062500   3.2669302e-23
 294070.5937500   3.1997088e-23
 295699.7812500   3.1333066e-23
 297329.0000000   3.0697916e-23
 298958.1875000   3.0062707e-23
 300587.4062500   2.9460553e-23
 302216.5937500   2.8833715e-23
 303845.7812500   2.8215011e-23
 305475.0000000   2.7649988e-23
 307104.1875000   2.7134389e-23
 308733.4062500   2.6614728e-23
 310362.5937500   2.6086791e-23
 311991.7812500   2.5575396e-23
 313621.0000000   2.5068078e-23
 315250.1875000   2.4581401e-23
 316879.4062500   2.4107136e-23
 318508.5937500   2.3636934e-23
 320137.7812500   2.3183235e-23
 321767.0000000   2.2737843e-23
 323396.1875000   2.2300617e-23
 325025.4062500   2.1879964e-23
 326654.5937500   2.1455089e-23
 328283.7812500   2.1050939e-23
 329913.0000000   2.0663205e-23
 331542.1875000   2.0271392e-23
 333171.4062500   1.9900200e-23
 334800.5937500   1.9533146e-23
 336429.7812500   1.9170251e-23
 338059.0000000   1.8823769e-23
 339688.1875000   1.8469025e-23
 341317.4062500   1.8134977e-23
 342946.5937500   1.7813308e-23
 344575.7812500   1.7491582e-23
 346205.0000000   1.7178155e-23
 347834.1875000   1.6872940e-23
 349463.4062500   1.6571835e-23
 351092.5937500   1.6279035e-23
 352721.7812500   1.5994429e-23
 354351.0000000   1.5713972e-23
 355980.1875000   1.5437617e-23
 357609.4062500   1.5169521e-23
 359238.5937500   1.4901431e-23
 360867.7812500   1.4645734e-23
 362497.0000000   1.4394171e-23
 364126.1875000   1.4150844e-23
 365755.4062500   1.3903323e-23
 367384.5937500   1.3676519e-23
 369013.7812500   1.3445560e-23
 370643.0000000   1.3210434e-23
 372272.1875000   1.2991851e-23
 373901.4062500   1.2781488e-23
 375530.5937500   1.2571163e-23
 377159.7812500   1.2360825e-23
 378789.0000000   1.2158757e-23
 380418.1875000   1.1956631e-23
 382047.4062500   1.1762771e-23
 383676.5937500   1.1573072e-23
 385305.7812500   1.1383331e-23
 386935.0000000   1.1201867e-23
 388564.1875000   1.1020390e-23
 390193.4062500   1.0847188e-23
 391822.5937500   1.0669817e-23
 393451.7812500   1.0504847e-23
 395081.0000000   1.0335751e-23
 396710.1875000   1.0166654e-23
 398339.4062500   1.0009903e-23
 399968.5937500   9.8572990e-24
 401597.7812500   9.7047207e-24
 403227.0000000   9.5562247e-24
 404856.1875000   9.4077690e-24
 406485.4062500   9.2634098e-24
 408114.5937500   9.1190625e-24
 814600.0000000   6.1371194e-25
1629200.0000000   3.9449840e-26
2443800.0000000   7.8404885e-27
3258400.0000000   2.4841214e-27
4073000.0000000   1.0170763e-27
4887600.0000000   4.8997810e-28
5702200.0000000   2.6424996e-28
6516800.0000000   1.5470602e-28
