    362.2709961   3.2703652e-23
    374.2139893   3.7140711e-23
    382.1759949   3.9548418e-23
    390.1380005   2.0873836e-22
    398.1000061   5.7266102e-22
    406.0619812   6.2088882e-22
    414.0239868   5.8994603e-22
    421.9859924   5.9959240e-22
    429.9479980   6.1170789e-22
    437.9100037   6.9782641e-22
    453.8339844   7.2383155e-22
    469.7579956   7.0307444e-22
    481.7009888   8.8974150e-22
    497.6250000   9.2292283e-22
    505.5870056   9.4298691e-22
    509.5679932   9.5764856e-22
    521.5109863   9.2369326e-22
    525.4920044   9.5610638e-22
    533.4539795   9.1366319e-22
    545.3969727   1.0147529e-21
    557.3399658   1.0178416e-21
    569.2830200   1.2863836e-21
    585.2069702   1.6043131e-21
    601.1309814   1.4384014e-21
    617.0549927   1.6212914e-21
    632.9790039   1.6282343e-21
    644.9219971   1.6305528e-21
    660.8460083   1.6413516e-21
    676.7700195   1.6405805e-21
    688.7130127   1.3519769e-21
    704.6369629   1.6537029e-21
    716.5800171   1.6560141e-21
    724.5419922   1.6560141e-21
    740.4660034   1.6591005e-21
    760.3709717   1.6614193e-21
    772.3139648   1.6714460e-21
    788.2379761   1.6675891e-21
    804.1619873   1.6737598e-21
    816.1049805   1.6722169e-21
    836.0100098   1.6212914e-21
    859.8959961   1.6714460e-21
    875.8200073   1.6776235e-21
    887.7630005   1.6583284e-21
    903.6870117   1.6822495e-21
    915.6300049   2.0921286e-21
    931.5540161   3.0080568e-21
    955.4400024   3.1090888e-21
    979.3259888   2.7483070e-21
   1003.2119751   2.6940041e-21
   1023.1170044   2.3722865e-21
   1035.0599365   2.4279504e-21
   1050.9840088   2.9335607e-21
   1070.8890381   2.8840587e-21
   1090.7939453   2.8070925e-21
   1110.6989746   2.3328501e-21
   1130.6040039   2.6445693e-21
   1154.4899902   2.6083040e-21
   1178.3759766   2.2923265e-21
   1198.2810059   2.0177086e-21
   1226.1479492   2.0457352e-21
   1265.9580078   1.8643609e-21
   1305.7679443   1.7844414e-21
   1345.5780029   1.5668712e-21
   1385.3879395   1.3791500e-21
   1421.2170410   1.7272587e-21
   1457.0460205   2.4564162e-21
   1492.8750000   2.2722397e-21
   1532.6849365   1.6890381e-21
   1572.4949951   2.3467326e-21
   1612.3049316   2.7251700e-21
   1648.1340332   2.5599699e-21
   1679.9819336   2.2138360e-21
   1711.8299561   2.0179126e-21
   1755.6209717   2.2126211e-21
   1795.4310303   2.1372542e-21
   1831.2600098   1.7954311e-21
   1871.0699463   1.7403480e-21
   1910.8800049   1.8667287e-21
   1950.6899414   1.5104056e-21
   1990.5000000   1.7909500e-21
   2014.3859863   1.5064573e-21
   2038.2719727   2.3180410e-21
   2070.1198730   2.1414353e-21
   2109.9299316   1.9103793e-21
   2149.7399902   1.5231823e-21
   2189.5500488   1.4374414e-21
   2229.3598633   1.8443026e-21
   2269.1699219   2.0214428e-21
   2308.9799805   1.9395455e-21
   2348.7900391   1.9457736e-21
   2388.5998535   1.6123159e-21
   2428.4099121   1.5539055e-21
   2468.2199707   1.9648633e-21
   2508.0300293   1.8481461e-21
   2547.8398438   2.0467508e-21
   2587.6499023   1.9839574e-21
   2619.4980469   1.8362446e-21
   2647.3649902   2.0980174e-21
   2687.1750488   2.2508457e-21
   2726.9848633   1.9706449e-21
   2766.7949219   2.3591849e-21
   2806.6049805   1.9662877e-21
   2850.3959961   2.6349582e-21
   2890.2060547   2.7846591e-21
   2926.0349121   2.9258150e-21
   2965.8449707   2.9852754e-21
   3005.6550293   3.1505171e-21
   3045.4648438   3.0221195e-21
   3085.2749023   3.6290962e-21
   3125.0849609   3.5966007e-21
   3164.8950195   4.2184955e-21
   3204.7050781   4.8233087e-21
   3244.5148926   5.5409582e-21
   3284.3249512   6.4825785e-21
   3324.1350098   5.9670798e-21
   3363.9450684   8.5908006e-21
   3403.7548828   9.9222011e-21
   3443.5649414   1.2179935e-20
   3483.3750000   1.4590091e-20
   3523.1850586   1.7567819e-20
   3562.9948730   2.1330624e-20
   3602.8049316   2.5536141e-20
   3642.6149902   3.0514341e-20
   3682.4250488   1.0348981e-19
   3722.2348633   1.8897263e-19
   3762.0449219   2.7625622e-19
   3801.8549805   3.6007100e-19
   3841.6650391   3.9168313e-19
   3881.4748535   1.8155000e-19
   3921.2849121   3.6527779e-19
   3961.0949707   3.5904772e-19
   4000.9050293   4.5552412e-19
   4040.7148438   4.7286503e-19
   4080.5249023   3.3482927e-19
   4120.3349609   5.2216645e-19
   4160.1450195   7.2462035e-19
   4199.9550781   7.0590854e-19
   4239.7651367   6.0098177e-19
   4279.5747070   6.6689266e-19
   4319.3847656   5.8723692e-19
   4359.1948242   6.9334486e-19
   4399.0048828   6.6726763e-19
   4438.8149414   6.5494279e-19
   4478.6250000   5.8120228e-19
   4518.4350586   6.9487824e-19
   4558.2451172   6.6065706e-19
   4598.0551758   6.6900476e-19
   4637.8647461   6.6397602e-19
   4677.6748047   4.5694077e-19
   4717.4848633   6.3570035e-19
   4757.2949219   5.3655412e-19
   4797.1049805   4.5678025e-19
   4836.9150391   3.7016301e-19
   4876.7250977   8.0545875e-19
   4916.5351562   9.9311821e-19
   4956.3447266   1.0397546e-18
   4996.1547852   1.0183603e-18
   5035.9648438   9.7492458e-19
   5075.7749023   1.1505481e-18
   5115.5849609   1.1895833e-18
   5155.3950195   1.0256766e-18
   5195.2050781   1.0321973e-18
   5235.0151367   1.1984508e-18
   5274.8247070   1.1590888e-18
   5314.6347656   1.0883275e-18
   5354.4448242   1.2054927e-18
   5394.2548828   1.1833876e-18
   5434.0649414   1.1025825e-18
   5473.8750000   1.1189440e-18
   5513.6850586   1.1187573e-18
   5553.4951172   8.8177071e-19
   5593.3046875   8.7406325e-19
   5633.1147461   1.0676251e-18
   5672.9248047   1.0568162e-18
   5712.7348633   1.0924411e-18
   5740.6020508   1.1227935e-18
   5760.5068359   1.1324156e-18
   5792.3549805   1.1019145e-18
   5832.1650391   1.0455792e-18
   5871.9750977   1.0610389e-18
   5911.7851562   1.0823027e-18
   5951.5947266   1.0872145e-18
   5991.4047852   1.0370365e-18
   6019.2719727   9.5230533e-19
   6039.1767578   9.9478571e-19
   6071.0249023   9.7817975e-19
   6110.8349609   8.4957617e-19
   6150.6450195   8.1273969e-19
   6190.4550781   7.9656909e-19
   6230.2651367   8.6423039e-19
   6270.0747070   9.1785398e-19
   6309.8847656   9.4452053e-19
   6349.6948242   9.5457067e-19
   6389.5048828   9.3370638e-19
   6429.3149414   9.2504921e-19
   6469.1250000   9.0239346e-19
   6508.9350586   9.5047519e-19
   6548.7451172   9.5933667e-19
   6588.5546875   9.2645593e-19
   6628.3647461   9.7452216e-19
   6656.2319336   8.8933124e-19
   6676.1367188   1.0056666e-18
   6707.9848633   1.0124515e-18
   6747.7949219   9.6322494e-19
   6787.6049805   9.3666355e-19
   6827.4150391   8.8952263e-19
   6867.2250977   8.7690089e-19
   6907.0346680   9.2470386e-19
   6946.8447266   9.0792306e-19
   6986.6547852   9.3954338e-19
   7026.4648438   8.9224974e-19
   7066.2749023   8.8880795e-19
   7106.0849609   9.0925585e-19
   7145.8950195   9.4423432e-19
   7185.7050781   9.4415967e-19
   7225.5151367   8.7910657e-19
   7265.3247070   8.9473366e-19
   7305.1347656   8.7154096e-19
   7344.9448242   8.1152694e-19
   7384.7548828   8.1475176e-19
   7424.5649414   8.2904916e-19
   7464.3750000   8.6856818e-19
   7504.1850586   8.0247164e-19
   7543.9951172   7.7072124e-19
   7583.8046875   8.1254339e-19
   7623.6147461   7.7923691e-19
   7663.4248047   7.5257864e-19
   7703.2348633   7.8430458e-19
   7743.0449219   8.0586562e-19
   7782.8549805   7.4669863e-19
   7830.6269531   8.0572050e-19
   7866.4560547   8.2635193e-19
   7898.3037109   7.8479391e-19
   7942.0947266   7.6532441e-19
   7981.9047852   7.8658476e-19
   8021.7148438   7.6757636e-19
   8061.5249023   7.9276494e-19
   8101.3349609   7.4849459e-19
   8141.1450195   7.6617191e-19
   8180.9550781   6.9612144e-19
   8220.7646484   7.1849792e-19
   8256.5937500   7.8394300e-19
   8272.5175781   7.4033115e-19
   8300.3847656   7.6353837e-19
   8340.1953125   7.2618460e-19
   8380.0048828   7.3428234e-19
   8419.8144531   7.4139511e-19
   8459.6250000   7.4557464e-19
   8499.4345703   7.1189557e-19
   8539.2451172   7.1103939e-19
   8579.0546875   7.3306757e-19
   8618.8652344   7.1424115e-19
   8658.6748047   7.1123615e-19
   8698.4853516   6.9564773e-19
   8738.2949219   7.1922724e-19
   8778.1044922   7.0629928e-19
   8817.9150391   6.8160318e-19
   8857.7246094   6.6686624e-19
   8897.5351562   6.9005490e-19
   8937.3447266   6.7229177e-19
   8977.1552734   6.5246513e-19
   9016.9648438   6.6487475e-19
   9056.7744141   6.7371938e-19
   9096.5849609   6.8099278e-19
   9136.3945312   6.4401263e-19
   9176.2050781   6.5168334e-19
   9216.0146484   6.3137657e-19
   9255.8251953   5.3712942e-19
   9295.6347656   6.0226059e-19
   9335.4453125   5.9272226e-19
   9375.2548828   6.1377732e-19
   9415.0644531   5.8387836e-19
   9454.8750000   5.8768846e-19
   9494.6845703   5.5789775e-19
   9534.4951172   5.7885867e-19
   9574.3046875   5.6167394e-19
   9614.1152344   5.6662177e-19
   9653.9248047   5.8215007e-19
   9693.7353516   5.6263936e-19
   9733.5449219   5.7932918e-19
   9773.3544922   5.7091820e-19
   9813.1650391   5.6602486e-19
   9852.9746094   5.5062446e-19
   9892.7851562   5.5497259e-19
   9932.5947266   4.9209212e-19
   9972.4052734   5.5911438e-19
  10004.2529297   5.1788651e-19
  10024.1582031   5.3475216e-19
  10052.0244141   5.2112177e-19
  10091.8349609   5.2293526e-19
  10131.6445312   5.1262078e-19
  10171.4550781   5.3088638e-19
  10211.2646484   5.2266663e-19
  10251.0751953   5.3830076e-19
  10290.8847656   5.3288361e-19
  10330.6953125   5.2634076e-19
  10370.5048828   5.1447020e-19
  10410.3144531   5.0749325e-19
  10450.1250000   5.1858295e-19
  10489.9345703   5.2344537e-19
  10529.7451172   5.4469797e-19
  10569.5546875   5.4649269e-19
  10609.3652344   5.1422851e-19
  10649.1748047   5.2587170e-19
  10688.9843750   5.2421377e-19
  10728.7949219   5.0646459e-19
  10768.6044922   5.1137055e-19
  10808.4150391   4.9660145e-19
  10848.2246094   4.9633546e-19
  10888.0351562   5.0665593e-19
  10927.8447266   4.6805912e-19
  10967.6552734   4.7087763e-19
  11007.4648438   4.7772870e-19
  11047.2744141   4.9015518e-19
  11087.0849609   4.7426478e-19
  11126.8945312   4.1655107e-19
  11166.7050781   4.3403128e-19
  11206.5146484   4.7833125e-19
  11246.3251953   4.8537175e-19
  11286.1347656   4.6767282e-19
  11325.9453125   4.6125354e-19
  11365.7548828   4.5159403e-19
  11405.5644531   4.7032787e-19
  11445.3750000   4.6529426e-19
  11485.1845703   4.6370515e-19
  11524.9951172   4.5808807e-19
  11584.7099609   4.7506947e-19
  11664.3300781   4.6290950e-19
  11743.9501953   4.5482448e-19
  11823.5703125   4.5638119e-19
  11903.1894531   4.5341244e-19
  11982.8095703   4.5258681e-19
  12062.4296875   4.5024542e-19
  12142.0498047   4.4704945e-19
  12221.6699219   4.4484812e-19
  12301.2900391   4.4218346e-19
  12380.9101562   4.3836845e-19
  12460.5302734   4.3117950e-19
  12540.1494141   4.2998813e-19
  12619.7695312   4.2516401e-19
  12699.3896484   4.0947705e-19
  12779.0097656   4.1335642e-19
  12858.6298828   4.0095996e-19
  12938.2500000   4.0788863e-19
  13017.8701172   4.0936021e-19
  13097.4902344   4.0453291e-19
  13177.1093750   4.0063787e-19
  13256.7294922   3.9423211e-19
  13336.3496094   3.8674313e-19
  13415.9697266   3.7538214e-19
  13495.5898438   3.7387341e-19
  13575.2099609   3.7180044e-19
  13654.8300781   3.6709510e-19
  13734.4501953   3.6459981e-19
  13814.0693359   3.6102582e-19
  13893.6894531   3.6043175e-19
  13973.3095703   3.6071519e-19
  14052.9296875   3.5279375e-19
  14132.5498047   3.5582024e-19
  14212.1699219   3.3784558e-19
  14291.7900391   3.3333856e-19
  14371.4101562   3.3693432e-19
  14451.0302734   3.3677154e-19
  14490.8398438   3.3634880e-19
  14530.6494141   3.4425161e-19
  14610.2695312   3.3806081e-19
  14689.8896484   3.1843760e-19
  14769.5097656   3.3652910e-19
  14849.1298828   3.2526605e-19
  14928.7500000   3.7299272e-19
  15008.3701172   3.8712210e-19
  15087.9902344   4.2945405e-19
  15167.6093750   4.6633558e-19
  15247.2294922   3.8424088e-19
  15326.8496094   4.7946702e-19
  15406.4697266   5.0764932e-19
  15486.0898438   3.7597778e-19
  15565.7099609   5.1634216e-19
  15645.3300781   4.4803225e-19
  15724.9501953   4.9094586e-19
  15804.5693359   3.3435318e-19
  15884.1894531   5.1230568e-19
  15963.8095703   5.4549516e-19
  16043.4296875   5.3970924e-19
  16123.0498047   5.3701620e-19
  16202.6699219   5.1705245e-19
  16282.2900391   4.7345104e-19
  16361.9101562   4.0394882e-19
  16441.5292969   5.0452646e-19
  16521.1503906   5.1691623e-19
  16600.7695312   5.1520727e-19
  16680.3906250   5.1193009e-19
  16760.0097656   5.1248120e-19
  16839.6289062   5.0455308e-19
  16919.2500000   5.0525603e-19
  16998.8691406   4.8947544e-19
  17078.4902344   4.8452409e-19
  17158.1093750   4.5528615e-19
  17237.7304688   4.2361331e-19
  17317.3496094   3.8455658e-19
  17396.9707031   4.8391586e-19
  17476.5898438   4.7494012e-19
  17556.2089844   4.7932387e-19
  17635.8300781   4.8208732e-19
  17715.4492188   4.8333606e-19
  17795.0703125   4.8346339e-19
  17874.6894531   4.8334241e-19
  17954.3105469   5.0307057e-19
  18033.9296875   4.7794485e-19
  18113.5488281   4.7671013e-19
  18193.1699219   4.9068504e-19
  18272.7890625   4.7493800e-19
  18352.4101562   4.7894719e-19
  18432.0292969   4.6703450e-19
  18511.6503906   4.6820713e-19
  18591.2695312   4.7171593e-19
  18670.8906250   4.6206051e-19
  18750.5097656   4.4899943e-19
  18830.1289062   4.6078990e-19
  18909.7500000   4.6350151e-19
  18989.3691406   4.6084657e-19
  19068.9902344   4.5564220e-19
  19148.6093750   4.4763887e-19
  19228.2304688   4.4345726e-19
  19307.8496094   3.9052543e-19
  19387.4707031   3.3960244e-19
  19467.0898438   4.2404142e-19
  19546.7089844   4.3013736e-19
  19626.3300781   4.2329156e-19
  19705.9492188   4.3342173e-19
  19785.5703125   4.2825617e-19
  19865.1894531   4.1108255e-19
  19944.8105469   3.9619519e-19
  20024.4296875   4.0709404e-19
  20104.0488281   4.0270003e-19
  20183.6699219   4.1205498e-19
  20263.2890625   3.9965198e-19
  20342.9101562   4.0116957e-19
  20422.5292969   3.9208583e-19
  20502.1503906   3.8289322e-19
  20581.7695312   3.6989485e-19
  20661.3906250   3.7238872e-19
  20741.0097656   3.7867230e-19
  20820.6289062   3.8291005e-19
  20900.2500000   3.8873552e-19
  20979.8691406   3.6487213e-19
  21059.4902344   3.8645788e-19
  21139.1093750   3.9213753e-19
  21218.7304688   3.6968860e-19
  21298.3496094   3.8402493e-19
  21377.9687500   3.8173801e-19
  21457.5898438   3.7450284e-19
  21537.2089844   3.6860236e-19
  21616.8300781   3.6987696e-19
  21696.4492188   3.7450941e-19
  21776.0703125   3.6601649e-19
  21855.6894531   3.6503723e-19
  21935.3105469   3.6204519e-19
  22014.9296875   3.6434532e-19
  22094.5488281   3.6640410e-19
  22174.1699219   3.6130339e-19
  22253.7890625   3.5408989e-19
  22333.4101562   3.5960480e-19
  22413.0292969   3.5519417e-19
  22492.6503906   3.5497740e-19
  22572.2695312   3.4917289e-19
  22651.8906250   3.5396237e-19
  22731.5097656   3.4732988e-19
  22811.1289062   3.6096084e-19
  22890.7500000   3.5009729e-19
  22970.3691406   3.5172162e-19
  23049.9902344   3.4301862e-19
  23129.6093750   3.4903028e-19
  23209.2304688   3.5285261e-19
  23288.8496094   3.4485082e-19
  23368.4687500   3.4213844e-19
  23448.0898438   3.2454832e-19
  23527.7089844   3.3759195e-19
  23607.3300781   3.3666065e-19
  23686.9492188   3.3523100e-19
  23766.5703125   3.3732518e-19
  23846.1894531   3.3186763e-19
  23925.8105469   3.2820772e-19
  24005.4296875   3.3201779e-19
  24085.0488281   3.3377658e-19
  24164.6699219   3.3290111e-19
  24244.2890625   3.2444001e-19
  24323.9101562   3.2404555e-19
  24403.5292969   3.1308342e-19
  24483.1503906   3.1374963e-19
  24562.7695312   3.0614611e-19
  24642.3906250   3.1458165e-19
  24722.0097656   3.1201276e-19
  24801.6289062   3.0480052e-19
  24881.2500000   2.9641115e-19
  24960.8691406   3.0552154e-19
  25040.4902344   3.0816554e-19
  25120.1093750   3.0216551e-19
  25199.7304688   3.0405849e-19
  25279.3496094   3.0203947e-19
  25358.9687500   3.0076471e-19
  25438.5898438   3.0390629e-19
  25518.2089844   2.9879118e-19
  25597.8300781   3.0017749e-19
  25677.4492188   2.9847512e-19
  25757.0703125   2.9726896e-19
  25836.6894531   2.9145802e-19
  25916.3105469   2.9551684e-19
  25995.9296875   2.9229122e-19
  26075.5488281   2.7706665e-19
  26155.1699219   2.4856085e-19
  26234.7890625   2.8484350e-19
  26314.4101562   2.9075357e-19
  26394.0292969   2.8859972e-19
  26473.6503906   2.8686094e-19
  26553.2695312   2.8149814e-19
  26632.8886719   2.8497238e-19
  26712.5097656   2.7774406e-19
  26792.1289062   2.8172570e-19
  26871.7500000   2.7752215e-19
  26951.3691406   2.7922394e-19
  27030.9902344   2.7560182e-19
  27110.6093750   2.7603550e-19
  27190.2304688   2.7663624e-19
  27269.8496094   2.7139307e-19
  27349.4687500   2.7419292e-19
  27429.0898438   2.7530060e-19
  27508.7089844   2.7377538e-19
  27588.3300781   2.7140023e-19
  27667.9492188   2.6893464e-19
  27747.5703125   2.6995231e-19
  27827.1894531   2.6926673e-19
  27906.8105469   2.6406927e-19
  27986.4296875   2.6610315e-19
  28066.0488281   2.6464514e-19
  28145.6699219   2.5994301e-19
  28225.2890625   2.5489307e-19
  28304.9101562   2.5103140e-19
  28384.5292969   2.4699277e-19
  28464.1503906   2.4559954e-19
  28543.7695312   2.4642716e-19
  28623.3886719   2.4400298e-19
  28703.0097656   2.4714143e-19
  28782.6289062   2.5028283e-19
  28862.2500000   2.4965378e-19
  28941.8691406   2.4876617e-19
  29021.4902344   2.4513079e-19
  29101.1093750   2.4930536e-19
  29180.7304688   2.4858486e-19
  29260.3496094   2.4812130e-19
  29339.9687500   2.5359222e-19
  29419.5898438   2.4624324e-19
  29499.2089844   2.4741182e-19
  29578.8300781   2.5004553e-19
  29658.4492188   2.4862963e-19
  29738.0703125   2.5031581e-19
  29817.6894531   2.4829245e-19
  29897.3105469   2.5084296e-19
  29976.9296875   2.5201234e-19
  30056.5488281   2.5249094e-19
  30136.1699219   2.4976894e-19
  30215.7890625   2.4557366e-19
  30295.4101562   2.4448892e-19
  30375.0292969   2.4270976e-19
  30454.6503906   2.3806778e-19
  30534.2695312   2.3229328e-19
  30613.8886719   2.3692254e-19
  30693.5097656   2.3200883e-19
  30773.1289062   2.3282030e-19
  30852.7500000   2.3119915e-19
  30932.3691406   2.3140132e-19
  31011.9902344   2.3351665e-19
  31091.6093750   2.3250150e-19
  31171.2304688   2.3130987e-19
  31250.8496094   2.2863541e-19
  31330.4687500   2.2717807e-19
  31410.0898438   2.2231898e-19
  31489.7089844   2.1823946e-19
  31569.3300781   2.2070019e-19
  31648.9492188   2.1713806e-19
  31728.5703125   2.2090965e-19
  31808.1894531   2.2171444e-19
  31887.8105469   2.2435325e-19
  31967.4296875   2.2297214e-19
  32047.0488281   2.2106298e-19
  32126.6699219   2.2037764e-19
  32206.2890625   2.1653716e-19
  32285.9101562   2.1593602e-19
  32365.5292969   2.1936566e-19
  32445.1503906   2.2078161e-19
  32524.7695312   2.2061876e-19
  32604.3886719   2.1492366e-19
  32684.0097656   2.1537153e-19
  32763.6289062   2.1546804e-19
  32843.2500000   2.1573885e-19
  32922.8710938   2.1627484e-19
  33002.4882812   2.1575401e-19
  33082.1093750   2.0907048e-19
  33161.7304688   2.0889794e-19
  33241.3476562   2.0854777e-19
  33320.9687500   2.0854959e-19
  33400.5898438   2.0528904e-19
  33480.2109375   2.0837655e-19
  33559.8281250   2.0378800e-19
  33639.4492188   2.0157865e-19
  33719.0703125   2.0025068e-19
  33798.6914062   2.0307415e-19
  33878.3085938   1.9449534e-19
  33957.9296875   2.0395184e-19
  34037.5507812   1.8651798e-19
  34117.1679688   2.0668856e-19
  34196.7890625   2.0004323e-19
  34276.4101562   2.0003707e-19
  34356.0312500   2.0906956e-19
  34435.6484375   2.0649530e-19
  34515.2695312   1.8493639e-19
  34594.8906250   2.0249169e-19
  34674.5078125   2.0958623e-19
  34754.1289062   2.0487472e-19
  34833.7500000   1.9180716e-19
  34913.3710938   2.0397065e-19
  34992.9882812   2.1027493e-19
  35072.6093750   2.0217446e-19
  35152.2304688   2.0536841e-19
  35231.8476562   2.0028498e-19
  35311.4687500   1.9101277e-19
  35391.0898438   1.9928210e-19
  35470.7109375   2.0310179e-19
  35550.3281250   2.0095108e-19
  35629.9492188   2.0245525e-19
  35709.5703125   2.0137160e-19
  35789.1914062   1.9859275e-19
  35868.8085938   1.8607781e-19
  35948.4296875   1.9373999e-19
  36028.0507812   2.0113914e-19
  36107.6679688   2.0148218e-19
  36187.2890625   1.9592365e-19
  36266.9101562   1.9742745e-19
  36346.5312500   2.0000546e-19
  36426.1484375   1.9891573e-19
  36505.7695312   1.9737631e-19
  36585.3906250   1.9682057e-19
  36665.0078125   1.8586872e-19
  36744.6289062   1.7750851e-19
  36824.2500000   1.8358094e-19
  36903.8710938   1.8876110e-19
  36983.4882812   1.9044399e-19
  37063.1093750   1.8898508e-19
  37142.7304688   1.8968023e-19
  37222.3476562   1.8804042e-19
  37301.9687500   1.8720735e-19
  37381.5898438   1.8889131e-19
  37461.2109375   1.8428047e-19
  37540.8281250   1.8812302e-19
  37620.4492188   1.8161778e-19
  37700.0703125   1.8663270e-19
  37779.6914062   1.8579607e-19
  37859.3085938   1.8333680e-19
  37938.9296875   1.8186682e-19
  38018.5507812   1.7174102e-19
  38098.1679688   1.8054734e-19
  38177.7890625   1.8367529e-19
  38257.4101562   1.8274433e-19
  38337.0312500   1.8307610e-19
  38416.6484375   1.7988566e-19
  38496.2695312   1.8048709e-19
  38575.8906250   1.8154123e-19
  38655.5078125   1.8051563e-19
  38735.1289062   1.7894720e-19
  38814.7500000   1.7602109e-19
  38894.3710938   1.7852094e-19
  38973.9882812   1.7532056e-19
  39053.6093750   1.7999472e-19
  39133.2304688   1.7959990e-19
  39212.8476562   1.7811685e-19
  39292.4687500   1.7536445e-19
  39372.0898438   1.7469491e-19
  39451.7109375   1.7438752e-19
  39531.3281250   1.7616649e-19
  39610.9492188   1.7585883e-19
  39690.5703125   1.7555093e-19
  39770.1914062   1.7542376e-19
  39909.5234375   1.7026677e-19
  40108.5742188   1.6614120e-19
  40307.6250000   1.6919855e-19
  40506.6757812   1.6561159e-19
  40705.7226562   1.6593847e-19
  40904.7734375   1.6616894e-19
  41103.8242188   1.6566978e-19
  41302.8750000   1.6315772e-19
  41501.9257812   1.6091115e-19
  41700.9726562   1.5976475e-19
  41900.0234375   1.5806115e-19
  42099.0742188   1.5754690e-19
  42298.1250000   1.5665961e-19
  42497.1757812   1.5356625e-19
  42696.2226562   1.5378288e-19
  42895.2734375   1.5380450e-19
  43094.3242188   1.4978151e-19
  43293.3750000   1.4602847e-19
  43492.4257812   1.4161865e-19
  43691.4726562   1.4052449e-19
  43890.5234375   1.4090643e-19
  44089.5742188   1.3786897e-19
  44288.6250000   1.3981656e-19
  44487.6757812   1.4000827e-19
  44686.7226562   1.4001503e-19
  44885.7734375   1.3770558e-19
  45084.8242188   1.3585600e-19
  45283.8750000   1.3326117e-19
  45482.9257812   1.3130453e-19
  45681.9726562   1.3297763e-19
  45881.0234375   1.3501613e-19
  46080.0742188   1.3362336e-19
  46279.1250000   1.3222000e-19
  46478.1757812   1.3025574e-19
  46677.2226562   1.2875479e-19
  46876.2734375   1.2855816e-19
  47075.3242188   1.2677408e-19
  47274.3750000   1.2536168e-19
  47473.4257812   1.2413391e-19
  47672.4726562   1.2028168e-19
  47871.5234375   1.2428665e-19
  48070.5742188   1.1996514e-19
  48269.6250000   1.2172181e-19
  48468.6757812   1.2132367e-19
  48667.7226562   1.2158984e-19
  48866.7734375   1.2015866e-19
  49065.8242188   1.1778603e-19
  49264.8750000   1.1860673e-19
  49463.9257812   1.1632451e-19
  49662.9726562   1.1441636e-19
  49862.0234375   1.1438873e-19
  50061.0742188   1.1332465e-19
  50260.1250000   1.1546077e-19
  50459.1757812   1.1128034e-19
  50658.2226562   1.1341727e-19
  50857.2734375   1.1149704e-19
  51056.3242188   1.0711852e-19
  51255.3750000   1.0859499e-19
  51454.4257812   1.1092073e-19
  51653.4726562   1.0937325e-19
  51852.5234375   1.1037646e-19
  52051.5742188   1.0920573e-19
  52250.6250000   1.0793549e-19
  52449.6757812   1.0675876e-19
  52648.7226562   1.0662428e-19
  52847.7734375   1.0458779e-19
  53046.8242188   1.0464199e-19
  53245.8750000   1.0269792e-19
  53444.9257812   1.0522219e-19
  53643.9726562   1.0489276e-19
  53843.0234375   1.0475327e-19
  54042.0742188   1.0137729e-19
  54241.1250000   9.9997645e-20
  54440.1757812   1.0176136e-19
  54639.2226562   9.9713463e-20
  54838.2734375   1.0090644e-19
  55037.3242188   1.0066564e-19
  55236.3750000   9.9470272e-20
  55435.4257812   9.8563585e-20
  55634.4726562   9.5836803e-20
  55833.5234375   9.6453718e-20
  56032.5742188   9.4010886e-20
  56231.6250000   9.1144679e-20
  56430.6757812   9.1674204e-20
  56629.7226562   9.2143642e-20
  56828.7734375   9.2578080e-20
  57027.8242188   9.1718904e-20
  57226.8750000   9.2755116e-20
  57425.9257812   8.9714575e-20
  57624.9726562   8.9707085e-20
  57824.0234375   8.7469303e-20
  58003.1679688   8.9625963e-20
  58202.2187500   8.8593965e-20
  58421.1757812   8.7156402e-20
  58620.2226562   8.6017110e-20
  58819.2734375   8.6033737e-20
  59018.3242188   8.7590775e-20
  59217.3750000   8.7643889e-20
  59416.4257812   8.9048811e-20
  59615.4726562   8.7454711e-20
  59814.5234375   8.4888247e-20
  60013.5742188   8.6030338e-20
  60212.6250000   8.4105243e-20
  60411.6757812   8.6579560e-20
  60610.7226562   8.5068501e-20
  60809.7734375   8.7197367e-20
  61008.8242188   8.5250274e-20
  61207.8750000   8.3669035e-20
  61406.9257812   8.5381415e-20
  61605.9726562   8.4618379e-20
  61805.0234375   8.2967204e-20
  62004.0742188   8.0704859e-20
  62203.1250000   8.2716161e-20
  62402.1757812   8.2825944e-20
  62601.2226562   8.3613930e-20
  62800.2734375   7.7368193e-20
  62999.3242188   7.8785360e-20
  63198.3750000   7.8868789e-20
  63397.4257812   8.0073953e-20
  63596.4726562   8.0206644e-20
  63895.0507812   8.0230949e-20
  64293.1484375   8.0049693e-20
  64691.2500000   7.6896648e-20
  65089.3476562   7.9895501e-20
  65487.4492188   7.8705466e-20
  65885.5468750   7.6680140e-20
  66283.6484375   7.4857351e-20
  66681.7500000   7.8994973e-20
  67079.8515625   7.4016535e-20
  67477.9453125   7.5251580e-20
  67876.0468750   7.3706420e-20
  68274.1484375   7.4179897e-20
  68672.2500000   7.1280906e-20
  69070.3515625   7.0431062e-20
  69468.4453125   6.9981819e-20
  69866.5468750   7.0483672e-20
  70264.6484375   6.7777040e-20
  70662.7500000   6.5528802e-20
  71060.8515625   6.7512039e-20
  71458.9453125   6.0862890e-20
  71857.0468750   6.1704772e-20
  72255.1484375   6.1539950e-20
  72653.2500000   5.7958620e-20
  73051.3515625   5.6445842e-20
  73449.4453125   5.8781238e-20
  73847.5468750   5.8436834e-20
  74245.6484375   5.5664958e-20
  74643.7500000   5.3571590e-20
  75041.8515625   5.3994160e-20
  75439.9453125   5.2269876e-20
  75838.0468750   5.5697483e-20
  76236.1484375   5.2343618e-20
  76634.2500000   5.2951253e-20
  77032.3515625   5.2810280e-20
  77430.4453125   4.8337210e-20
  77828.5468750   4.9627438e-20
  78226.6484375   4.9144206e-20
  78624.7500000   4.7989255e-20
  79022.8515625   4.5599452e-20
  79420.9453125   4.7337827e-20
  79819.0468750   4.6564591e-20
  80217.1484375   4.7745185e-20
  80615.2500000   4.5221925e-20
  81013.3515625   4.3959460e-20
  81411.4453125   4.2625961e-20
  81809.5468750   4.1905939e-20
  82207.6484375   4.0799614e-20
  82605.7500000   3.9978715e-20
  83003.8515625   4.2505571e-20
  83401.9453125   3.9732958e-20
  83800.0468750   4.0047600e-20
  84198.1484375   3.8765975e-20
  84596.2500000   3.9100420e-20
  84994.3515625   3.8409072e-20
  85392.4453125   3.6925372e-20
  85790.5468750   3.7069663e-20
  86188.6484375   3.6011844e-20
  86586.7500000   3.4765648e-20
  86984.8515625   3.4438922e-20
  87382.9453125   3.3291134e-20
  87781.0468750   3.1872161e-20
  88179.1484375   3.1952611e-20
  88577.2500000   3.2465950e-20
  88975.3515625   3.2017509e-20
  89373.4453125   3.2509184e-20
  89771.5468750   3.0746258e-20
  90169.6484375   3.0256389e-20
  90567.7500000   3.0388493e-20
  90965.8515625   2.9604946e-20
  91363.9453125   2.6492076e-20
  91762.0468750   2.9045110e-20
  92160.1484375   2.9738125e-20
  92558.2500000   2.5465250e-20
  92956.3515625   2.8714832e-20
  93354.4453125   2.6511628e-20
  93752.5468750   2.4274922e-20
  94150.6484375   2.5623881e-20
  94548.7500000   2.5774898e-20
  94946.8515625   2.2467074e-20
  95344.9453125   2.5137781e-20
  95743.0468750   2.3906840e-20
  96141.1484375   2.0898877e-20
  96539.2500000   2.1178192e-20
  96937.3515625   2.0762199e-20
  97335.4453125   1.9982284e-20
  97733.5468750   1.9523905e-20
  98131.6484375   1.9470814e-20
  98529.7500000   1.8689517e-20
  98927.8515625   1.6956605e-20
  99325.9453125   1.6790018e-20
  99724.0468750   1.7080002e-20
 100122.1484375   1.6225736e-20
 100520.2500000   1.6686881e-20
 100918.3515625   1.6662933e-20
 101316.4453125   1.6557886e-20
 101714.5468750   1.6706313e-20
 102112.6484375   1.6701544e-20
 102510.7500000   1.7032885e-20
 102908.8515625   1.6755102e-20
 103306.9453125   1.6760548e-20
 103705.0468750   1.7244695e-20
 104103.1484375   1.6793854e-20
 104501.2500000   1.7034305e-20
 104899.3515625   1.7477242e-20
 105297.4453125   1.6771594e-20
 105695.5468750   1.7185343e-20
 106093.6484375   1.7516818e-20
 106491.7500000   1.6891938e-20
 106889.8515625   1.6113674e-20
 107287.9453125   1.6507350e-20
 107686.0468750   1.6522944e-20
 108084.1484375   1.6213055e-20
 108482.2500000   1.7148173e-20
 108880.3515625   1.6724886e-20
 109278.4453125   1.7354480e-20
 109676.5468750   1.6533470e-20
 110074.6484375   1.6069646e-20
 110472.7500000   1.6228229e-20
 110870.8515625   1.6531146e-20
 111268.9453125   1.6599022e-20
 111667.0468750   1.6020881e-20
 112065.1484375   1.5689094e-20
 112463.2500000   1.5777194e-20
 112861.3515625   1.4942868e-20
 113259.4453125   1.3563660e-20
 113657.5468750   1.4579585e-20
 114055.6484375   1.4794896e-20
 114453.7500000   1.4200229e-20
 114851.8515625   1.3851595e-20
 115249.9453125   1.3226180e-20
 115648.0468750   1.3749105e-20
 116046.1484375   1.3051858e-20
 116444.2500000   1.2313700e-20
 116842.3515625   1.2180415e-20
 117240.4453125   1.1790767e-20
 117638.5468750   1.1442188e-20
 118036.6484375   1.1216599e-20
 118434.7500000   1.1032074e-20
 118832.8515625   1.0755220e-20
 119230.9453125   1.0652692e-20
 119629.0468750   1.0560461e-20
 120027.1484375   1.0416879e-20
 120425.2500000   1.0273355e-20
 120823.3515625   1.0092904e-20
 121221.4453125   1.0056004e-20
 121619.5468750   9.9791004e-21
 122017.6484375   9.9032204e-21
 122415.7500000   9.8375896e-21
 122813.8515625   9.6940826e-21
 123211.9453125   9.5792208e-21
 123610.0468750   9.5464196e-21
 124008.1484375   9.4182801e-21
 124406.2500000   9.3198569e-21
 124804.3515625   9.2060315e-21
 125202.4453125   9.1199142e-21
 125600.5468750   9.0163688e-21
 125998.6484375   8.8984302e-21
 126396.7500000   8.8307670e-21
 126794.8515625   8.7733611e-21
 127192.9453125   8.7333802e-21
 127790.1015625   8.5847284e-21
 128586.2968750   8.4155490e-21
 129382.5000000   8.3283727e-21
 130178.6953125   8.1869014e-21
 130974.8984375   8.0443702e-21
 131771.0937500   7.9172453e-21
 132567.2968750   7.9244121e-21
 133363.5000000   8.0669424e-21
 134159.7031250   7.7808793e-21
 134955.8906250   7.8290739e-21
 135752.0937500   7.9059879e-21
 136548.2968750   8.0525718e-21
 137344.5000000   7.8782935e-21
 138140.7031250   7.7347462e-21
 138936.8906250   7.3789656e-21
 139733.0937500   7.4415163e-21
 140529.2968750   7.2374895e-21
 141325.5000000   6.8417344e-21
 142121.7031250   6.9298865e-21
 142917.8906250   6.6746104e-21
 143714.0937500   6.6458865e-21
 144510.2968750   6.2870359e-21
 145306.5000000   6.1137751e-21
 146102.7031250   5.9845851e-21
 146898.8906250   5.7334049e-21
 147695.0937500   5.5098727e-21
 148491.2968750   5.3622432e-21
 149287.5000000   5.1233491e-21
 150083.7031250   5.0146690e-21
 150879.8906250   4.9131689e-21
 151676.0937500   4.8065401e-21
 152472.2968750   4.7060684e-21
 153268.5000000   4.6363384e-21
 154064.7031250   4.5450901e-21
 154860.8906250   4.4702395e-21
 155657.0937500   4.3964290e-21
 156453.2968750   4.3574643e-21
 157249.5000000   4.3000512e-21
 158045.7031250   4.2569840e-21
 158841.8906250   4.1893059e-21
 159638.0937500   4.1339454e-21
 160434.2968750   4.0980628e-21
 161230.5000000   4.0693494e-21
 162026.7031250   4.0498799e-21
 162822.8906250   4.0437306e-21
 163619.0937500   4.0529580e-21
 164415.2968750   3.9822054e-21
 165211.5000000   3.8366248e-21
 166007.7031250   3.8561020e-21
 166803.8906250   3.8765973e-21
 167600.0937500   3.7750992e-21
 168396.2968750   3.7986828e-21
 169192.5000000   3.7576646e-21
 169988.7031250   3.7320406e-21
 170784.8906250   3.5505690e-21
 171581.0937500   3.3649804e-21
 172377.2968750   3.3444863e-21
 173173.5000000   3.1281404e-21
 173969.7031250   3.0297211e-21
 174765.8906250   2.9558954e-21
 175562.0937500   2.8892565e-21
 176358.2968750   2.8697686e-21
 177154.5000000   2.7898003e-21
 177950.7031250   2.7211037e-21
 178746.8906250   2.7487896e-21
 179543.0937500   2.6842017e-21
 180339.2968750   2.5519326e-21
 181135.5000000   2.4473601e-21
 181931.7031250   2.3622537e-21
 182727.8906250   2.2997176e-21
 183524.0937500   2.3181735e-21
 184320.2968750   2.2833137e-21
 185116.5000000   2.2597302e-21
 185912.7031250   2.2238440e-21
 186708.8906250   2.1479720e-21
 187505.0937500   2.1182379e-21
 188301.2968750   2.1746255e-21
 189097.5000000   2.1213099e-21
 189893.7031250   2.0823567e-21
 190689.8906250   2.0464721e-21
 191486.0937500   1.9952029e-21
 192282.2968750   1.9962286e-21
 193078.5000000   1.9541920e-21
 193874.7031250   1.9224063e-21
 194670.8906250   1.9060047e-21
 195467.0937500   1.8649914e-21
 196263.2968750   1.8485926e-21
 197059.5000000   1.7839947e-21
 197855.7031250   1.7563112e-21
 198651.8906250   1.7470872e-21
 199448.0937500   1.7347850e-21
 200244.2968750   1.7040217e-21
 201040.5000000   1.6548071e-21
 201836.7031250   1.6373773e-21
 202632.8906250   1.6322509e-21
 203429.0937500   1.6168755e-21
 204225.2968750   1.6014972e-21
 205021.5000000   1.5799661e-21
 205817.7031250   1.5789394e-21
 206613.8906250   1.5512531e-21
 207410.0937500   1.5256260e-21
 208206.2968750   1.5010154e-21
 209002.5000000   1.4897393e-21
 209798.7031250   1.4876863e-21
 210594.8906250   1.4610289e-21
 211391.0937500   1.4364254e-21
 212187.2968750   1.4189943e-21
 212983.5000000   1.3943882e-21
 213779.7031250   1.3800345e-21
 214575.8906250   1.3626054e-21
 215372.0937500   1.3523511e-21
 216168.2968750   1.3410721e-21
 216964.5000000   1.3338941e-21
 217760.7031250   1.3133914e-21
 218556.8906250   1.3041602e-21
 219353.0937500   1.2857057e-21
 220149.2968750   1.2918583e-21
 220945.5000000   1.2539251e-21
 221741.7031250   1.2641768e-21
 222537.8906250   1.2323925e-21
 223334.0937500   1.2282912e-21
 224130.2968750   1.2006108e-21
 224926.5000000   1.1975352e-21
 225722.7031250   1.1770277e-21
 226518.8906250   1.1565209e-21
 227315.0937500   1.1452446e-21
 228111.2968750   1.1329379e-21
 228907.5000000   1.1144859e-21
 229703.7031250   1.0960310e-21
 230499.8906250   1.1011549e-21
 231296.0937500   1.0878257e-21
 232092.2968750   1.0827021e-21
 232888.5000000   1.0714252e-21
 233684.7031250   1.0611694e-21
 234480.8906250   1.0447668e-21
 235277.0937500   1.0283603e-21
 236073.2968750   1.0113404e-21
 236869.5000000   9.9821686e-22
 237665.7031250   9.9268207e-22
 238461.8906250   9.7771163e-22
 239258.0937500   9.6182142e-22
 240054.2968750   9.5443657e-22
 240850.5000000   9.4900285e-22
 241646.7031250   9.4428826e-22
 242442.8906250   9.3229273e-22
 243239.0937500   9.1681046e-22
 244035.2968750   9.0502091e-22
 244831.5000000   8.9445861e-22
 245627.7031250   8.8082245e-22
 246423.8906250   8.6359675e-22
 247220.0937500   8.5262631e-22
 248016.2968750   8.4370873e-22
 248812.5000000   8.3704317e-22
 249608.7031250   8.2268731e-22
 250404.8906250   8.0751306e-22
 251201.0937500   7.9623677e-22
 251997.2968750   7.9008507e-22
 252793.5000000   7.8598385e-22
 253589.7031250   7.8208604e-22
 254385.8906250   7.6968283e-22
 255580.2031250   7.4712504e-22
 257172.5937500   7.2692808e-22
 258765.0000000   7.1370182e-22
 260357.3906250   6.9801336e-22
 261949.7968750   6.7463728e-22
 263542.1875000   6.5597624e-22
 265134.5937500   6.4756928e-22
 266727.0000000   6.3629253e-22
 268319.4062500   6.2204063e-22
 269911.7812500   6.0430335e-22
 271504.1875000   5.9456292e-22
 273096.5937500   5.8266927e-22
 274689.0000000   5.6206145e-22
 276281.4062500   5.4914160e-22
 277873.7812500   5.3724977e-22
 279466.1875000   5.2761133e-22
 281058.5937500   5.1551285e-22
 282651.0000000   5.0618218e-22
 284243.4062500   4.9572544e-22
 285835.7812500   4.8813799e-22
 287428.1875000   4.8147374e-22
 289020.5937500   4.7429599e-22
 290613.0000000   4.6404327e-22
 292205.4062500   4.5368933e-22
 293797.7812500   4.4323138e-22
 295390.1875000   4.3451574e-22
 296982.5937500   4.2990127e-22
 298575.0000000   4.2169952e-22
 300167.4062500   4.1513751e-22
 301759.7812500   4.0160500e-22
 303352.1875000   3.9422174e-22
 304944.5937500   3.8294365e-22
 306537.0000000   3.7935478e-22
 308129.4062500   3.7402453e-22
 309721.7812500   3.6787298e-22
 311314.1875000   3.5936166e-22
 312906.5937500   3.5064819e-22
 314499.0000000   3.4500838e-22
 316091.4062500   3.4162491e-22
 317683.7812500   3.3537087e-22
 319276.1875000   3.3024502e-22
 320868.5937500   3.2296432e-22
 322461.0000000   3.1732630e-22
 324053.4062500   3.1086656e-22
 325645.7812500   3.0543301e-22
 327238.1875000   2.9743479e-22
 328830.5937500   2.9230922e-22
 330423.0000000   2.8769490e-22
 332015.4062500   2.8297816e-22
 333607.7812500   2.7979965e-22
 335200.1875000   2.7477638e-22
 336792.5937500   2.6985513e-22
 338385.0000000   2.6513842e-22
 339977.4062500   2.6185767e-22
 341569.7812500   2.5816701e-22
 343162.1875000   2.5406602e-22
 344754.5937500   2.4986219e-22
 346347.0000000   2.4576031e-22
 347939.4062500   2.4299241e-22
 349531.7812500   2.4073733e-22
 351124.1875000   2.3940356e-22
 352716.5937500   2.3612270e-22
 354309.0000000   2.3335467e-22
 355901.4062500   2.2894591e-22
 357493.7812500   2.2494718e-22
 359086.1875000   2.2217940e-22
 360678.5937500   2.1695028e-22
 362271.0000000   2.1274677e-22
 363863.4062500   2.0844062e-22
 365455.7812500   2.0515926e-22
 367048.1875000   2.0341691e-22
 368640.5937500   2.0331419e-22
 370233.0000000   2.0126375e-22
 371825.4062500   1.9654674e-22
 373417.7812500   1.9275381e-22
 375010.1875000   1.8906228e-22
 376602.5937500   1.8649914e-22
 378195.0000000   1.8608925e-22
 379787.4062500   1.8393603e-22
 381379.7812500   1.8055289e-22
 382972.1875000   1.7860486e-22
 384564.5937500   1.7470872e-22
 386157.0000000   1.7101769e-22
 387749.4062500   1.7050472e-22
 389341.7812500   1.6917181e-22
 390934.1875000   1.6681385e-22
 392526.5937500   1.6558323e-22
 394119.0000000   1.6394280e-22
 395711.4062500   1.6045738e-22
 397303.7812500   1.5666374e-22
 398896.1875000   1.5338291e-22
 796200.0000000   7.0303741e-24
1592400.0000000   4.5010111e-25
2388600.0000000   8.9271617e-26
3184800.0000000   2.8236364e-26
3981000.0000000   1.1554954e-26
4777200.0000000   5.5601185e-27
5573400.0000000   2.9948617e-27
6369600.0000000   1.7522126e-27
