    370.6430054   7.2787225e-24
    382.8619995   8.3277703e-24
    391.0079956   8.9055289e-24
    399.1539917   4.9966541e-23
    407.2999878   1.3832782e-22
    415.4459839   1.5010983e-22
    423.5919800   1.4254061e-22
    431.7380066   1.4489680e-22
    439.8840027   1.4784993e-22
    448.0299988   1.6897618e-22
    464.3219910   1.7527016e-22
    480.6139832   1.7010574e-22
    492.8330078   2.1561813e-22
    509.1250000   2.2384889e-22
    517.2709961   2.2852957e-22
    521.3439941   2.3224184e-22
    533.5629883   2.2384889e-22
    537.6359863   2.3175683e-22
    545.7819824   2.2126655e-22
    558.0009766   2.4612059e-22
    570.2199707   2.4676675e-22
    582.4389648   3.1148363e-22
    598.7310181   3.8749898e-22
    615.0230103   3.4682922e-22
    631.3150024   3.9137283e-22
    647.6069946   3.9298672e-22
    659.8259888   3.9347026e-22
    676.1179810   3.9605354e-22
    692.4099731   3.9573012e-22
    704.6289673   3.2520257e-22
    720.9210205   3.9863444e-22
    733.1400146   3.9928103e-22
    741.2860107   3.9928103e-22
    757.5780029   3.9992686e-22
    777.9429932   4.0024841e-22
    790.1619873   4.0266919e-22
    806.4539795   4.0170123e-22
    822.7459717   4.0315402e-22
    834.9649658   4.0266919e-22
    855.3300171   3.9040461e-22
    879.7680054   4.0234744e-22
    896.0599976   4.0379902e-22
    908.2789917   3.9895849e-22
    924.5709839   3.9145366e-22
    936.7899780   4.7591219e-22
    953.0819702   6.8405494e-22
    977.5200195   7.0400002e-22
   1001.9580078   6.2160785e-22
   1026.3959961   6.0727931e-22
   1046.7609863   5.3583487e-22
   1058.9799805   5.4732508e-22
   1075.2719727   6.6656338e-22
   1095.6369629   6.5533283e-22
   1116.0019531   6.3748286e-22
   1136.3669434   5.2603467e-22
   1156.7319336   5.9963864e-22
   1181.1700439   5.9196405e-22
   1205.6080322   5.1766037e-22
   1225.9730225   4.5199195e-22
   1254.4840088   4.5980044e-22
   1295.2139893   4.1726799e-22
   1335.9439697   3.9854518e-22
   1376.6739502   3.4828696e-22
   1417.4039307   3.0514147e-22
   1454.0610352   3.8377969e-22
   1490.7180176   5.4775795e-22
   1527.3750000   5.0511524e-22
   1568.1049805   3.7292318e-22
   1608.8349609   5.1844757e-22
   1649.5649414   6.0072200e-22
   1686.2219238   5.6261353e-22
   1718.8060303   4.8464231e-22
   1751.3900146   4.4032216e-22
   1796.1929932   4.8163354e-22
   1836.9229736   4.6380402e-22
   1873.5799561   3.8782924e-22
   1914.3099365   3.7477358e-22
   1955.0400391   4.0113004e-22
   1995.7700195   3.2326455e-22
   2036.5000000   3.8213985e-22
   2060.9379883   3.2059661e-22
   2085.3759766   4.9253653e-22
   2117.9599609   4.5384786e-22
   2158.6899414   4.0373520e-22
   2199.4199219   3.2091778e-22
   2240.1499023   3.0186647e-22
   2280.8798828   3.8660480e-22
   2321.6098633   4.2327401e-22
   2362.3400879   4.0530212e-22
   2403.0700684   4.0574024e-22
   2443.8000488   3.3585810e-22
   2484.5300293   3.2282331e-22
   2525.2600098   4.0804549e-22
   2565.9899902   3.8328111e-22
   2606.7199707   4.2464627e-22
   2647.4499512   4.1129663e-22
   2680.0339355   3.8060562e-22
   2708.5449219   4.3495973e-22
   2749.2749023   4.6683466e-22
   2790.0048828   4.0922459e-22
   2830.7348633   4.8989600e-22
   2871.4650879   4.0929110e-22
   2916.2680664   5.4895005e-22
   2956.9980469   5.8152029e-22
   2993.6550293   6.1222276e-22
   3034.3850098   6.2629922e-22
   3075.1149902   6.6300147e-22
   3115.8449707   6.3779649e-22
   3156.5749512   7.6910687e-22
   3197.3049316   7.6525910e-22
   3238.0349121   9.0205884e-22
   3278.7648926   1.0429860e-21
   3319.4948730   1.2204811e-21
   3360.2248535   1.4546809e-21
   3400.9550781   1.3656342e-21
   3441.6850586   2.0048259e-21
   3482.4150391   2.3630169e-21
   3523.1450195   2.9595789e-21
   3563.8750000   3.6228786e-21
   3604.6049805   4.4545328e-21
   3645.3349609   5.5336517e-21
   3686.0649414   6.7748928e-21
   3726.7949219   8.2659351e-21
   3767.5249023   2.8766657e-20
   3808.2548828   5.3045183e-20
   3848.9848633   7.6933316e-20
   3889.7148438   9.9474453e-20
   3930.4450684   1.0837275e-19
   3971.1750488   5.4985248e-20
   4011.9050293   1.0239462e-19
   4052.6350098   1.0053776e-19
   4093.3649902   1.2508426e-19
   4134.0947266   1.3348584e-19
   4174.8251953   1.0376996e-19
   4215.5551758   1.6026198e-19
   4256.2851562   2.0860047e-19
   4297.0151367   2.0299348e-19
   4337.7451172   1.7730171e-19
   4378.4750977   1.9409987e-19
   4419.2050781   1.7741543e-19
   4459.9350586   2.0384578e-19
   4500.6650391   1.9634879e-19
   4541.3950195   1.9520952e-19
   4582.1250000   1.7224073e-19
   4622.8549805   2.0366681e-19
   4663.5849609   1.9776031e-19
   4704.3149414   1.9771081e-19
   4745.0449219   1.9398568e-19
   4785.7749023   1.3199868e-19
   4826.5048828   1.8736985e-19
   4867.2348633   1.7408033e-19
   4907.9648438   1.5375963e-19
   4948.6948242   1.3129794e-19
   4989.4248047   2.7357052e-19
   5030.1547852   3.0882612e-19
   5070.8847656   3.1401508e-19
   5111.6147461   3.1168755e-19
   5152.3447266   3.1729364e-19
   5193.0747070   3.5259013e-19
   5233.8051758   3.6027435e-19
   5274.5351562   3.2421574e-19
   5315.2651367   3.3258190e-19
   5355.9951172   3.7074959e-19
   5396.7250977   3.5968781e-19
   5437.4550781   3.5024887e-19
   5478.1850586   3.7013300e-19
   5518.9150391   3.6699928e-19
   5559.6450195   3.5081229e-19
   5600.3750000   3.4760694e-19
   5641.1049805   3.4498193e-19
   5681.8349609   2.5252149e-19
   5722.5649414   2.4454426e-19
   5763.2949219   3.3548512e-19
   5804.0249023   3.2455339e-19
   5844.7548828   3.4482440e-19
   5873.2661133   3.4802396e-19
   5893.6308594   3.4801481e-19
   5926.2148438   3.3960479e-19
   5966.9448242   3.2772888e-19
   6007.6748047   3.3710976e-19
   6048.4047852   3.4293207e-19
   6089.1347656   3.4092732e-19
   6129.8647461   3.2598904e-19
   6158.3759766   3.0500750e-19
   6178.7407227   3.1306080e-19
   6211.3247070   3.1383307e-19
   6252.0546875   2.7255715e-19
   6292.7851562   2.3603513e-19
   6333.5151367   2.3953455e-19
   6374.2451172   2.7282063e-19
   6414.9750977   2.8975108e-19
   6455.7050781   2.9392808e-19
   6496.4350586   2.9461177e-19
   6537.1650391   2.8999295e-19
   6577.8950195   2.8494930e-19
   6618.6250000   2.8516713e-19
   6659.3549805   2.9875781e-19
   6700.0849609   3.0010968e-19
   6740.8149414   3.0080906e-19
   6781.5449219   3.0698164e-19
   6810.0561523   2.8786875e-19
   6830.4208984   3.2388130e-19
   6863.0048828   3.1703178e-19
   6903.7348633   3.0525674e-19
   6944.4648438   3.0064001e-19
   6985.1948242   2.8644241e-19
   7025.9248047   2.8167196e-19
   7066.6547852   2.9476964e-19
   7107.3847656   2.9082579e-19
   7148.1147461   2.9374355e-19
   7188.8447266   2.8902789e-19
   7229.5747070   2.7994907e-19
   7270.3046875   2.8778027e-19
   7311.0351562   2.9213796e-19
   7351.7651367   2.9516474e-19
   7392.4951172   2.7558316e-19
   7433.2250977   2.8140118e-19
   7473.9550781   2.7759595e-19
   7514.6850586   2.6113022e-19
   7555.4150391   2.6288500e-19
   7596.1450195   2.6553643e-19
   7636.8750000   2.7219469e-19
   7677.6049805   2.5182596e-19
   7718.3349609   2.4142398e-19
   7759.0649414   2.5569086e-19
   7799.7949219   2.4385683e-19
   7840.5249023   2.3271150e-19
   7881.2548828   2.4675591e-19
   7921.9848633   2.5085017e-19
   7962.7148438   2.2990973e-19
   8011.5908203   2.4618655e-19
   8048.2480469   2.5317111e-19
   8080.8320312   2.4130738e-19
   8125.6347656   2.3690230e-19
   8166.3647461   2.4436606e-19
   8207.0947266   2.4160749e-19
   8247.8251953   2.4713117e-19
   8288.5546875   2.3190241e-19
   8329.2851562   2.3475425e-19
   8370.0146484   2.0630272e-19
   8410.7451172   2.1773927e-19
   8447.4023438   2.4120248e-19
   8463.6943359   2.2500507e-19
   8492.2050781   2.3228568e-19
   8532.9345703   2.2209898e-19
   8573.6650391   2.2681176e-19
   8614.3945312   2.2941852e-19
   8655.1250000   2.2946993e-19
   8695.8544922   2.2565622e-19
   8736.5849609   2.1921307e-19
   8777.3144531   2.2573849e-19
   8818.0449219   2.2198974e-19
   8858.7744141   2.2213604e-19
   8899.5048828   2.1659379e-19
   8940.2353516   2.2141526e-19
   8980.9648438   2.1993921e-19
   9021.6953125   2.1533044e-19
   9062.4248047   2.1286131e-19
   9103.1552734   2.1330864e-19
   9143.8847656   2.1291179e-19
   9184.6152344   2.0820142e-19
   9225.3447266   2.1166435e-19
   9266.0751953   2.1166341e-19
   9306.8046875   2.1128819e-19
   9347.5351562   1.9966981e-19
   9388.2646484   2.0527963e-19
   9428.9951172   2.0150570e-19
   9469.7246094   1.8219585e-19
   9510.4550781   1.9623414e-19
   9551.1845703   1.9652736e-19
   9591.9150391   1.9625137e-19
   9632.6445312   1.9311184e-19
   9673.3750000   1.9055490e-19
   9714.1044922   1.8556086e-19
   9754.8349609   1.8753286e-19
   9795.5644531   1.8446393e-19
   9836.2949219   1.8402294e-19
   9877.0244141   1.8463818e-19
   9917.7548828   1.8004100e-19
   9958.4853516   1.8123099e-19
   9999.2148438   1.7990743e-19
  10039.9453125   1.7773517e-19
  10080.6748047   1.7522322e-19
  10121.4052734   1.7287276e-19
  10162.1347656   1.4452754e-19
  10202.8652344   1.6862554e-19
  10235.4492188   1.6153463e-19
  10255.8134766   1.6784088e-19
  10284.3251953   1.6687654e-19
  10325.0546875   1.6653829e-19
  10365.7851562   1.6304423e-19
  10406.5146484   1.6449783e-19
  10447.2451172   1.6313519e-19
  10487.9746094   1.6399073e-19
  10528.7050781   1.6247738e-19
  10569.4345703   1.6071449e-19
  10610.1650391   1.5945391e-19
  10650.8945312   1.5737163e-19
  10691.6250000   1.5754521e-19
  10732.3544922   1.5714786e-19
  10773.0849609   1.5743800e-19
  10813.8144531   1.5693199e-19
  10854.5449219   1.5201253e-19
  10895.2744141   1.5227714e-19
  10936.0048828   1.5235474e-19
  10976.7353516   1.4857244e-19
  11017.4648438   1.4755738e-19
  11058.1953125   1.4655952e-19
  11098.9248047   1.4653250e-19
  11139.6552734   1.4541763e-19
  11180.3847656   1.4253623e-19
  11221.1152344   1.4194029e-19
  11261.8447266   1.4128290e-19
  11302.5751953   1.4242485e-19
  11343.3046875   1.4034043e-19
  11384.0351562   1.3388921e-19
  11424.7646484   1.3583365e-19
  11465.4951172   1.3757777e-19
  11506.2246094   1.3618130e-19
  11546.9550781   1.3189727e-19
  11587.6845703   1.3213673e-19
  11628.4150391   1.3056706e-19
  11669.1445312   1.3082824e-19
  11709.8750000   1.2934908e-19
  11750.6044922   1.2850315e-19
  11791.3349609   1.2692425e-19
  11852.4296875   1.2612462e-19
  11933.8896484   1.2481152e-19
  12015.3496094   1.2232876e-19
  12096.8095703   1.2139431e-19
  12178.2695312   1.1967706e-19
  12259.7294922   1.1736135e-19
  12341.1894531   1.1680652e-19
  12422.6494141   1.1570216e-19
  12504.1093750   1.1438901e-19
  12585.5703125   1.1202006e-19
  12667.0302734   1.1120244e-19
  12748.4902344   1.0906604e-19
  12829.9501953   1.0796610e-19
  12911.4101562   1.0574316e-19
  12992.8701172   1.0362878e-19
  13074.3300781   1.0221356e-19
  13155.7900391   1.0059298e-19
  13237.2500000   9.9346524e-20
  13318.7099609   9.7255347e-20
  13400.1699219   9.5772671e-20
  13481.6298828   9.4211574e-20
  13563.0898438   9.2316426e-20
  13644.5498047   9.0428813e-20
  13726.0097656   8.8919279e-20
  13807.4697266   8.7627553e-20
  13888.9296875   8.6228758e-20
  13970.3896484   8.4141284e-20
  14051.8496094   8.2668430e-20
  14133.3095703   8.1618984e-20
  14214.7695312   8.0245244e-20
  14296.2294922   7.9098616e-20
  14377.6894531   7.7961534e-20
  14459.1494141   7.6724795e-20
  14540.6093750   7.5367191e-20
  14622.0703125   7.3649971e-20
  14703.5302734   7.2532579e-20
  14784.9902344   7.1619669e-20
  14825.7197266   7.1079759e-20
  14866.4501953   7.0910769e-20
  14947.9101562   6.9554555e-20
  15029.3701172   6.7368853e-20
  15110.8300781   6.8351743e-20
  15192.2900391   6.7607746e-20
  15273.7500000   7.2624383e-20
  15355.2099609   7.2247396e-20
  15436.6699219   7.5474848e-20
  15518.1298828   7.8859981e-20
  15599.5898438   7.0357967e-20
  15681.0498047   7.9149003e-20
  15762.5097656   7.9167085e-20
  15843.9697266   6.6919745e-20
  15925.4296875   7.8637250e-20
  16006.8896484   7.5339067e-20
  16088.3496094   7.5771101e-20
  16169.8095703   6.2108940e-20
  16251.2695312   7.4640533e-20
  16332.7294922   7.4974332e-20
  16414.1894531   7.2934421e-20
  16495.6503906   7.3368135e-20
  16577.1093750   7.1059474e-20
  16658.5703125   6.7496788e-20
  16740.0292969   6.0647441e-20
  16821.4902344   6.8358943e-20
  16902.9492188   6.8450275e-20
  16984.4101562   6.7968274e-20
  17065.8691406   6.7476341e-20
  17147.3300781   6.6980013e-20
  17228.7890625   6.6075730e-20
  17310.2500000   6.5127290e-20
  17391.7089844   6.3511871e-20
  17473.1699219   6.3232988e-20
  17554.6289062   6.1410780e-20
  17636.0898438   5.7774759e-20
  17717.5488281   5.3452098e-20
  17799.0097656   6.0137924e-20
  17880.4707031   5.9308042e-20
  17961.9296875   5.9098216e-20
  18043.3906250   5.8849829e-20
  18124.8496094   5.8370032e-20
  18206.3105469   5.6913968e-20
  18287.7695312   5.7209433e-20
  18369.2304688   5.7278567e-20
  18450.6894531   5.6063045e-20
  18532.1503906   5.5292546e-20
  18613.6093750   5.5425534e-20
  18695.0703125   5.4340422e-20
  18776.5292969   5.3896678e-20
  18857.9902344   5.2912563e-20
  18939.4492188   5.2000279e-20
  19020.9101562   5.2191323e-20
  19102.3691406   5.1422523e-20
  19183.8300781   5.0262790e-20
  19265.2890625   5.0678177e-20
  19346.7500000   5.0320217e-20
  19428.2089844   5.0114007e-20
  19509.6699219   4.9362365e-20
  19591.1289062   4.8566721e-20
  19672.5898438   4.8039981e-20
  19754.0488281   4.5127394e-20
  19835.5097656   4.0560485e-20
  19916.9707031   4.6397517e-20
  19998.4296875   4.6171070e-20
  20079.8906250   4.5076293e-20
  20161.3496094   4.5316667e-20
  20242.8105469   4.4845855e-20
  20324.2695312   4.3897829e-20
  20405.7304688   4.2351201e-20
  20487.1894531   4.2940981e-20
  20568.6503906   4.2339485e-20
  20650.1093750   4.2610529e-20
  20731.5703125   4.1845167e-20
  20813.0292969   4.1515129e-20
  20894.4902344   4.0703600e-20
  20975.9492188   4.0088349e-20
  21057.4101562   3.9334241e-20
  21138.8691406   3.9123708e-20
  21220.3300781   3.8875695e-20
  21301.7890625   3.8799621e-20
  21383.2500000   3.8726418e-20
  21464.7089844   3.7701710e-20
  21546.1699219   3.8212978e-20
  21627.6289062   3.8007111e-20
  21709.0898438   3.7120745e-20
  21790.5488281   3.7290026e-20
  21872.0097656   3.7006148e-20
  21953.4707031   3.6419102e-20
  22034.9296875   3.5931996e-20
  22116.3906250   3.5696689e-20
  22197.8496094   3.5546500e-20
  22279.3105469   3.4922893e-20
  22360.7695312   3.4630414e-20
  22442.2304688   3.4332238e-20
  22523.6894531   3.4251662e-20
  22605.1503906   3.4132881e-20
  22686.6093750   3.3782118e-20
  22768.0703125   3.3230744e-20
  22849.5292969   3.3162947e-20
  22930.9902344   3.2687648e-20
  23012.4492188   3.2430973e-20
  23093.9101562   3.2031655e-20
  23175.3691406   3.1989336e-20
  23256.8300781   3.1625302e-20
  23338.2890625   3.1961671e-20
  23419.7500000   3.1282303e-20
  23501.2089844   3.1241526e-20
  23582.6699219   3.0701400e-20
  23664.1289062   3.0784842e-20
  23745.5898438   3.0754976e-20
  23827.0488281   3.0270019e-20
  23908.5097656   2.9560323e-20
  23989.9707031   2.8945596e-20
  24071.4296875   2.9317520e-20
  24152.8906250   2.9131925e-20
  24234.3496094   2.8848005e-20
  24315.8105469   2.8906725e-20
  24397.2695312   2.8464283e-20
  24478.7304688   2.8284216e-20
  24560.1894531   2.8320137e-20
  24641.6503906   2.8266584e-20
  24723.1093750   2.8157176e-20
  24804.5703125   2.7646202e-20
  24886.0292969   2.7492672e-20
  24967.4902344   2.6889514e-20
  25048.9492188   2.6640200e-20
  25130.4101562   2.6171575e-20
  25211.8691406   2.6225076e-20
  25293.3300781   2.5908995e-20
  25374.7890625   2.5394505e-20
  25456.2500000   2.4912976e-20
  25537.7089844   2.5279111e-20
  25619.1699219   2.5391157e-20
  25700.6289062   2.5050120e-20
  25782.0898438   2.5157393e-20
  25863.5488281   2.4892850e-20
  25945.0097656   2.4757440e-20
  26026.4687500   2.4816659e-20
  26107.9296875   2.4598119e-20
  26189.3906250   2.4526598e-20
  26270.8496094   2.4380864e-20
  26352.3105469   2.4278072e-20
  26433.7695312   2.3852885e-20
  26515.2304688   2.3958296e-20
  26596.6894531   2.3723548e-20
  26678.1503906   2.2985826e-20
  26759.6093750   2.0900214e-20
  26841.0703125   2.3138054e-20
  26922.5292969   2.3260012e-20
  27003.9902344   2.3040300e-20
  27085.4492188   2.2793518e-20
  27166.9101562   2.2335592e-20
  27248.3691406   2.2333531e-20
  27329.8300781   2.1953196e-20
  27411.2890625   2.1990252e-20
  27492.7500000   2.1709950e-20
  27574.2089844   2.1706901e-20
  27655.6699219   2.1447628e-20
  27737.1289062   2.1479489e-20
  27818.5898438   2.1467041e-20
  27900.0488281   2.1241959e-20
  27981.5097656   2.1304276e-20
  28062.9687500   2.1393253e-20
  28144.4296875   2.1300253e-20
  28225.8906250   2.1095994e-20
  28307.3496094   2.0864537e-20
  28388.8105469   2.0917386e-20
  28470.2695312   2.0760884e-20
  28551.7304688   2.0550604e-20
  28633.1894531   2.0518230e-20
  28714.6503906   2.0329416e-20
  28796.1093750   1.9707016e-20
  28877.5703125   1.9378557e-20
  28959.0292969   1.8794429e-20
  29040.4902344   1.8509203e-20
  29121.9492188   1.8564074e-20
  29203.4101562   1.8596469e-20
  29284.8691406   1.8494253e-20
  29366.3300781   1.8746533e-20
  29447.7890625   1.8787826e-20
  29529.2500000   1.8901127e-20
  29610.7089844   1.8865964e-20
  29692.1699219   1.8686445e-20
  29773.6289062   1.8925879e-20
  29855.0898438   1.8890422e-20
  29936.5488281   1.8913417e-20
  30018.0097656   1.9103588e-20
  30099.4687500   1.8868864e-20
  30180.9296875   1.8801281e-20
  30262.3906250   1.8801281e-20
  30343.8496094   1.8756004e-20
  30425.3105469   1.8674221e-20
  30506.7695312   1.8560487e-20
  30588.2304688   1.8623687e-20
  30669.6894531   1.8682260e-20
  30751.1503906   1.8663561e-20
  30832.6093750   1.8521889e-20
  30914.0703125   1.8293429e-20
  30995.5292969   1.8128353e-20
  31076.9902344   1.7976685e-20
  31158.4492188   1.7797342e-20
  31239.9101562   1.7416827e-20
  31321.3691406   1.7520013e-20
  31402.8300781   1.7303227e-20
  31484.2890625   1.7241632e-20
  31565.7500000   1.7156955e-20
  31647.2089844   1.7140913e-20
  31728.6699219   1.7198146e-20
  31810.1289062   1.7149798e-20
  31891.5898438   1.7092125e-20
  31973.0488281   1.6859888e-20
  32054.5097656   1.6806438e-20
  32135.9687500   1.6380286e-20
  32217.4296875   1.6160631e-20
  32298.8886719   1.6198647e-20
  32380.3496094   1.6056846e-20
  32461.8105469   1.6283813e-20
  32543.2695312   1.6220217e-20
  32624.7304688   1.6308863e-20
  32706.1894531   1.6254375e-20
  32787.6484375   1.6148924e-20
  32869.1093750   1.6006292e-20
  32950.5703125   1.5761511e-20
  33032.0312500   1.5650732e-20
  33113.4882812   1.5790057e-20
  33194.9492188   1.5748640e-20
  33276.4101562   1.5758120e-20
  33357.8710938   1.5586529e-20
  33439.3281250   1.5456532e-20
  33520.7890625   1.5502898e-20
  33602.2500000   1.5498132e-20
  33683.7109375   1.5493301e-20
  33765.1679688   1.5362733e-20
  33846.6289062   1.4998922e-20
  33928.0898438   1.4984372e-20
  34009.5507812   1.4927752e-20
  34091.0078125   1.4941066e-20
  34172.4687500   1.4790838e-20
  34253.9296875   1.4981543e-20
  34335.3906250   1.4803055e-20
  34416.8515625   1.4680433e-20
  34498.3085938   1.4557674e-20
  34579.7695312   1.4842179e-20
  34661.2304688   1.4142880e-20
  34742.6914062   1.4764943e-20
  34824.1484375   1.3736344e-20
  34905.6093750   1.5011312e-20
  34987.0703125   1.4498272e-20
  35068.5312500   1.4482680e-20
  35149.9882812   1.5035988e-20
  35231.4492188   1.4790123e-20
  35312.9101562   1.3494354e-20
  35394.3710938   1.4631836e-20
  35475.8281250   1.4917660e-20
  35557.2890625   1.4770066e-20
  35638.7500000   1.3905266e-20
  35720.2109375   1.4629972e-20
  35801.6679688   1.4807674e-20
  35883.1289062   1.4612249e-20
  35964.5898438   1.4601022e-20
  36046.0507812   1.4357918e-20
  36127.5078125   1.3617771e-20
  36208.9687500   1.4458023e-20
  36290.4296875   1.4602819e-20
  36371.8906250   1.4373313e-20
  36453.3476562   1.4361704e-20
  36534.8085938   1.4326237e-20
  36616.2695312   1.4172165e-20
  36697.7304688   1.3329253e-20
  36779.1914062   1.3834786e-20
  36860.6484375   1.4331269e-20
  36942.1093750   1.4124382e-20
  37023.5703125   1.3788808e-20
  37105.0312500   1.3805108e-20
  37186.4882812   1.3930938e-20
  37267.9492188   1.3813902e-20
  37349.4101562   1.3620403e-20
  37430.8710938   1.3512501e-20
  37512.3281250   1.3013198e-20
  37593.7890625   1.2298543e-20
  37675.2500000   1.2863302e-20
  37756.7109375   1.3079722e-20
  37838.1679688   1.3114637e-20
  37919.6289062   1.3149529e-20
  38001.0898438   1.3069615e-20
  38082.5507812   1.3037453e-20
  38164.0078125   1.2895034e-20
  38245.4687500   1.2934625e-20
  38326.9296875   1.2676882e-20
  38408.3906250   1.2865053e-20
  38489.8476562   1.2678998e-20
  38571.3085938   1.2761623e-20
  38652.7695312   1.2743475e-20
  38734.2304688   1.2571484e-20
  38815.6914062   1.2471399e-20
  38897.1484375   1.1741137e-20
  38978.6093750   1.2352729e-20
  39060.0703125   1.2579713e-20
  39141.5312500   1.2445684e-20
  39222.9882812   1.2427113e-20
  39304.4492188   1.2341070e-20
  39385.9101562   1.2269303e-20
  39467.3710938   1.2347088e-20
  39548.8281250   1.2275284e-20
  39630.2890625   1.2237174e-20
  39711.7500000   1.2150686e-20
  39793.2109375   1.2146310e-20
  39874.6679688   1.2011358e-20
  39956.1289062   1.2161630e-20
  40037.5898438   1.2070055e-20
  40119.0507812   1.2104242e-20
  40200.5078125   1.2031949e-20
  40281.9687500   1.1974015e-20
  40363.4296875   1.1916046e-20
  40444.8906250   1.1930761e-20
  40526.3476562   1.1901820e-20
  40607.8085938   1.1882547e-20
  40689.2695312   1.1809763e-20
  40831.8242188   1.1567118e-20
  41035.4726562   1.1317870e-20
  41239.1250000   1.1506418e-20
  41442.7734375   1.1397829e-20
  41646.4257812   1.1347634e-20
  41850.0742188   1.1291952e-20
  42053.7226562   1.1108822e-20
  42257.3750000   1.1003696e-20
  42461.0234375   1.0956678e-20
  42664.6757812   1.0826571e-20
  42868.3242188   1.0764508e-20
  43071.9726562   1.0633414e-20
  43275.6250000   1.0550844e-20
  43479.2734375   1.0354644e-20
  43682.9257812   1.0301618e-20
  43886.5742188   1.0198173e-20
  44090.2226562   9.9762764e-21
  44293.8750000   9.7935131e-21
  44497.5234375   9.3868779e-21
  44701.1757812   9.3217625e-21
  44904.8242188   9.2267377e-21
  45108.4726562   9.1265075e-21
  45312.1250000   9.0704854e-21
  45515.7734375   9.0193213e-21
  45719.4257812   8.9630512e-21
  45923.0742188   8.8817420e-21
  46126.7226562   8.8352494e-21
  46330.3750000   8.7935963e-21
  46534.0234375   8.7361638e-21
  46737.6757812   8.7594453e-21
  46941.3242188   8.7219030e-21
  47144.9726562   8.6348132e-21
  47348.6250000   8.5368125e-21
  47552.2734375   8.4989544e-21
  47755.9257812   8.5213424e-21
  47959.5742188   8.4229645e-21
  48163.2226562   8.3546599e-21
  48366.8750000   8.2357503e-21
  48570.5234375   8.2983801e-21
  48774.1757812   8.0828858e-21
  48977.8242188   8.1501855e-21
  49181.4726562   8.0610479e-21
  49385.1250000   8.0166686e-21
  49588.7734375   7.9975384e-21
  49792.4257812   7.9232828e-21
  49996.0742188   7.8634487e-21
  50199.7226562   7.7882480e-21
  50403.3750000   7.7485352e-21
  50607.0234375   7.6782095e-21
  50810.6757812   7.6281627e-21
  51014.3242188   7.5423491e-21
  51217.9726562   7.5022753e-21
  51421.6250000   7.4516404e-21
  51625.2734375   7.3753871e-21
  51828.9257812   7.3501007e-21
  52032.5742188   7.3043417e-21
  52236.2226562   7.0077029e-21
  52439.8750000   7.1664981e-21
  52643.5234375   7.0894266e-21
  52847.1757812   7.1048861e-21
  53050.8242188   7.0173730e-21
  53254.4726562   7.0225219e-21
  53458.1250000   6.9245494e-21
  53661.7734375   6.8881511e-21
  53865.4257812   6.8620335e-21
  54069.0742188   6.7737324e-21
  54272.7226562   6.7784050e-21
  54476.3750000   6.7105746e-21
  54680.0234375   6.7100439e-21
  54883.6757812   6.6575587e-21
  55087.3242188   6.6205291e-21
  55290.9726562   6.5316916e-21
  55494.6250000   6.4996993e-21
  55698.2734375   6.4831920e-21
  55901.9257812   6.4614753e-21
  56105.5742188   6.4241815e-21
  56309.2226562   6.3969003e-21
  56512.8750000   6.3229100e-21
  56716.5234375   6.2386972e-21
  56920.1757812   6.2164610e-21
  57123.8242188   6.1109983e-21
  57327.4726562   6.0626402e-21
  57531.1250000   5.9309084e-21
  57734.7734375   5.8927939e-21
  57938.4257812   5.8179110e-21
  58142.0742188   5.7535981e-21
  58345.7226562   5.7988297e-21
  58549.3750000   5.8020649e-21
  58753.0234375   5.6746993e-21
  58956.6757812   5.7356352e-21
  59160.3242188   5.6708373e-21
  59343.6093750   5.6790125e-21
  59547.2578125   5.6190973e-21
  59771.2734375   5.5965130e-21
  59974.9257812   5.5260257e-21
  60178.5742188   5.5396088e-21
  60382.2226562   5.5269725e-21
  60585.8750000   5.5035735e-21
  60789.5234375   5.5644561e-21
  60993.1757812   5.5200105e-21
  61196.8242188   5.5020512e-21
  61400.4726562   5.4628046e-21
  61604.1250000   5.4972206e-21
  61807.7734375   5.5053385e-21
  62011.4257812   5.4976310e-21
  62215.0742188   5.4846566e-21
  62418.7226562   5.4505584e-21
  62622.3750000   5.4850419e-21
  62826.0234375   5.4612455e-21
  63029.6757812   5.4691179e-21
  63233.3242188   5.4137945e-21
  63436.9726562   5.1637291e-21
  63640.6250000   5.2067009e-21
  63844.2734375   5.2157413e-21
  64047.9257812   5.2899545e-21
  64251.5742188   4.9737312e-21
  64455.2226562   4.9068406e-21
  64658.8750000   4.9163750e-21
  64862.5234375   5.0839797e-21
  65066.1757812   4.9003371e-21
  65371.6484375   4.9469577e-21
  65778.9531250   5.0166420e-21
  66186.2500000   4.8670281e-21
  66593.5468750   4.9932326e-21
  67000.8515625   4.7681179e-21
  67408.1484375   4.8656387e-21
  67815.4531250   4.7555074e-21
  68222.7500000   4.7280598e-21
  68630.0468750   4.6224226e-21
  69037.3515625   4.6308350e-21
  69444.6484375   4.5549528e-21
  69851.9453125   4.4994804e-21
  70259.2500000   4.4233794e-21
  70666.5468750   4.3080576e-21
  71073.8515625   4.2909687e-21
  71481.1484375   4.2324053e-21
  71888.4453125   4.1699871e-21
  72295.7500000   4.0972271e-21
  72703.0468750   4.0604866e-21
  73110.3515625   3.9909691e-21
  73517.6484375   3.9114087e-21
  73924.9453125   3.8395167e-21
  74332.2500000   3.7880627e-21
  74739.5468750   3.7276761e-21
  75146.8515625   3.6576509e-21
  75554.1484375   3.6113769e-21
  75961.4453125   3.5259943e-21
  76368.7500000   3.4497135e-21
  76776.0468750   3.4303600e-21
  77183.3515625   3.3280691e-21
  77590.6484375   3.3379793e-21
  77997.9453125   3.2744260e-21
  78405.2500000   3.2284740e-21
  78812.5468750   3.1527672e-21
  79219.8515625   3.0728647e-21
  79627.1484375   3.0632709e-21
  80034.4453125   3.0039583e-21
  80441.7500000   2.9442937e-21
  80849.0468750   2.9039823e-21
  81256.3515625   2.8614189e-21
  81663.6484375   2.8324989e-21
  82070.9453125   2.7912410e-21
  82478.2500000   2.7244347e-21
  82885.5468750   2.6816628e-21
  83292.8515625   2.6624409e-21
  83700.1484375   2.6122196e-21
  84107.4453125   2.5665615e-21
  84514.7500000   2.5327119e-21
  84922.0468750   2.4911445e-21
  85329.3515625   2.4491830e-21
  85736.6484375   2.4284365e-21
  86143.9453125   2.3834351e-21
  86551.2500000   2.3471918e-21
  86958.5468750   2.3260113e-21
  87365.8515625   2.2885999e-21
  87773.1484375   2.2522553e-21
  88180.4453125   2.2013249e-21
  88587.7500000   2.1792582e-21
  88995.0468750   2.1527561e-21
  89402.3515625   2.1267724e-21
  89809.6484375   2.0824991e-21
  90216.9453125   2.0695613e-21
  90624.2500000   2.0257758e-21
  91031.5468750   2.0002263e-21
  91438.8515625   1.9728145e-21
  91846.1484375   1.9472147e-21
  92253.4453125   1.9127094e-21
  92660.7500000   1.8998166e-21
  93068.0468750   1.8634241e-21
  93475.3515625   1.5798657e-21
  93882.6484375   1.6846564e-21
  94289.9453125   1.6731392e-21
  94697.2500000   1.4369337e-21
  95104.5468750   1.5529337e-21
  95511.8515625   1.4606988e-21
  95919.1484375   1.3180924e-21
  96326.4453125   1.4336495e-21
  96733.7500000   1.3501409e-21
  97141.0468750   1.2536089e-21
  97548.3515625   1.3447201e-21
  97955.6484375   1.3029554e-21
  98362.9453125   1.2141831e-21
  98770.2500000   1.2823761e-21
  99177.5468750   1.2371569e-21
  99584.8515625   1.1991698e-21
  99992.1484375   1.2092074e-21
 100399.4453125   1.2109505e-21
 100806.7500000   1.1852265e-21
 101214.0468750   1.0770183e-21
 101621.3515625   1.0735521e-21
 102028.6484375   1.1027449e-21
 102435.9453125   1.0712913e-21
 102843.2500000   1.1060383e-21
 103250.5468750   1.1156051e-21
 103657.8515625   1.1189958e-21
 104065.1484375   1.1206976e-21
 104472.4453125   1.1240000e-21
 104879.7500000   1.1313397e-21
 105287.0468750   1.0986650e-21
 105694.3515625   1.0985733e-21
 106101.6484375   1.0997077e-21
 106508.9453125   1.0754349e-21
 106916.2500000   1.0590490e-21
 107323.5468750   1.0628932e-21
 107730.8515625   1.0543987e-21
 108138.1484375   1.0374080e-21
 108545.4453125   1.0208794e-21
 108952.7500000   1.0248010e-21
 109360.0468750   1.0162673e-21
 109767.3515625   9.9072458e-22
 110174.6484375   9.9341726e-22
 110581.9453125   9.8145262e-22
 110989.2500000   9.7628093e-22
 111396.5468750   9.5114986e-22
 111803.8515625   9.5164292e-22
 112211.1484375   9.4190063e-22
 112618.4453125   9.2987420e-22
 113025.7500000   9.1150103e-22
 113433.0468750   9.1083279e-22
 113840.3515625   9.0503899e-22
 114247.6484375   8.9403270e-22
 114654.9453125   8.7796276e-22
 115062.2500000   8.7385432e-22
 115469.5468750   8.6859700e-22
 115876.8515625   8.5755173e-22
 116284.1484375   8.4620819e-22
 116691.4453125   8.3707088e-22
 117098.7500000   8.2508111e-22
 117506.0468750   8.1937203e-22
 117913.3515625   8.1023270e-22
 118320.6484375   8.0052696e-22
 118727.9453125   7.9310460e-22
 119135.2500000   7.7997149e-22
 119542.5468750   7.7597397e-22
 119949.8515625   7.6398298e-22
 120357.1484375   7.5484790e-22
 120764.4453125   7.4856877e-22
 121171.7500000   7.3943288e-22
 121579.0468750   7.2915527e-22
 121986.3515625   7.2115841e-22
 122393.6484375   7.1202545e-22
 122800.9453125   7.0517284e-22
 123208.2500000   6.9603750e-22
 123615.5468750   6.8347535e-22
 124022.8515625   6.7890707e-22
 124430.1484375   6.7148492e-22
 124837.4453125   6.6406220e-22
 125244.7500000   6.5720913e-22
 125652.0468750   6.4750258e-22
 126059.3515625   6.4065159e-22
 126466.6484375   6.3494018e-22
 126873.9453125   6.2523293e-22
 127281.2500000   6.1952294e-22
 127688.5468750   6.1267189e-22
 128095.8515625   6.0581953e-22
 128503.1484375   5.9839691e-22
 128910.4453125   5.9040365e-22
 129317.7500000   5.8526360e-22
 129725.0468750   5.7841281e-22
 130132.3515625   5.7213196e-22
 130743.2968750   5.6151008e-22
 131557.9062500   5.4895005e-22
 132372.5000000   5.3661671e-22
 133187.0937500   5.2428180e-22
 134001.7031250   5.1092060e-22
 134816.2968750   5.0110050e-22
 135630.9062500   4.9002293e-22
 136445.5000000   4.8031754e-22
 137260.0937500   4.6946847e-22
 138074.7031250   4.5918899e-22
 138889.2968750   4.4885458e-22
 139703.8906250   4.4023321e-22
 140518.5000000   4.3155377e-22
 141333.0937500   4.2236037e-22
 142147.7031250   4.1385332e-22
 142962.2968750   4.0585967e-22
 143776.8906250   3.9678126e-22
 144591.5000000   3.8924384e-22
 145406.0937500   3.8113589e-22
 146220.7031250   3.7354116e-22
 147035.2968750   3.6657561e-22
 147849.8906250   3.5966569e-22
 148664.5000000   3.5144455e-22
 149479.0937500   3.4482138e-22
 150293.7031250   3.3642643e-22
 151108.2968750   3.2968936e-22
 151922.8906250   3.2415024e-22
 152737.5000000   3.1575757e-22
 153552.0937500   3.1221774e-22
 154366.7031250   3.0605009e-22
 155181.2968750   3.0056873e-22
 155995.8906250   2.9554483e-22
 156810.5000000   2.9034850e-22
 157625.0937500   2.8418193e-22
 158439.7031250   2.7909957e-22
 159254.2968750   2.7390351e-22
 160068.8906250   2.6950755e-22
 160883.5000000   2.6356938e-22
 161698.0937500   2.5894436e-22
 162512.7031250   2.5323450e-22
 163327.2968750   2.4918008e-22
 164141.8906250   2.4501192e-22
 164956.5000000   2.3987251e-22
 165771.0937500   2.3627576e-22
 166585.7031250   2.3216431e-22
 167400.2968750   2.2828178e-22
 168214.8906250   2.2445630e-22
 169029.5000000   2.2023113e-22
 169844.0937500   2.1589103e-22
 170658.7031250   2.1252223e-22
 171473.2968750   2.0858216e-22
 172287.8906250   2.0578513e-22
 173102.5000000   2.0173060e-22
 173917.0937500   1.9864731e-22
 174731.7031250   1.8973984e-22
 175546.2968750   1.8225986e-22
 176360.8906250   1.8220303e-22
 177175.5000000   1.7466542e-22
 177990.0937500   1.7049767e-22
 178804.7031250   1.6678643e-22
 179619.2968750   1.5959193e-22
 180433.8906250   1.5844935e-22
 181248.5000000   1.5479561e-22
 182063.0937500   1.4959910e-22
 182877.7031250   1.4988453e-22
 183692.2968750   1.4594483e-22
 184506.8906250   1.4200514e-22
 185321.5000000   1.4160530e-22
 186136.0937500   1.3915041e-22
 186950.7031250   1.3475343e-22
 187765.2968750   1.3509594e-22
 188579.8906250   1.3195579e-22
 189394.5000000   1.2995721e-22
 190209.0937500   1.2870083e-22
 191023.7031250   1.2653131e-22
 191838.2968750   1.2424712e-22
 192652.8906250   1.2396206e-22
 193467.5000000   1.2144924e-22
 194282.0937500   1.1979379e-22
 195096.7031250   1.1796647e-22
 195911.2968750   1.1556810e-22
 196725.8906250   1.1551126e-22
 197540.5000000   1.1334135e-22
 198355.0937500   1.1117168e-22
 199169.7031250   1.1002971e-22
 199984.2968750   1.0814548e-22
 200798.8906250   1.0671777e-22
 201613.5000000   1.0489072e-22
 202428.0937500   1.0426287e-22
 203242.7031250   1.0237843e-22
 204057.2968750   1.0140782e-22
 204871.8906250   1.0003742e-22
 205686.5000000   9.7982028e-23
 206501.0937500   9.7011331e-23
 207315.7031250   9.5697821e-23
 208130.2968750   9.4156147e-23
 208944.8906250   9.2671454e-23
 209759.5000000   9.1529600e-23
 210574.0937500   9.1130095e-23
 211388.7031250   8.9531365e-23
 212203.2968750   8.8274930e-23
 213017.8906250   8.7018918e-23
 213832.5000000   8.6219291e-23
 214647.0937500   8.5762705e-23
 215461.7031250   8.3821135e-23
 216276.2968750   8.2508111e-23
 217090.8906250   8.1880001e-23
 217905.5000000   8.0795134e-23
 218720.0937500   7.9710292e-23
 219534.7031250   7.8853747e-23
 220349.2968750   7.7882824e-23
 221163.8906250   7.6569610e-23
 221978.5000000   7.6112967e-23
 222793.0937500   7.4685463e-23
 223607.7031250   7.4114624e-23
 224422.2968750   7.2801291e-23
 225236.8906250   7.2915530e-23
 226051.5000000   7.1202547e-23
 226866.0937500   7.0802784e-23
 227680.7031250   6.9603754e-23
 228495.2968750   6.9203845e-23
 229309.8906250   6.7890714e-23
 230124.5000000   6.7433976e-23
 230939.0937500   6.6520349e-23
 231753.7031250   6.5321223e-23
 232568.2968750   6.4978725e-23
 233382.8906250   6.4236458e-23
 234197.5000000   6.3379786e-23
 235012.0937500   6.2580437e-23
 235826.7031250   6.2066674e-23
 236641.2968750   6.1210179e-23
 237455.8906250   6.0524779e-23
 238270.5000000   5.9782688e-23
 239085.0937500   5.8868960e-23
 239899.7031250   5.8240976e-23
 240714.2968750   5.7441557e-23
 241528.8906250   5.7007532e-23
 242343.5000000   5.6162605e-23
 243158.0937500   5.5722818e-23
 243972.7031250   5.5072008e-23
 244787.2968750   5.4415411e-23
 245601.8906250   5.3758624e-23
 246416.5000000   5.2993492e-23
 247231.0937500   5.2416901e-23
 248045.7031250   5.1748764e-23
 248860.2968750   5.1126397e-23
 249674.8906250   5.0635461e-23
 250489.5000000   5.0104324e-23
 251304.0937500   4.9653288e-23
 252118.7031250   4.9002294e-23
 252933.2968750   4.8539855e-23
 253747.8906250   4.7848999e-23
 254562.5000000   4.7209428e-23
 255377.0937500   4.6689821e-23
 256191.7031250   4.6181612e-23
 257006.2968750   4.5650661e-23
 257820.8906250   4.5256606e-23
 258635.5000000   4.4674241e-23
 259450.0937500   4.4308847e-23
 260264.7031250   4.3686464e-23
 261486.5937500   4.2995519e-23
 263115.8125000   4.1979173e-23
 264745.0000000   4.1065587e-23
 266374.1875000   4.0146315e-23
 268003.4062500   3.9306957e-23
 269632.5937500   3.8410515e-23
 271261.8125000   3.7588294e-23
 272891.0000000   3.6783189e-23
 274520.1875000   3.5949515e-23
 276149.4062500   3.5184455e-23
 277778.5937500   3.4413606e-23
 279407.7812500   3.3711273e-23
 281037.0000000   3.2957498e-23
 282666.1875000   3.2266598e-23
 284295.4062500   3.1581444e-23
 285924.5937500   3.0902010e-23
 287553.7812500   3.0273875e-23
 289183.0000000   2.9628691e-23
 290812.1875000   2.9023376e-23
 292441.4062500   2.8412454e-23
 294070.5937500   2.7830031e-23
 295699.7812500   2.7247578e-23
 297329.0000000   2.6699464e-23
 298958.1875000   2.6145611e-23
 300587.4062500   2.5620344e-23
 302216.5937500   2.5077858e-23
 303845.7812500   2.4535434e-23
 305475.0000000   2.4044416e-23
 307104.1875000   2.3598954e-23
 308733.4062500   2.3147915e-23
 310362.5937500   2.2691139e-23
 311991.7812500   2.2245723e-23
 313621.0000000   2.1800431e-23
 315250.1875000   2.1377851e-23
 316879.4062500   2.0966776e-23
 318508.5937500   2.0555659e-23
 320137.7812500   2.0161634e-23
 321767.0000000   1.9773337e-23
 323396.1875000   1.9396523e-23
 325025.4062500   1.9031069e-23
 326654.5937500   1.8659956e-23
 328283.7812500   1.8305967e-23
 329913.0000000   1.7969027e-23
 331542.1875000   1.7632171e-23
 333171.4062500   1.7306723e-23
 334800.5937500   1.6986908e-23
 336429.7812500   1.6672929e-23
 338059.0000000   1.6370288e-23
 339688.1875000   1.6061923e-23
 341317.4062500   1.5770721e-23
 342946.5937500   1.5490918e-23
 344575.7812500   1.5211136e-23
 346205.0000000   1.4937064e-23
 347834.1875000   1.4674438e-23
 349463.4062500   1.4411807e-23
 351092.5937500   1.4160531e-23
 352721.7812500   1.3909296e-23
 354351.0000000   1.3663781e-23
 355980.1875000   1.3423953e-23
 357609.4062500   1.3189843e-23
 359238.5937500   1.2961465e-23
 360867.7812500   1.2738775e-23
 362497.0000000   1.2516118e-23
 364126.1875000   1.2304809e-23
 365755.4062500   1.2093562e-23
 367384.5937500   1.1893721e-23
 369013.7812500   1.1693843e-23
 370643.0000000   1.1488291e-23
 372272.1875000   1.1299891e-23
 373901.4062500   1.1117167e-23
 375530.5937500   1.0934470e-23
 377159.7812500   1.0751751e-23
 378789.0000000   1.0574735e-23
 380418.1875000   1.0397708e-23
 382047.4062500   1.0232134e-23
 383676.5937500   1.0066545e-23
 385305.7812500   9.9009388e-24
 386935.0000000   9.7410943e-24
 388564.1875000   9.5812214e-24
 390193.4062500   9.4327498e-24
 391822.5937500   9.2785899e-24
 393451.7812500   9.1358518e-24
 395081.0000000   8.9873716e-24
 396710.1875000   8.8389372e-24
 398339.4062500   8.7075887e-24
 399968.5937500   8.5705470e-24
 401597.7812500   8.4392198e-24
 403227.0000000   8.3078981e-24
 404856.1875000   8.1765725e-24
 406485.4062500   8.0566593e-24
 408114.5937500   7.9310466e-24
 814600.0000000   5.3336256e-25
1629200.0000000   3.4270771e-26
2443800.0000000   6.8119187e-27
3258400.0000000   2.1571946e-27
4073000.0000000   8.8331939e-28
4887600.0000000   4.2555921e-28
5702200.0000000   2.2948100e-28
6516800.0000000   1.3435396e-28
