    237.3280029   7.5290115e-23
    245.1520081   8.5806786e-23
    250.3680115   9.1544468e-23
    255.5839996   4.9948774e-22
    260.8000183   1.3773072e-21
    266.0159912   1.4941396e-21
    271.2319946   1.4190726e-21
    276.4479980   1.4424030e-21
    281.6640015   1.4717488e-21
    286.8800049   1.6805773e-21
    297.3120117   1.7434124e-21
    307.7440186   1.6931790e-21
    315.5679932   2.1446970e-21
    326.0000000   2.2255886e-21
    331.2160034   2.2726244e-21
    333.8240051   2.3083751e-21
    341.6480103   2.2274758e-21
    344.2560120   2.3046070e-21
    349.4720154   2.2011314e-21
    357.2960205   2.4475919e-21
    365.1199951   2.4532309e-21
    372.9440002   3.0985182e-21
    383.3760071   3.8548075e-21
    393.8080139   3.4522141e-21
    404.2400208   3.8943195e-21
    414.6719971   3.9093650e-21
    422.4960022   3.9150176e-21
    432.9280090   3.9394751e-21
    443.3600159   3.9375897e-21
    451.1840210   3.2377321e-21
    461.6159973   3.9676906e-21
    469.4400024   3.9714561e-21
    474.6560059   3.9714561e-21
    485.0880127   3.9789807e-21
    498.1280212   3.9827397e-21
    505.9519958   4.0071977e-21
    516.3840332   3.9959149e-21
    526.8159790   4.0109657e-21
    534.6400146   4.0071977e-21
    547.6799927   3.8830306e-21
    563.3280029   4.0034334e-21
    573.7600098   4.0166065e-21
    581.5839844   3.9695727e-21
    592.0159912   4.0260023e-21
    599.8400269   5.0437928e-21
    610.2720337   7.5402957e-21
    625.9199829   8.2157000e-21
    641.5679932   7.6663495e-21
    657.2160034   7.9146927e-21
    670.2559814   7.2900793e-21
    678.0800171   7.6531615e-21
    688.5120239   9.6003446e-21
    701.5520020   9.8467774e-21
    714.5920410   9.9916673e-21
    727.6320190   8.6295811e-21
    740.6719971   1.0215521e-20
    756.3200073   1.0578636e-20
    771.9680176   9.7320295e-21
    785.0079956   8.8910696e-21
    803.2640381   9.5514335e-21
    829.3439941   9.3708133e-21
    855.4240112   9.6454801e-21
    881.5040283   9.0792136e-21
    907.5839844   8.5467912e-21
    931.0560303   1.1165119e-20
    954.5280151   1.6547603e-20
    978.0000000   1.5890581e-20
   1004.0800171   1.2304215e-20
   1030.1600342   1.7825892e-20
   1056.2399902   2.1558026e-20
   1079.7120361   2.0967513e-20
   1100.5760498   1.8680208e-20
   1121.4400635   1.7531944e-20
   1150.1280518   2.0022303e-20
   1176.2080078   2.0017556e-20
   1199.6800537   1.7317367e-20
   1225.7600098   1.7266106e-20
   1251.8399658   1.9110300e-20
   1277.9200439   1.5904966e-20
   1304.0000000   1.9373197e-20
   1319.6480713   1.6541717e-20
   1335.2960205   2.5887158e-20
   1356.1600342   2.4369835e-20
   1382.2399902   2.2222483e-20
   1408.3200684   1.8072707e-20
   1434.4000244   1.7370077e-20
   1460.4799805   2.2669822e-20
   1486.5600586   2.5228093e-20
   1512.6400146   2.4502912e-20
   1538.7199707   2.4829522e-20
   1564.8000488   2.0728177e-20
   1590.8800049   2.0082717e-20
   1616.9600830   2.5475379e-20
   1643.0400391   2.3966713e-20
   1669.1199951   2.6482485e-20
   1695.2000732   2.5537101e-20
   1716.0640869   2.3487388e-20
   1734.3200684   2.6655063e-20
   1760.4000244   2.8244370e-20
   1786.4799805   2.4360101e-20
   1812.5600586   2.8603889e-20
   1838.6400146   2.3331629e-20
   1867.3280029   3.0379362e-20
   1893.4080811   3.1196694e-20
   1916.8800049   3.1799534e-20
   1942.9600830   3.1305119e-20
   1969.0400391   3.1731039e-20
   1995.1199951   2.9114787e-20
   2021.2000732   3.3310670e-20
   2047.2800293   3.1314883e-20
   2073.3601074   3.4693742e-20
   2099.4399414   3.7269560e-20
   2125.5200195   4.0104372e-20
   2151.6000977   4.3706614e-20
   2177.6799316   3.7280856e-20
   2203.7600098   4.9519358e-20
   2229.8400879   5.2479324e-20
   2255.9199219   5.8801006e-20
   2282.0000000   6.3942884e-20
   2308.0800781   6.9505996e-20
   2334.1601562   7.5753136e-20
   2360.2399902   8.0926175e-20
   2386.3200684   8.4736485e-20
   2412.4001465   2.1311856e-19
   2438.4799805   3.5179511e-19
   2464.5600586   4.8619645e-19
   2490.6401367   5.8997080e-19
   2516.7199707   6.5047250e-19
   2542.8000488   2.7385303e-19
   2568.8801270   5.5676586e-19
   2594.9599609   5.5301775e-19
   2621.0400391   7.0914814e-19
   2647.1201172   7.4443453e-19
   2673.1999512   5.3325248e-19
   2699.2800293   7.1620301e-19
   2725.3601074   1.0002687e-18
   2751.4399414   9.8046607e-19
   2777.5200195   8.4051533e-19
   2803.6000977   9.3899289e-19
   2829.6799316   8.3271497e-19
   2855.7600098   9.9000698e-19
   2881.8400879   9.5860617e-19
   2907.9201660   9.4733118e-19
   2934.0000000   8.4638289e-19
   2960.0800781   1.0202832e-18
   2986.1601562   9.7781703e-19
   3012.2399902   9.9787750e-19
   3038.3200684   9.9839470e-19
   3064.4001465   6.9223597e-19
   3090.4799805   9.7357483e-19
   3116.5600586   8.3127526e-19
   3142.6401367   7.1383841e-19
   3168.7199707   5.8419786e-19
   3194.8000488   9.1469725e-19
   3220.8801270   1.1257885e-18
   3246.9599609   1.1754860e-18
   3273.0400391   1.1499749e-18
   3299.1201172   1.1033021e-18
   3325.1999512   1.2938999e-18
   3351.2800293   1.3335459e-18
   3377.3601074   1.1485365e-18
   3403.4399414   1.1609002e-18
   3429.5200195   1.3418412e-18
   3455.6000977   1.2945763e-18
   3481.6799316   1.2170126e-18
   3507.7600098   1.3426076e-18
   3533.8400879   1.3183704e-18
   3559.9201660   1.2295032e-18
   3586.0000000   1.2440273e-18
   3612.0800781   1.2431153e-18
   3638.1601562   9.7171233e-19
   3664.2399902   9.6327374e-19
   3690.3200684   1.1853463e-18
   3716.4001465   1.1697799e-18
   3742.4799805   1.2128187e-18
   3760.7360840   1.2429350e-18
   3773.7761230   1.2498980e-18
   3794.6401367   1.2159761e-18
   3820.7199707   1.1556961e-18
   3846.8000488   1.1743664e-18
   3872.8801270   1.1945231e-18
   3898.9599609   1.1967969e-18
   3925.0400391   1.1394577e-18
   3943.2961426   1.0482532e-18
   3956.3361816   1.0922903e-18
   3977.1999512   1.0781115e-18
   4003.2800293   9.3585984e-19
   4029.3601074   8.8216403e-19
   4055.4399414   8.6952068e-19
   4081.5200195   9.4964718e-19
   4107.6000977   1.0049935e-18
   4133.6801758   1.0313253e-18
   4159.7602539   1.0385887e-18
   4185.8398438   1.0179736e-18
   4211.9199219   1.0091157e-18
   4238.0000000   9.8829534e-19
   4264.0800781   1.0390723e-18
   4290.1601562   1.0456507e-18
   4316.2402344   1.0177368e-18
   4342.3198242   1.0625245e-18
   4360.5761719   9.8139231e-19
   4373.6162109   1.0952349e-18
   4394.4799805   1.0972136e-18
   4420.5600586   1.0474249e-18
   4446.6401367   1.0188190e-18
   4472.7202148   9.6452268e-19
   4498.8002930   9.5042742e-19
   4524.8798828   9.9980762e-19
   4550.9599609   9.8143966e-19
   4577.0400391   1.0095146e-18
   4603.1201172   9.6734368e-19
   4629.2001953   9.5532381e-19
   4655.2802734   9.7909337e-19
   4681.3598633   1.0085884e-18
   4707.4399414   1.0124805e-18
   4733.5200195   9.3921158e-19
   4759.6000977   9.5912833e-19
   4785.6801758   9.3596262e-19
   4811.7602539   8.7353199e-19
   4837.8398438   8.7197958e-19
   4863.9199219   8.8553727e-19
   4890.0000000   9.2927000e-19
   4916.0800781   8.5503204e-19
   4942.1601562   8.1675286e-19
   4968.2402344   8.6720576e-19
   4994.3203125   8.2612172e-19
   5020.3999023   7.9619670e-19
   5046.4799805   8.3882638e-19
   5072.5600586   8.5377121e-19
   5098.6401367   7.8684237e-19
   5129.9360352   8.4840374e-19
   5153.4082031   8.7268072e-19
   5174.2719727   8.2736714e-19
   5202.9599609   8.0708953e-19
   5229.0400391   8.3312830e-19
   5255.1201172   8.1396335e-19
   5281.2001953   8.4288851e-19
   5307.2802734   7.8912989e-19
   5333.3598633   8.0465100e-19
   5359.4399414   7.2859511e-19
   5385.5200195   7.5541168e-19
   5408.9921875   8.2301100e-19
   5419.4243164   7.6952240e-19
   5437.6801758   7.9624918e-19
   5463.7602539   7.5739495e-19
   5489.8398438   7.7076033e-19
   5515.9199219   7.7749880e-19
   5542.0000000   7.8089696e-19
   5568.0800781   7.5356268e-19
   5594.1601562   7.4397700e-19
   5620.2402344   7.6763555e-19
   5646.3203125   7.5049446e-19
   5672.3999023   7.4739268e-19
   5698.4799805   7.2771245e-19
   5724.5600586   7.4966102e-19
   5750.6401367   7.3807020e-19
   5776.7202148   7.1718503e-19
   5802.8002930   7.0129060e-19
   5828.8798828   7.1738355e-19
   5854.9599609   7.0387947e-19
   5881.0400391   6.8571531e-19
   5907.1201172   6.9887699e-19
   5933.2001953   7.0498391e-19
   5959.2802734   7.0805580e-19
   5985.3598633   6.7114881e-19
   6011.4399414   6.7832589e-19
   6037.5200195   6.5921533e-19
   6063.6000977   5.6857004e-19
   6089.6801758   6.3426012e-19
   6115.7602539   6.3008167e-19
   6141.8403320   6.4080353e-19
   6167.9199219   6.1932165e-19
   6194.0000000   6.1745853e-19
   6220.0800781   5.9461139e-19
   6246.1601562   6.1181954e-19
   6272.2402344   5.9447299e-19
   6298.3203125   5.9698467e-19
   6324.3999023   6.0506437e-19
   6350.4799805   5.8500146e-19
   6376.5600586   5.9879124e-19
   6402.6401367   5.9033109e-19
   6428.7202148   5.8495525e-19
   6454.8002930   5.7184816e-19
   6480.8798828   5.7620440e-19
   6506.9599609   5.0661266e-19
   6533.0400391   5.7086195e-19
   6553.9042969   5.3914909e-19
   6566.9443359   5.5998571e-19
   6585.2001953   5.4712083e-19
   6611.2802734   5.4697907e-19
   6637.3598633   5.3447639e-19
   6663.4399414   5.4641240e-19
   6689.5200195   5.4063341e-19
   6715.6000977   5.5187743e-19
   6741.6801758   5.4672927e-19
   6767.7602539   5.4182429e-19
   6793.8403320   5.3180941e-19
   6819.9199219   5.2604623e-19
   6846.0000000   5.2990234e-19
   6872.0800781   5.2996754e-19
   6898.1601562   5.4044585e-19
   6924.2402344   5.3787435e-19
   6950.3203125   5.1572700e-19
   6976.3999023   5.2252332e-19
   7002.4799805   5.1980417e-19
   7028.5600586   5.0655925e-19
   7054.6401367   5.0660821e-19
   7080.7202148   4.9795890e-19
   7106.8002930   4.9768123e-19
   7132.8798828   5.0251755e-19
   7158.9599609   4.7834924e-19
   7185.0400391   4.7693957e-19
   7211.1201172   4.7926183e-19
   7237.2001953   4.8733377e-19
   7263.2802734   4.8043777e-19
   7289.3603516   4.4057563e-19
   7315.4399414   4.5434446e-19
   7341.5200195   4.7523548e-19
   7367.6000977   4.7223116e-19
   7393.6801758   4.5477165e-19
   7419.7602539   4.5181339e-19
   7445.8403320   4.4832067e-19
   7471.9199219   4.5473572e-19
   7498.0000000   4.4798411e-19
   7524.0800781   4.4683071e-19
   7550.1601562   4.4117001e-19
   7589.2802734   4.4571159e-19
   7641.4399414   4.3786537e-19
   7693.6000977   4.3004205e-19
   7745.7602539   4.2775345e-19
   7797.9199219   4.2273523e-19
   7850.0800781   4.1854726e-19
   7902.2402344   4.1596525e-19
   7954.3999023   4.1100775e-19
   8006.5600586   4.0606113e-19
   8058.7202148   4.0057198e-19
   8110.8798828   3.9571100e-19
   8163.0400391   3.8918059e-19
   8215.2001953   3.8591101e-19
   8267.3603516   3.7891942e-19
   8319.5205078   3.6899038e-19
   8371.6796875   3.6734595e-19
   8423.8398438   3.6080957e-19
   8476.0000000   3.5795590e-19
   8528.1601562   3.5309998e-19
   8580.3203125   3.4830533e-19
   8632.4804688   3.4369349e-19
   8684.6396484   3.3722678e-19
   8736.7998047   3.3061587e-19
   8788.9599609   3.2496558e-19
   8841.1201172   3.2058675e-19
   8893.2802734   3.1702343e-19
   8945.4404297   3.1062028e-19
   8997.6005859   3.0619528e-19
   9049.7597656   3.0237998e-19
   9101.9199219   2.9841949e-19
   9154.0800781   2.9552925e-19
   9206.2402344   2.9113123e-19
   9258.4003906   2.8795853e-19
   9310.5605469   2.8151120e-19
   9362.7197266   2.7614409e-19
   9414.8798828   2.7365223e-19
   9467.0400391   2.7095071e-19
   9493.1201172   2.6986881e-19
   9519.2001953   2.7035401e-19
   9571.3603516   2.6516236e-19
   9623.5205078   2.5198972e-19
   9675.6796875   2.6017663e-19
   9727.8398438   2.5797610e-19
   9780.0000000   2.8979053e-19
   9832.1601562   2.9278272e-19
   9884.3203125   3.1804704e-19
   9936.4804688   3.4100368e-19
   9988.6406250   2.9229965e-19
  10040.7998047   3.4826860e-19
  10092.9599609   3.6024114e-19
  10145.1201172   2.7520821e-19
  10197.2802734   3.5935463e-19
  10249.4404297   3.4254671e-19
  10301.6005859   3.4710199e-19
  10353.7597656   2.5415703e-19
  10405.9199219   3.4300287e-19
  10458.0800781   3.5363850e-19
  10510.2402344   3.4539128e-19
  10562.4003906   3.4695419e-19
  10614.5605469   3.3531720e-19
  10666.7197266   3.0663399e-19
  10718.8798828   2.6402933e-19
  10771.0400391   3.2040376e-19
  10823.2001953   3.2458187e-19
  10875.3603516   3.2237702e-19
  10927.5205078   3.2005497e-19
  10979.6796875   3.1821328e-19
  11031.8398438   3.1385652e-19
  11084.0000000   3.1055072e-19
  11136.1601562   3.0230561e-19
  11188.3203125   3.0058852e-19
  11240.4804688   2.8908502e-19
  11292.6406250   2.6187212e-19
  11344.7998047   2.3771837e-19
  11396.9599609   2.8761476e-19
  11449.1201172   2.8325735e-19
  11501.2802734   2.8425682e-19
  11553.4404297   2.8314666e-19
  11605.6005859   2.8218085e-19
  11657.7597656   2.7637097e-19
  11709.9199219   2.7689949e-19
  11762.0800781   2.8066062e-19
  11814.2402344   2.7230708e-19
  11866.4003906   2.6912789e-19
  11918.5605469   2.7183988e-19
  11970.7197266   2.6562625e-19
  12022.8798828   2.6497493e-19
  12075.0400391   2.5922656e-19
  12127.2001953   2.5742494e-19
  12179.3603516   2.5733224e-19
  12231.5205078   2.5351602e-19
  12283.6806641   2.4690333e-19
  12335.8398438   2.4972678e-19
  12388.0000000   2.4898865e-19
  12440.1601562   2.4789318e-19
  12492.3203125   2.4434675e-19
  12544.4804688   2.3990936e-19
  12596.6406250   2.3685653e-19
  12648.7998047   2.1302590e-19
  12700.9599609   1.8719466e-19
  12753.1201172   2.2769304e-19
  12805.2802734   2.2871833e-19
  12857.4404297   2.2392658e-19
  12909.6005859   2.2679284e-19
  12961.7597656   2.2383218e-19
  13013.9199219   2.1794017e-19
  13066.0800781   2.1034751e-19
  13118.2402344   2.1372593e-19
  13170.4003906   2.1036321e-19
  13222.5605469   2.1320936e-19
  13274.7197266   2.0831758e-19
  13326.8798828   2.0732911e-19
  13379.0400391   2.0330309e-19
  13431.2001953   1.9961981e-19
  13483.3603516   1.9521039e-19
  13535.5205078   1.9508697e-19
  13587.6806641   1.9469067e-19
  13639.8398438   1.9527983e-19
  13692.0000000   1.9595596e-19
  13744.1601562   1.8871432e-19
  13796.3203125   1.9397462e-19
  13848.4804688   1.9419537e-19
  13900.6406250   1.8755015e-19
  13952.7998047   1.9047122e-19
  14004.9599609   1.8923304e-19
  14057.1201172   1.8581611e-19
  14109.2802734   1.8347740e-19
  14161.4404297   1.8258513e-19
  14213.6005859   1.8314331e-19
  14265.7597656   1.7942375e-19
  14317.9199219   1.7815484e-19
  14370.0800781   1.7660615e-19
  14422.2402344   1.7688015e-19
  14474.4003906   1.7669382e-19
  14526.5605469   1.7476977e-19
  14578.7207031   1.7173992e-19
  14630.8798828   1.7255267e-19
  14683.0400391   1.6997057e-19
  14735.2001953   1.6903484e-19
  14787.3603516   1.6671684e-19
  14839.5205078   1.6770530e-19
  14891.6806641   1.6501085e-19
  14943.8398438   1.6857667e-19
  14996.0000000   1.6449205e-19
  15048.1601562   1.6455202e-19
  15100.3203125   1.6100768e-19
  15152.4804688   1.6254161e-19
  15204.6406250   1.6315310e-19
  15256.7998047   1.6005589e-19
  15308.9599609   1.5732396e-19
  15361.1201172   1.5217152e-19
  15413.2802734   1.5574348e-19
  15465.4404297   1.5504327e-19
  15517.6005859   1.5359495e-19
  15569.7597656   1.5428657e-19
  15621.9199219   1.5171374e-19
  15674.0800781   1.5053631e-19
  15726.2402344   1.5141020e-19
  15778.4003906   1.5153661e-19
  15830.5605469   1.5091362e-19
  15882.7207031   1.4748028e-19
  15934.8798828   1.4694431e-19
  15987.0400391   1.4293744e-19
  16039.2001953   1.4239546e-19
  16091.3603516   1.3978497e-19
  16143.5205078   1.4140085e-19
  16195.6806641   1.3991211e-19
  16247.8398438   1.3682096e-19
  16300.0000000   1.3362897e-19
  16352.1601562   1.3656161e-19
  16404.3203125   1.3732664e-19
  16456.4804688   1.3507043e-19
  16508.6406250   1.3574003e-19
  16560.8007812   1.3423364e-19
  16612.9609375   1.3348175e-19
  16665.1210938   1.3452814e-19
  16717.2792969   1.3301593e-19
  16769.4394531   1.3282853e-19
  16821.5996094   1.3207116e-19
  16873.7597656   1.3159581e-19
  16925.9199219   1.2902852e-19
  16978.0800781   1.3007141e-19
  17030.2402344   1.2854548e-19
  17082.4003906   1.2253740e-19
  17134.5605469   1.1041795e-19
  17186.7207031   1.2528493e-19
  17238.8808594   1.2680334e-19
  17291.0410156   1.2574412e-19
  17343.2011719   1.2477810e-19
  17395.3593750   1.2237497e-19
  17447.5195312   1.2303134e-19
  17499.6796875   1.2043156e-19
  17551.8398438   1.2137406e-19
  17604.0000000   1.1963186e-19
  17656.1601562   1.1971019e-19
  17708.3203125   1.1834738e-19
  17760.4804688   1.1842432e-19
  17812.6406250   1.1850080e-19
  17864.8007812   1.1674805e-19
  17916.9609375   1.1740053e-19
  17969.1210938   1.1805355e-19
  18021.2812500   1.1735568e-19
  18073.4394531   1.1617520e-19
  18125.5996094   1.1499195e-19
  18177.7597656   1.1535361e-19
  18229.9199219   1.1445736e-19
  18282.0800781   1.1278670e-19
  18334.2402344   1.1324234e-19
  18386.4003906   1.1253584e-19
  18438.5605469   1.0959952e-19
  18490.7207031   1.0782300e-19
  18542.8808594   1.0507330e-19
  18595.0410156   1.0348507e-19
  18647.2011719   1.0354599e-19
  18699.3593750   1.0389810e-19
  18751.5195312   1.0269410e-19
  18803.6796875   1.0431051e-19
  18855.8398438   1.0475997e-19
  18908.0000000   1.0511206e-19
  18960.1601562   1.0487921e-19
  19012.3203125   1.0347551e-19
  19064.4804688   1.0489992e-19
  19116.6406250   1.0466569e-19
  19168.8007812   1.0472408e-19
  19220.9609375   1.0595514e-19
  19273.1210938   1.0435038e-19
  19325.2812500   1.0382056e-19
  19377.4394531   1.0417088e-19
  19429.5996094   1.0403143e-19
  19481.7597656   1.0379367e-19
  19533.9199219   1.0316242e-19
  19586.0800781   1.0361013e-19
  19638.2402344   1.0405748e-19
  19690.4003906   1.0411279e-19
  19742.5605469   1.0328256e-19
  19794.7207031   1.0196023e-19
  19846.8808594   1.0112763e-19
  19899.0410156   1.0039304e-19
  19951.2011719   9.9360922e-20
  20003.3593750   9.6929141e-20
  20055.5195312   9.8003551e-20
  20107.6796875   9.6583670e-20
  20159.8398438   9.6346418e-20
  20212.0000000   9.5752896e-20
  20264.1601562   9.5810534e-20
  20316.3203125   9.6292690e-20
  20368.4804688   9.5965081e-20
  20420.6406250   9.5497562e-20
  20472.8007812   9.4218198e-20
  20524.9609375   9.4145400e-20
  20577.1210938   9.1902590e-20
  20629.2812500   9.0430396e-20
  20681.4394531   9.0642329e-20
  20733.5996094   8.9634054e-20
  20785.7597656   9.1313986e-20
  20837.9199219   9.0900661e-20
  20890.0800781   9.1350492e-20
  20942.2402344   9.1085277e-20
  20994.4003906   9.0451450e-20
  21046.5605469   8.9886744e-20
  21098.7207031   8.8375395e-20
  21150.8808594   8.7957985e-20
  21203.0410156   8.8894684e-20
  21255.2011719   8.8795965e-20
  21307.3593750   8.8875943e-20
  21359.5195312   8.7529467e-20
  21411.6796875   8.6939849e-20
  21463.8398438   8.7248148e-20
  21516.0000000   8.7307175e-20
  21568.1601562   8.7595609e-20
  21620.3203125   8.6814318e-20
  21672.4804688   8.4512003e-20
  21724.6406250   8.4418525e-20
  21776.8007812   8.4074793e-20
  21828.9609375   8.4211523e-20
  21881.1210938   8.2734896e-20
  21933.2812500   8.4023113e-20
  21985.4394531   8.2354250e-20
  22037.5996094   8.1907696e-20
  22089.7597656   8.1219572e-20
  22141.9199219   8.2549064e-20
  22194.0800781   7.8525432e-20
  22246.2402344   8.2327128e-20
  22298.4003906   7.5645085e-20
  22350.5605469   8.3913958e-20
  22402.7207031   8.0688399e-20
  22454.8808594   8.0560574e-20
  22507.0410156   8.4289226e-20
  22559.2011719   8.2721816e-20
  22611.3593750   7.4198650e-20
  22663.5195312   8.1629382e-20
  22715.6796875   8.3891107e-20
  22767.8398438   8.2784688e-20
  22820.0000000   7.7224781e-20
  22872.1601562   8.1870653e-20
  22924.3203125   8.3549901e-20
  22976.4804688   8.2248701e-20
  23028.6406250   8.2311224e-20
  23080.8007812   8.0279785e-20
  23132.9609375   7.5666683e-20
  23185.1210938   8.0979864e-20
  23237.2812500   8.2327490e-20
  23289.4394531   8.0991244e-20
  23341.5996094   8.1012234e-20
  23393.7597656   8.0738741e-20
  23445.9199219   7.9653952e-20
  23498.0800781   7.3981942e-20
  23550.2402344   7.7125810e-20
  23602.4003906   8.0860453e-20
  23654.5605469   8.0159301e-20
  23706.7207031   7.8258614e-20
  23758.8808594   7.8622748e-20
  23811.0410156   7.9566891e-20
  23863.2011719   7.8904326e-20
  23915.3613281   7.8047864e-20
  23967.5195312   7.7699705e-20
  24019.6796875   7.4347071e-20
  24071.8398438   6.9881562e-20
  24124.0000000   7.3177631e-20
  24176.1601562   7.4814473e-20
  24228.3203125   7.5177774e-20
  24280.4804688   7.5469878e-20
  24332.6406250   7.5078131e-20
  24384.8007812   7.4910478e-20
  24436.9609375   7.3956597e-20
  24489.1210938   7.4319645e-20
  24541.2812500   7.2628526e-20
  24593.4394531   7.4013465e-20
  24645.5996094   7.2730030e-20
  24697.7597656   7.3501654e-20
  24749.9199219   7.3332372e-20
  24802.0800781   7.2149743e-20
  24854.2402344   7.1088819e-20
  24906.4003906   6.6605417e-20
  24958.5605469   7.0368164e-20
  25010.7207031   7.2155126e-20
  25062.8808594   7.1451273e-20
  25115.0410156   7.1331507e-20
  25167.2011719   7.0698377e-20
  25219.3613281   7.0342211e-20
  25271.5195312   7.0950642e-20
  25323.6796875   7.0439903e-20
  25375.8398438   7.0051800e-20
  25428.0000000   6.9499282e-20
  25480.1601562   6.9583583e-20
  25532.3203125   6.8680335e-20
  25584.4804688   6.9782805e-20
  25636.6406250   6.9208399e-20
  25688.8007812   6.9374862e-20
  25740.9609375   6.8830410e-20
  25793.1210938   6.8543229e-20
  25845.2812500   6.8194023e-20
  25897.4394531   6.8328931e-20
  25949.5996094   6.8175160e-20
  26001.7597656   6.8031586e-20
  26053.9199219   6.7598841e-20
  26145.2011719   6.5897505e-20
  26275.5996094   6.4405103e-20
  26406.0000000   6.5898668e-20
  26536.4003906   6.5159337e-20
  26666.8007812   6.4967308e-20
  26797.2011719   6.4731775e-20
  26927.5996094   6.3706859e-20
  27058.0000000   6.3043874e-20
  27188.4003906   6.2793251e-20
  27318.8007812   6.2003468e-20
  27449.2011719   6.1616096e-20
  27579.5996094   6.0832303e-20
  27710.0000000   6.0326806e-20
  27840.4003906   5.9173535e-20
  27970.8007812   5.8981015e-20
  28101.2011719   5.8418500e-20
  28231.5996094   5.7229538e-20
  28362.0000000   5.6300407e-20
  28492.4003906   5.4110850e-20
  28622.8007812   5.3972717e-20
  28753.2011719   5.3918460e-20
  28883.5996094   5.3307454e-20
  29014.0000000   5.3051242e-20
  29144.4003906   5.2657788e-20
  29274.8007812   5.2411143e-20
  29405.2011719   5.1721953e-20
  29535.5996094   5.1411010e-20
  29666.0000000   5.1046750e-20
  29796.4003906   5.0562795e-20
  29926.8007812   5.0831092e-20
  30057.2011719   5.0631457e-20
  30187.5996094   5.0033079e-20
  30318.0000000   4.9398803e-20
  30448.4003906   4.9123827e-20
  30578.8007812   4.9208467e-20
  30709.2011719   4.8508737e-20
  30839.5996094   4.8105218e-20
  30970.0000000   4.7372052e-20
  31100.4003906   4.7731882e-20
  31230.8007812   4.6379587e-20
  31361.2011719   4.6907894e-20
  31491.5996094   4.6267895e-20
  31622.0000000   4.6113720e-20
  31752.4003906   4.6044708e-20
  31882.8007812   4.5648056e-20
  32013.2011719   4.5258593e-20
  32143.5996094   4.4804513e-20
  32274.0000000   4.4606406e-20
  32404.4003906   4.4119520e-20
  32534.8007812   4.3835025e-20
  32665.2011719   4.3347036e-20
  32795.6015625   4.3115403e-20
  32926.0000000   4.2914211e-20
  33056.4023438   4.2348413e-20
  33186.8007812   4.2285780e-20
  33317.1992188   4.1955027e-20
  33447.6015625   3.9992509e-20
  33578.0000000   4.1099151e-20
  33708.4023438   4.0787349e-20
  33838.8007812   4.0906469e-20
  33969.1992188   4.0421955e-20
  34099.6015625   4.0433496e-20
  34230.0000000   3.9808335e-20
  34360.4023438   3.9591960e-20
  34490.8007812   3.9461417e-20
  34621.1992188   3.8865792e-20
  34751.6015625   3.8929171e-20
  34882.0000000   3.8472981e-20
  35012.4023438   3.8590082e-20
  35142.8007812   3.8273779e-20
  35273.1992188   3.8076112e-20
  35403.6015625   3.7434915e-20
  35534.0000000   3.7214930e-20
  35664.4023438   3.7211334e-20
  35794.8007812   3.7056079e-20
  35925.1992188   3.6889803e-20
  36055.6015625   3.6765425e-20
  36186.0000000   3.6359011e-20
  36316.4023438   3.5823270e-20
  36446.8007812   3.5611505e-20
  36577.1992188   3.5084465e-20
  36707.6015625   3.4915533e-20
  36838.0000000   3.4224746e-20
  36968.4023438   3.4174883e-20
  37098.8007812   3.3754087e-20
  37229.1992188   3.3388296e-20
  37359.6015625   3.3675612e-20
  37490.0000000   3.3722528e-20
  37620.4023438   3.2864558e-20
  37750.8007812   3.3250305e-20
  37881.1992188   3.2795207e-20
  37998.5625000   3.2960682e-20
  38128.9609375   3.2569426e-20
  38272.4023438   3.2421431e-20
  38402.8007812   3.1964059e-20
  38533.1992188   3.2021244e-20
  38663.6015625   3.2034608e-20
  38794.0000000   3.1850131e-20
  38924.4023438   3.2268438e-20
  39054.8007812   3.1908657e-20
  39185.1992188   3.1681047e-20
  39315.6015625   3.1485195e-20
  39446.0000000   3.1639891e-20
  39576.4023438   3.1739957e-20
  39706.8007812   3.1598645e-20
  39837.1992188   3.1665744e-20
  39967.6015625   3.1392545e-20
  40098.0000000   3.1481596e-20
  40228.4023438   3.1338959e-20
  40358.8007812   3.1339098e-20
  40489.1992188   3.0977294e-20
  40619.6015625   2.9757273e-20
  40750.0000000   3.0207069e-20
  40880.4023438   3.0031671e-20
  41010.8007812   3.0417677e-20
  41141.1992188   2.8731049e-20
  41271.6015625   2.8620979e-20
  41402.0000000   2.8343534e-20
  41532.4023438   2.9280976e-20
  41662.8007812   2.8595346e-20
  41858.4023438   2.8798636e-20
  42119.1992188   2.8938862e-20
  42380.0000000   2.8285086e-20
  42640.8007812   2.8812171e-20
  42901.6015625   2.7670497e-20
  43162.4023438   2.8064955e-20
  43423.1992188   2.7451410e-20
  43684.0000000   2.7336035e-20
  43944.8007812   2.6543733e-20
  44205.6015625   2.6725629e-20
  44466.4023438   2.6187443e-20
  44727.1992188   2.5935864e-20
  44988.0000000   2.5340806e-20
  45248.8007812   2.4643103e-20
  45509.6015625   2.4579544e-20
  45770.4023438   2.4281806e-20
  46031.1992188   2.3849955e-20
  46292.0000000   2.3350595e-20
  46552.8007812   2.3219084e-20
  46813.6015625   2.2583270e-20
  47074.4023438   2.2171790e-20
  47335.1992188   2.1735996e-20
  47596.0000000   2.1366868e-20
  47856.8007812   2.1009914e-20
  48117.6015625   2.0718348e-20
  48378.4023438   2.0471424e-20
  48639.1992188   1.9899048e-20
  48900.0000000   1.9370899e-20
  49160.8007812   1.9347263e-20
  49421.6015625   1.8738467e-20
  49682.4023438   1.8972819e-20
  49943.1992188   1.8510586e-20
  50204.0000000   1.8316583e-20
  50464.8007812   1.7898615e-20
  50725.6015625   1.7287656e-20
  50986.4023438   1.7351779e-20
  51247.1992188   1.7032925e-20
  51508.0000000   1.6669782e-20
  51768.8007812   1.6384172e-20
  52029.6015625   1.6244882e-20
  52290.4023438   1.6082958e-20
  52551.1992188   1.5931111e-20
  52812.0000000   1.5475212e-20
  53072.8007812   1.5199717e-20
  53333.6015625   1.5082218e-20
  53594.4023438   1.4805266e-20
  53855.1992188   1.4529059e-20
  54116.0000000   1.4330956e-20
  54376.8007812   1.4223296e-20
  54637.6015625   1.3889825e-20
  54898.4023438   1.3815903e-20
  55159.1992188   1.3537805e-20
  55420.0000000   1.3361547e-20
  55680.8007812   1.3242779e-20
  55941.6015625   1.2986821e-20
  56202.4023438   1.2810139e-20
  56463.1992188   1.2473481e-20
  56724.0000000   1.2341938e-20
  56984.8007812   1.2198916e-20
  57245.6015625   1.2021702e-20
  57506.4023438   1.1741910e-20
  57767.1992188   1.1688760e-20
  58028.0000000   1.1465608e-20
  58288.8007812   1.1328810e-20
  58549.6015625   1.1210570e-20
  58810.4023438   1.1014285e-20
  59071.1992188   1.0814453e-20
  59332.0000000   1.0761625e-20
  59592.8007812   1.0540284e-20
  59853.6015625   9.0318470e-21
  60114.4023438   9.6497170e-21
  60375.1992188   9.6174351e-21
  60636.0000000   8.2932434e-21
  60896.8007812   8.9743951e-21
  61157.6015625   8.5158050e-21
  61418.4023438   7.6616708e-21
  61679.1992188   8.2792322e-21
  61940.0000000   7.9320910e-21
  62200.8007812   7.2532261e-21
  62461.6015625   7.8013940e-21
  62722.4023438   7.5855007e-21
  62983.1992188   6.9715412e-21
  63244.0000000   7.2961014e-21
  63504.8007812   7.1004255e-21
  63765.6015625   6.8253952e-21
  64026.4023438   6.8241657e-21
  64287.1992188   6.8612499e-21
  64548.0000000   6.6731613e-21
  64808.8007812   6.0917587e-21
  65069.6015625   6.0776227e-21
  65330.4023438   6.2352729e-21
  65591.2031250   5.9614891e-21
  65852.0000000   6.1476079e-21
  66112.8046875   6.1868550e-21
  66373.6015625   6.1616098e-21
  66634.3984375   6.1501468e-21
  66895.2031250   6.1671327e-21
  67156.0000000   6.2214322e-21
  67416.8046875   6.0207694e-21
  67677.6015625   6.0400240e-21
  67938.3984375   6.0677547e-21
  68199.2031250   5.9245822e-21
  68460.0000000   5.8459823e-21
  68720.8046875   5.8964185e-21
  68981.6015625   5.8281660e-21
  69242.3984375   5.7587050e-21
  69503.2031250   5.6865000e-21
  69764.0000000   5.6921719e-21
  70024.8046875   5.6202823e-21
  70285.6015625   5.5135413e-21
  70546.3984375   5.5269240e-21
  70807.2031250   5.4583439e-21
  71068.0000000   5.4720494e-21
  71328.8046875   5.3322671e-21
  71589.6015625   5.3633632e-21
  71850.3984375   5.2737171e-21
  72111.2031250   5.1979270e-21
  72372.0000000   5.1240822e-21
  72632.8046875   5.1307247e-21
  72893.6015625   5.1094526e-21
  73154.3984375   5.0319998e-21
  73415.2031250   4.9385352e-21
  73676.0000000   4.9183404e-21
  73936.8046875   4.8573544e-21
  74197.6015625   4.7435969e-21
  74458.3984375   4.7345847e-21
  74719.2031250   4.6938186e-21
  74980.0000000   4.6064327e-21
  75240.8046875   4.5703219e-21
  75501.6015625   4.4980971e-21
  75762.3984375   4.4747878e-21
  76023.2031250   4.4095500e-21
  76284.0000000   4.3128474e-21
  76544.8046875   4.2895555e-21
  76805.6015625   4.2149873e-21
  77066.3984375   4.1590682e-21
  77327.2031250   4.1194564e-21
  77588.0000000   4.0693595e-21
  77848.8046875   4.0099442e-21
  78109.6015625   3.9633539e-21
  78370.3984375   3.9179248e-21
  78631.2031250   3.8806435e-21
  78892.0000000   3.8282185e-21
  79152.8046875   3.7583177e-21
  79413.6015625   3.7396630e-21
  79674.3984375   3.7035578e-21
  79935.2031250   3.6639376e-21
  80196.0000000   3.6313213e-21
  80456.8046875   3.5777363e-21
  80717.6015625   3.5416227e-21
  80978.3984375   3.5159894e-21
  81239.2031250   3.4600618e-21
  81500.0000000   3.4321081e-21
  81760.8046875   3.3948252e-21
  82021.6015625   3.3575487e-21
  82282.3984375   3.3167755e-21
  82543.2031250   3.2748286e-21
  82804.0000000   3.2491992e-21
  83064.8046875   3.2130843e-21
  83325.6015625   3.1828040e-21
  83716.8046875   3.1268705e-21
  84238.3984375   3.0593049e-21
  84760.0000000   2.9963953e-21
  85281.6015625   2.9311593e-21
  85803.2031250   2.8577646e-21
  86324.8046875   2.8088261e-21
  86846.3984375   2.7552385e-21
  87368.0000000   2.7144618e-21
  87889.6015625   2.6503893e-21
  88411.2031250   2.6014578e-21
  88932.8046875   2.5548544e-21
  89454.3984375   2.5210704e-21
  89976.0000000   2.4709753e-21
  90497.6015625   2.4197174e-21
  91019.2031250   2.3626330e-21
  91540.8046875   2.3253576e-21
  92062.3984375   2.2717663e-21
  92584.0000000   2.2170036e-21
  93105.6015625   2.1797271e-21
  93627.2031250   2.1296324e-21
  94148.8046875   2.0958489e-21
  94670.3984375   2.0445817e-21
  95192.0000000   1.9956548e-21
  95713.6015625   1.9572117e-21
  96235.2031250   1.9036168e-21
  96756.8046875   1.8593530e-21
  97278.3984375   1.8255628e-21
  97800.0000000   1.7731416e-21
  98321.6015625   1.7533329e-21
  98843.2031250   1.7183875e-21
  99364.8046875   1.6869293e-21
  99886.3984375   1.6578008e-21
 100408.0000000   1.6298410e-21
 100929.6015625   1.5948963e-21
 101451.2031250   1.5657675e-21
 101972.8046875   1.5366445e-21
 102494.3984375   1.5133442e-21
 103016.0000000   1.4807218e-21
 103537.6015625   1.4562598e-21
 104059.2031250   1.4236356e-21
 104580.8046875   1.4015011e-21
 105102.3984375   1.3805350e-21
 105624.0000000   1.3525742e-21
 106145.6015625   1.3350989e-21
 106667.2031250   1.3152936e-21
 107188.8046875   1.2954863e-21
 107710.3984375   1.2745156e-21
 108232.0000000   1.2477207e-21
 108753.6015625   1.2267524e-21
 109275.2031250   1.2104402e-21
 109796.8046875   1.1871437e-21
 110318.3984375   1.1754912e-21
 110840.0000000   1.1533587e-21
 111361.6015625   1.1373978e-21
 111883.2031250   1.0820582e-21
 112404.8046875   1.0323131e-21
 112926.3984375   1.0331296e-21
 113448.0000000   9.8291483e-22
 113969.6015625   9.5705393e-22
 114491.2031250   9.3655071e-22
 115012.8046875   8.9658856e-22
 115534.3984375   8.8959912e-22
 116056.0000000   8.6897858e-22
 116577.6015625   8.3810466e-22
 117099.2031250   8.4183419e-22
 117620.8046875   8.1992996e-22
 118142.3984375   7.9336940e-22
 118664.0000000   7.8789357e-22
 119185.6015625   7.7321505e-22
 119707.2031250   7.4700220e-22
 120228.8046875   7.5119682e-22
 120750.3984375   7.3441966e-22
 121272.0000000   7.2311842e-22
 121793.6015625   7.1636345e-22
 122315.2031250   7.0331400e-22
 122836.8046875   6.9038400e-22
 123358.3984375   6.9271348e-22
 123880.0000000   6.7780181e-22
 124401.6015625   6.6848063e-22
 124923.2031250   6.5846303e-22
 125444.8046875   6.4413303e-22
 125966.3984375   6.4564542e-22
 126488.0000000   6.3259935e-22
 127009.6015625   6.2071580e-22
 127531.2031250   6.1430737e-22
 128052.8046875   6.0370533e-22
 128574.3984375   5.9625101e-22
 129096.0000000   5.8471638e-22
 129617.6015625   5.8075460e-22
 130139.2031250   5.7096980e-22
 130660.8046875   5.6607598e-22
 131182.4062500   5.5803879e-22
 131704.0000000   5.4568818e-22
 132225.6093750   5.4044585e-22
 132747.2031250   5.3403995e-22
 133268.7968750   5.2541817e-22
 133790.4062500   5.1807891e-22
 134312.0000000   5.1155375e-22
 134833.6093750   5.0992302e-22
 135355.2031250   5.0095308e-22
 135876.7968750   4.9372989e-22
 136398.4062500   4.8650620e-22
 136920.0000000   4.8242957e-22
 137441.6093750   4.8079873e-22
 137963.2031250   4.6938188e-22
 138484.7968750   4.6215703e-22
 139006.4062500   4.5866297e-22
 139528.0000000   4.5237131e-22
 140049.6093750   4.4689548e-22
 140571.2031250   4.4200394e-22
 141092.7968750   4.3687809e-22
 141614.4062500   4.2977016e-22
 142136.0000000   4.2744169e-22
 142657.6093750   4.1975120e-22
 143179.2031250   4.1637285e-22
 143700.7968750   4.0938276e-22
 144222.4062500   4.1054770e-22
 144744.0000000   3.9994617e-22
 145265.6093750   3.9901458e-22
 145787.2031250   3.9179248e-22
 146308.7968750   3.8969539e-22
 146830.4062500   3.8188986e-22
 147352.0000000   3.8002436e-22
 147873.6093750   3.7478178e-22
 148395.2031250   3.6790945e-22
 148916.7968750   3.6604471e-22
 149438.4062500   3.6185055e-22
 149960.0000000   3.5695749e-22
 150481.6093750   3.5218159e-22
 151003.2031250   3.4996748e-22
 151524.7968750   3.4507439e-22
 152046.4062500   3.4146376e-22
 152568.0000000   3.3750234e-22
 153089.6093750   3.3237603e-22
 153611.2031250   3.2864847e-22
 154132.7968750   3.2387135e-22
 154654.4062500   3.2142558e-22
 155176.0000000   3.1676456e-22
 155697.6093750   3.1443461e-22
 156219.2031250   3.1059027e-22
 156740.7968750   3.0674580e-22
 157262.4062500   3.0325106e-22
 157784.0000000   2.9917405e-22
 158305.6093750   2.9614512e-22
 158827.2031250   2.9241647e-22
 159348.7968750   2.8857254e-22
 159870.4062500   2.8577646e-22
 160392.0000000   2.8274653e-22
 160913.6093750   2.8006713e-22
 161435.2031250   2.7622294e-22
 161956.7968750   2.7342757e-22
 162478.4062500   2.6958215e-22
 163000.0000000   2.6620433e-22
 163521.6093750   2.6305825e-22
 164043.2031250   2.5991283e-22
 164564.7968750   2.5676779e-22
 165086.4062500   2.5478736e-22
 165608.0000000   2.5164135e-22
 166129.6093750   2.4977724e-22
 166651.2031250   2.4616600e-22
 167433.6093750   2.4173912e-22
 168476.7968750   2.3602993e-22
 169520.0000000   2.3090443e-22
 170563.2031250   2.2577815e-22
 171606.4062500   2.2065225e-22
 172649.6093750   2.1552632e-22
 173692.7968750   2.1109899e-22
 174736.0000000   2.0667183e-22
 175779.2031250   2.0201164e-22
 176822.4062500   1.9746868e-22
 177865.6093750   1.9327475e-22
 178908.7968750   1.8931367e-22
 179952.0000000   1.8477042e-22
 180995.2031250   1.8092561e-22
 182038.4062500   1.7708068e-22
 183081.6093750   1.7335326e-22
 184124.7968750   1.6974155e-22
 185168.0000000   1.6612993e-22
 186211.2031250   1.6275162e-22
 187254.4062500   1.5937270e-22
 188297.6093750   1.5634383e-22
 189340.7968750   1.5308178e-22
 190384.0000000   1.5005315e-22
 191427.2031250   1.4690752e-22
 192470.4062500   1.4387840e-22
 193513.6093750   1.4084923e-22
 194556.7968750   1.3793653e-22
 195600.0000000   1.3514044e-22
 196643.2031250   1.3269443e-22
 197686.4062500   1.3001488e-22
 198729.6093750   1.2745155e-22
 199772.7968750   1.2477207e-22
 200816.0000000   1.2244217e-22
 201859.2031250   1.2011200e-22
 202902.4062500   1.1789863e-22
 203945.6093750   1.1552191e-22
 204988.7968750   1.1321549e-22
 206032.0000000   1.1108334e-22
 207075.2031250   1.0907946e-22
 208118.4062500   1.0702896e-22
 209161.6093750   1.0499027e-22
 210204.7968750   1.0293975e-22
 211248.0000000   1.0107612e-22
 212291.2031250   9.9130350e-23
 213334.4062500   9.7336108e-23
 214377.6093750   9.5448913e-23
 215420.7968750   9.3689627e-23
 216464.0000000   9.2000720e-23
 217507.2031250   9.0311333e-23
 218550.4062500   8.8738654e-23
 219593.6093750   8.7165798e-23
 220636.7968750   8.5592999e-23
 221680.0000000   8.4055225e-23
 222723.2031250   8.2622331e-23
 223766.4062500   8.1201025e-23
 224809.6093750   7.9791198e-23
 225852.7968750   7.8416529e-23
 226896.0000000   7.7053358e-23
 227939.2031250   7.5772097e-23
 228982.4062500   7.4537018e-23
 230025.6093750   7.3348804e-23
 231068.7968750   7.2113941e-23
 232112.0000000   7.0937244e-23
 233155.2031250   6.9725522e-23
 234198.4062500   6.8502302e-23
 235241.6093750   6.7418874e-23
 236284.7968750   6.6230591e-23
 237328.0000000   6.5053825e-23
 238371.2031250   6.3958892e-23
 239414.4062500   6.2910288e-23
 240457.6093750   6.1955015e-23
 241500.7968750   6.1057941e-23
 242544.0000000   6.0126044e-23
 243587.2031250   5.9065784e-23
 244630.4062500   5.8087192e-23
 245673.6093750   5.7120307e-23
 246716.7968750   5.6211458e-23
 247760.0000000   5.5419454e-23
 248803.2031250   5.4557317e-23
 249846.4062500   5.3671805e-23
 250889.6093750   5.2856356e-23
 251932.7968750   5.1970829e-23
 252976.0000000   5.1108888e-23
 254019.2031250   5.0363111e-23
 255062.4062500   4.9664190e-23
 256105.6093750   4.8907051e-23
 257148.7968750   4.8208003e-23
 258192.0000000   4.7508937e-23
 259235.2031250   4.6728390e-23
 260278.4062500   4.5936248e-23
 261321.6093750   4.5202178e-23
 521600.0000000   2.8729030e-24
1043200.0000000   1.8407062e-25
1564800.0000000   3.6522895e-26
2086400.0000000   1.1559195e-26
2608000.0000000   4.7287658e-27
3129600.0000000   2.2764205e-27
3651200.0000000   1.2267524e-27
4172800.0000000   7.1787830e-28
