    346.7099915   1.5640272e-23
    358.1399841   1.7894352e-23
    365.7600098   1.9139342e-23
    373.3800049   1.0721138e-22
    381.0000000   2.9669286e-22
    388.6199951   3.2195928e-22
    396.2399902   3.0568438e-22
    403.8599854   3.1077144e-22
    411.4799805   3.1711779e-22
    419.1000061   3.6228113e-22
    434.3399963   3.7587099e-22
    449.5799866   3.6500728e-22
    461.0099792   4.6261550e-22
    476.2500000   4.8011246e-22
    483.8699951   4.9028288e-22
    487.6799927   4.9801529e-22
    499.1099854   4.8051959e-22
    502.9199829   4.9720007e-22
    510.5399780   4.7482192e-22
    521.9699707   5.2812211e-22
    533.3999634   5.2934354e-22
    544.8300171   6.6890285e-22
    560.0700073   8.3205969e-22
    575.3099976   7.4498651e-22
    590.5499878   8.4060306e-22
    605.7899780   8.4385812e-22
    617.2199707   8.4548663e-22
    632.4599609   8.5077596e-22
    647.7000122   8.4996180e-22
    659.1300049   6.9860315e-22
    674.3699951   8.5647060e-22
    685.7999878   8.5769017e-22
    693.4199829   8.5769017e-22
    708.6599731   8.5891145e-22
    727.7099609   8.5972672e-22
    739.1400146   8.6501383e-22
    754.3800049   8.6298000e-22
    769.6199951   8.6582717e-22
    781.0499878   8.6501383e-22
    800.0999756   8.3856767e-22
    822.9599609   8.6420129e-22
    838.2000122   8.6745629e-22
    849.6300049   8.5687692e-22
    864.8699951   8.6948920e-22
    876.2999878   1.0887976e-21
    891.5399780   1.6283153e-21
    914.3999634   1.7655786e-21
    937.2600098   1.5622011e-21
    960.1199951   1.5368047e-21
    979.1699829   1.3602395e-21
    990.5999756   1.3957380e-21
   1005.8399658   1.6991368e-21
   1024.8900146   1.6788420e-21
   1043.9399414   1.6388905e-21
   1062.9899902   1.3644757e-21
   1082.0400391   1.5584321e-21
   1104.9000244   1.5469283e-21
   1127.7600098   1.3647334e-21
   1146.8099365   1.2046688e-21
   1173.4799805   1.2346316e-21
   1211.5799561   1.1345827e-21
   1249.6799316   1.0914547e-21
   1287.7800293   9.6570418e-22
   1325.8800049   8.5649312e-22
   1360.1699219   1.0843643e-21
   1394.4599609   1.5585622e-21
   1428.7500000   1.4514249e-21
   1466.8499756   1.0856986e-21
   1504.9499512   1.5226093e-21
   1543.0499268   1.7825639e-21
   1577.3399658   1.6862091e-21
   1607.8199463   1.4655423e-21
   1638.2999268   1.3426947e-21
   1680.2099609   1.4850250e-21
   1718.3099365   1.4436563e-21
   1752.5999756   1.2178561e-21
   1790.6999512   1.1887546e-21
   1828.7999268   1.2830000e-21
   1866.9000244   1.0443004e-21
   1905.0000000   1.2446271e-21
   1927.8599854   1.0496203e-21
   1950.7199707   1.6231815e-21
   1981.1999512   1.5042447e-21
   2019.2999268   1.3487940e-21
   2057.3999023   1.0795745e-21
   2095.5000000   1.0228351e-21
   2133.5998535   1.3181026e-21
   2171.6999512   1.4499532e-21
   2209.8000488   1.3954070e-21
   2247.8999023   1.4037295e-21
   2286.0000000   1.1663518e-21
   2324.0998535   1.1252880e-21
   2362.1999512   1.4258117e-21
   2400.3000488   1.3433965e-21
   2438.3999023   1.4889498e-21
   2476.5000000   1.4434724e-21
   2506.9799805   1.3355725e-21
   2533.6499023   1.5256014e-21
   2571.7500000   1.6340248e-21
   2609.8498535   1.4289901e-21
   2647.9499512   1.7074702e-21
   2686.0500488   1.4187844e-21
   2727.9599609   1.8950562e-21
   2766.0600586   1.9947939e-21
   2800.3498535   2.0872948e-21
   2838.4499512   2.1185291e-21
   2876.5500488   2.2226169e-21
   2914.6499023   2.1176268e-21
   2952.7500000   2.5247907e-21
   2990.8498535   2.4816634e-21
   3028.9499512   2.8854564e-21
   3067.0500488   3.2649164e-21
   3105.1499023   3.7145495e-21
   3143.2500000   4.2933772e-21
   3181.3498535   3.9042307e-21
   3219.4499512   5.5515617e-21
   3257.5500488   6.3222650e-21
   3295.6499023   7.6390501e-21
   3333.7500000   9.0054184e-21
   3371.8498535   1.0660477e-20
   3409.9499512   1.2712383e-20
   3448.0500488   1.4929768e-20
   3486.1499023   1.7399226e-20
   3524.2500000   5.5422077e-20
   3562.3498535   9.8423139e-20
   3600.4499512   1.3932454e-19
   3638.5500488   1.7459160e-19
   3676.6499023   1.8858654e-19
   3714.7500000   9.0506988e-20
   3752.8498535   1.6910742e-19
   3790.9499512   1.6496285e-19
   3829.0500488   2.0433227e-19
   3867.1499023   2.1596193e-19
   3905.2500000   1.6545334e-19
   3943.3498535   2.4240970e-19
   3981.4499512   3.1466775e-19
   4019.5500488   3.0352258e-19
   4057.6499023   2.6250747e-19
   4095.7500000   2.8607126e-19
   4133.8500977   2.5927979e-19
   4171.9497070   2.9703578e-19
   4210.0498047   2.8418664e-19
   4248.1499023   2.8065910e-19
   4286.2500000   2.4578547e-19
   4324.3500977   2.8983349e-19
   4362.4497070   2.7945865e-19
   4400.5498047   2.7811185e-19
   4438.6499023   2.7157710e-19
   4476.7500000   1.8294936e-19
   4514.8500977   2.5996849e-19
   4552.9497070   2.4014842e-19
   4591.0498047   2.1030295e-19
   4629.1499023   1.7905751e-19
   4667.2500000   3.3897412e-19
   4705.3500977   3.8169164e-19
   4743.4497070   3.8610219e-19
   4781.5498047   3.8077243e-19
   4819.6499023   3.8526033e-19
   4857.7500000   4.2270697e-19
   4895.8500977   4.2936035e-19
   4933.9497070   3.8305692e-19
   4972.0498047   3.9141370e-19
   5010.1499023   4.3511789e-19
   5048.2500000   4.1968071e-19
   5086.3500977   4.0597513e-19
   5124.4497070   4.2725735e-19
   5162.5498047   4.2137428e-19
   5200.6499023   4.0027435e-19
   5238.7500000   3.9489463e-19
   5276.8500977   3.9034932e-19
   5314.9497070   2.8440266e-19
   5353.0498047   2.7528289e-19
   5391.1499023   3.7440138e-19
   5429.2500000   3.6099940e-19
   5467.3500977   3.8171175e-19
   5494.0200195   3.8455709e-19
   5513.0698242   3.8352149e-19
   5543.5498047   3.7288839e-19
   5581.6499023   3.5770567e-19
   5619.7500000   3.6660580e-19
   5657.8500977   3.7110597e-19
   5695.9497070   3.6719075e-19
   5734.0498047   3.4977505e-19
   5760.7197266   3.2616486e-19
   5779.7700195   3.3452107e-19
   5810.2500000   3.3480034e-19
   5848.3500977   2.8975840e-19
   5886.4497070   2.5120821e-19
   5924.5498047   2.5435106e-19
   5962.6499023   2.8916091e-19
   6000.7500000   3.0705547e-19
   6038.8500977   3.1109097e-19
   6076.9497070   3.1103906e-19
   6115.0498047   3.0581865e-19
   6153.1499023   2.9976294e-19
   6191.2500000   2.9919867e-19
   6229.3500977   3.1264966e-19
   6267.4497070   3.1328331e-19
   6305.5498047   3.1274991e-19
   6343.6499023   3.1857093e-19
   6370.3198242   2.9824227e-19
   6389.3701172   3.3487828e-19
   6419.8500977   3.2743505e-19
   6457.9497070   3.1456549e-19
   6496.0498047   3.0908087e-19
   6534.1499023   2.9389681e-19
   6572.2500000   2.8849369e-19
   6610.3500977   3.0179194e-19
   6648.4497070   2.9696924e-19
   6686.5498047   2.9962868e-19
   6724.6499023   2.9397167e-19
   6762.7500000   2.8413923e-19
   6800.8500977   2.9122170e-19
   6838.9497070   2.9524873e-19
   6877.0498047   2.9761423e-19
   6915.1499023   2.7697339e-19
   6953.2500000   2.8263575e-19
   6991.3500977   2.7801781e-19
   7029.4497070   2.6077466e-19
   7067.5498047   2.6217448e-19
   7105.6499023   2.6484434e-19
   7143.7500000   2.7145783e-19
   7181.8500977   2.5051302e-19
   7219.9497070   2.3997551e-19
   7258.0498047   2.5424161e-19
   7296.1499023   2.4209690e-19
   7334.2500000   2.3077240e-19
   7372.3500977   2.4449786e-19
   7410.4497070   2.4848371e-19
   7448.5498047   2.2724526e-19
   7494.2700195   2.4325009e-19
   7528.5600586   2.5010519e-19
   7559.0400391   2.3800853e-19
   7600.9497070   2.3336525e-19
   7639.0498047   2.4042700e-19
   7677.1499023   2.3748438e-19
   7715.2500000   2.4254497e-19
   7753.3500977   2.2725422e-19
   7791.4497070   2.2987920e-19
   7829.5498047   2.0222181e-19
   7867.6499023   2.1296582e-19
   7901.9399414   2.3550990e-19
   7917.1796875   2.1921188e-19
   7943.8500977   2.2639057e-19
   7981.9497070   2.1607197e-19
   8020.0498047   2.2053191e-19
   8058.1499023   2.2272585e-19
   8096.2500000   2.2251564e-19
   8134.3500977   2.1851979e-19
   8172.4497070   2.1204373e-19
   8210.5498047   2.1817457e-19
   8248.6494141   2.1432070e-19
   8286.7500000   2.1422283e-19
   8324.8496094   2.0845740e-19
   8362.9501953   2.1286110e-19
   8401.0498047   2.1107558e-19
   8439.1494141   2.0632517e-19
   8477.2500000   2.0348510e-19
   8515.3496094   2.0358790e-19
   8553.4501953   2.0287653e-19
   8591.5498047   1.9796952e-19
   8629.6494141   2.0089754e-19
   8667.7500000   2.0049383e-19
   8705.8496094   1.9980029e-19
   8743.9501953   1.8842014e-19
   8782.0498047   1.9345119e-19
   8820.1494141   1.8945821e-19
   8858.2500000   1.7063157e-19
   8896.3496094   1.8386763e-19
   8934.4501953   1.8400334e-19
   8972.5498047   1.8363199e-19
   9010.6494141   1.8050557e-19
   9048.7500000   1.7794900e-19
   9086.8496094   1.7324120e-19
   9124.9501953   1.7496696e-19
   9163.0498047   1.7193068e-19
   9201.1494141   1.7144658e-19
   9239.2500000   1.7196012e-19
   9277.3496094   1.6751741e-19
   9315.4501953   1.6859426e-19
   9353.5498047   1.6728141e-19
   9391.6494141   1.6509186e-19
   9429.7500000   1.6263141e-19
   9467.8496094   1.6037659e-19
   9505.9501953   1.3408739e-19
   9544.0498047   1.5619953e-19
   9574.5302734   1.4951817e-19
   9593.5800781   1.5530890e-19
   9620.2500000   1.5423222e-19
   9658.3496094   1.5377973e-19
   9696.4501953   1.5037228e-19
   9734.5498047   1.5162298e-19
   9772.6494141   1.5022245e-19
   9810.7500000   1.5091877e-19
   9848.8496094   1.4939346e-19
   9886.9501953   1.4763565e-19
   9925.0498047   1.4629700e-19
   9963.1494141   1.4426674e-19
  10001.2500000   1.4427498e-19
  10039.3496094   1.4376771e-19
  10077.4501953   1.4395219e-19
  10115.5498047   1.4335977e-19
  10153.6494141   1.3866465e-19
  10191.7500000   1.3883040e-19
  10229.8496094   1.3875055e-19
  10267.9501953   1.3516701e-19
  10306.0498047   1.3407265e-19
  10344.1494141   1.3305903e-19
  10382.2500000   1.3292527e-19
  10420.3496094   1.3187049e-19
  10458.4501953   1.2907032e-19
  10496.5498047   1.2847424e-19
  10534.6494141   1.2778603e-19
  10572.7500000   1.2879060e-19
  10610.8496094   1.2687005e-19
  10648.9501953   1.2092858e-19
  10687.0498047   1.2268642e-19
  10725.1494141   1.2424644e-19
  10763.2500000   1.2295127e-19
  10801.3496094   1.1899561e-19
  10839.4501953   1.1918860e-19
  10877.5498047   1.1777378e-19
  10915.6494141   1.1798086e-19
  10953.7500000   1.1659729e-19
  10991.8496094   1.1578033e-19
  11029.9501953   1.1429850e-19
  11087.0996094   1.1343833e-19
  11163.2998047   1.1208047e-19
  11239.5000000   1.0962347e-19
  11315.7001953   1.0858225e-19
  11391.8994141   1.0684099e-19
  11468.0996094   1.0456726e-19
  11544.2998047   1.0388614e-19
  11620.5000000   1.0271746e-19
  11696.7001953   1.0140638e-19
  11772.8994141   9.9138954e-20
  11849.0996094   9.8269806e-20
  11925.2998047   9.6266801e-20
  12001.5000000   9.5176726e-20
  12077.7001953   9.3138139e-20
  12153.8994141   9.1204876e-20
  12230.0996094   8.9925738e-20
  12306.2998047   8.8401697e-20
  12382.5000000   8.7290981e-20
  12458.7001953   8.5419413e-20
  12534.8994141   8.4096861e-20
  12611.0996094   8.2678874e-20
  12687.2998047   8.0993299e-20
  12763.5000000   7.9357071e-20
  12839.7001953   7.7974122e-20
  12915.8994141   7.6846113e-20
  12992.0996094   7.5613452e-20
  13068.2998047   7.3756393e-20
  13144.5000000   7.2452911e-20
  13220.7001953   7.1541946e-20
  13296.8994141   7.0304762e-20
  13373.0996094   6.9328799e-20
  13449.2998047   6.8293453e-20
  13525.5000000   6.7191493e-20
  13601.7001953   6.5997652e-20
  13677.8994141   6.4475504e-20
  13754.0996094   6.3485866e-20
  13830.2998047   6.2665904e-20
  13868.3994141   6.2205779e-20
  13906.5000000   6.2015113e-20
  13982.7001953   6.0810603e-20
  14058.8994141   5.8876396e-20
  14135.0996094   5.9706795e-20
  14211.2998047   5.9043157e-20
  14287.5000000   6.3458828e-20
  14363.7001953   6.3083417e-20
  14439.8994141   6.5929862e-20
  14516.0996094   6.8858760e-20
  14592.2998047   6.1352219e-20
  14668.5000000   6.9012557e-20
  14744.7001953   6.9010735e-20
  14820.8994141   5.8177512e-20
  14897.0996094   6.8440581e-20
  14973.2998047   6.5486312e-20
  15049.5000000   6.5826284e-20
  15125.7001953   5.3819515e-20
  15201.8994141   6.4767538e-20
  15278.0996094   6.5008060e-20
  15354.2998047   6.3180740e-20
  15430.5000000   6.3521293e-20
  15506.7001953   6.1436074e-20
  15582.8994141   5.8330250e-20
  15659.0996094   5.2314046e-20
  15735.2998047   5.8985099e-20
  15811.5000000   5.8996240e-20
  15887.7001953   5.8550209e-20
  15963.8994141   5.8097593e-20
  16040.0996094   5.7607230e-20
  16116.2998047   5.6791061e-20
  16192.5000000   5.5934599e-20
  16268.7001953   5.4501218e-20
  16344.8994141   5.4234989e-20
  16421.0996094   5.2643396e-20
  16497.2988281   4.9466919e-20
  16573.5000000   4.5700966e-20
  16649.6992188   5.1441894e-20
  16725.9003906   5.0686138e-20
  16802.0996094   5.0500824e-20
  16878.2988281   5.0278416e-20
  16954.5000000   4.9833903e-20
  17030.6992188   4.8551954e-20
  17106.9003906   4.8790292e-20
  17183.0996094   4.8846249e-20
  17259.2988281   4.7768323e-20
  17335.5000000   4.7087004e-20
  17411.6992188   4.7172075e-20
  17487.9003906   4.6227021e-20
  17564.0996094   4.5829803e-20
  17640.2988281   4.4986654e-20
  17716.5000000   4.4177451e-20
  17792.6992188   4.4287402e-20
  17868.9003906   4.3656690e-20
  17945.0996094   4.2651303e-20
  18021.2988281   4.2942070e-20
  18097.5000000   4.2674539e-20
  18173.6992188   4.2442398e-20
  18249.9003906   4.1798105e-20
  18326.0996094   4.1113187e-20
  18402.2988281   4.0613208e-20
  18478.5000000   3.8123090e-20
  18554.6992188   3.4270590e-20
  18630.9003906   3.9210190e-20
  18707.0996094   3.9002034e-20
  18783.2988281   3.8038298e-20
  18859.5000000   3.8279285e-20
  18935.6992188   3.7839852e-20
  19011.9003906   3.6997175e-20
  19088.0996094   3.5681761e-20
  19164.2988281   3.6183908e-20
  19240.5000000   3.5649491e-20
  19316.6992188   3.5881337e-20
  19392.9003906   3.5218430e-20
  19469.0996094   3.4934209e-20
  19545.2988281   3.4240498e-20
  19621.5000000   3.3708721e-20
  19697.6992188   3.3045294e-20
  19773.9003906   3.2862648e-20
  19850.0996094   3.2652318e-20
  19926.2988281   3.2586990e-20
  20002.5000000   3.2524936e-20
  20078.6992188   3.1642079e-20
  20154.9003906   3.2079205e-20
  20231.0996094   3.1907361e-20
  20307.2988281   3.1135340e-20
  20383.5000000   3.1282271e-20
  20459.6992188   3.1037862e-20
  20535.9003906   3.0528994e-20
  20612.0996094   3.0119475e-20
  20688.2988281   2.9907125e-20
  20764.5000000   2.9775542e-20
  20840.6992188   2.9238408e-20
  20916.9003906   2.8988441e-20
  20993.0996094   2.8729757e-20
  21069.2988281   2.8665605e-20
  21145.5000000   2.8565694e-20
  21221.6992188   2.8261960e-20
  21297.9003906   2.7788719e-20
  21374.0996094   2.7726183e-20
  21450.2988281   2.7321604e-20
  21526.5000000   2.7100755e-20
  21602.6992188   2.6761306e-20
  21678.9003906   2.6731823e-20
  21755.0996094   2.6418449e-20
  21831.2988281   2.6707649e-20
  21907.5000000   2.6124810e-20
  21983.6992188   2.6085827e-20
  22059.9003906   2.5627406e-20
  22136.0996094   2.5698300e-20
  22212.2988281   2.5674158e-20
  22288.5000000   2.5253120e-20
  22364.6992188   2.4660400e-20
  22440.9003906   2.4118000e-20
  22517.0996094   2.4441518e-20
  22593.2988281   2.4283806e-20
  22669.5000000   2.4041962e-20
  22745.6992188   2.4090580e-20
  22821.9003906   2.3712066e-20
  22898.0996094   2.3560509e-20
  22974.2988281   2.3596338e-20
  23050.5000000   2.3552026e-20
  23126.6992188   2.3459425e-20
  23202.9003906   2.3021968e-20
  23279.0996094   2.2892411e-20
  23355.2988281   2.2377199e-20
  23431.5000000   2.2166217e-20
  23507.6992188   2.1761859e-20
  23583.9003906   2.1803281e-20
  23660.0996094   2.1534536e-20
  23736.2988281   2.1096159e-20
  23812.5000000   2.0685049e-20
  23888.6992188   2.0999744e-20
  23964.9003906   2.1100607e-20
  24041.0996094   2.0813540e-20
  24117.2988281   2.0906158e-20
  24193.5000000   2.0683050e-20
  24269.6992188   2.0568912e-20
  24345.9003906   2.0616575e-20
  24422.0996094   2.0432957e-20
  24498.2988281   2.0374801e-20
  24574.5000000   2.0251511e-20
  24650.6992188   2.0168521e-20
  24726.9003906   1.9808693e-20
  24803.0996094   1.9896056e-20
  24879.2988281   1.9698343e-20
  24955.5000000   1.9084196e-20
  25031.6992188   1.7359154e-20
  25107.9003906   1.9204765e-20
  25184.0996094   1.9303788e-20
  25260.2988281   1.9116661e-20
  25336.5000000   1.8904677e-20
  25412.6992188   1.8520323e-20
  25488.9003906   1.8520488e-20
  25565.0996094   1.8192540e-20
  25641.2988281   1.8221084e-20
  25717.5000000   1.7986774e-20
  25793.6992188   1.7982113e-20
  25869.9003906   1.7767802e-20
  25946.0996094   1.7791697e-20
  26022.2988281   1.7782556e-20
  26098.5000000   1.7596259e-20
  26174.6992188   1.7648656e-20
  26250.9003906   1.7729996e-20
  26327.0996094   1.7650361e-20
  26403.2988281   1.7475654e-20
  26479.5000000   1.7283994e-20
  26555.6992188   1.7327773e-20
  26631.9003906   1.7197751e-20
  26708.0996094   1.7022065e-20
  26784.2988281   1.6995098e-20
  26860.5000000   1.6831313e-20
  26936.6992188   1.6306483e-20
  27012.9003906   1.6021608e-20
  27089.0996094   1.5524548e-20
  27165.2988281   1.5280288e-20
  27241.5000000   1.5326729e-20
  27317.6992188   1.5356443e-20
  27393.9003906   1.5273846e-20
  27470.0996094   1.5490834e-20
  27546.2988281   1.5533072e-20
  27622.5000000   1.5625374e-20
  27698.6992188   1.5600893e-20
  27774.9003906   1.5451086e-20
  27851.0996094   1.5656078e-20
  27927.2988281   1.5623039e-20
  28003.5000000   1.5648448e-20
  28079.6992188   1.5811898e-20
  28155.9003906   1.5611312e-20
  28232.0996094   1.5552870e-20
  28308.2988281   1.5557104e-20
  28384.5000000   1.5519435e-20
  28460.6992188   1.5452307e-20
  28536.9003906   1.5355702e-20
  28613.0996094   1.5410087e-20
  28689.2988281   1.5460250e-20
  28765.5000000   1.5443150e-20
  28841.6992188   1.5325114e-20
  28917.9003906   1.5131167e-20
  28994.0996094   1.4991663e-20
  29070.2988281   1.4864605e-20
  29146.5000000   1.4707909e-20
  29222.6992188   1.4386559e-20
  29298.9003906   1.4474019e-20
  29375.0996094   1.4295613e-20
  29451.2988281   1.4239468e-20
  29527.5000000   1.4170594e-20
  29603.6992188   1.4156537e-20
  29679.9003906   1.4205801e-20
  29756.0996094   1.4166302e-20
  29832.2988281   1.4118228e-20
  29908.5000000   1.3926091e-20
  29984.6992188   1.3877797e-20
  30060.9003906   1.3519908e-20
  30137.0996094   1.3335563e-20
  30213.2988281   1.3367403e-20
  30289.5000000   1.3250677e-20
  30365.6992188   1.3443823e-20
  30441.9003906   1.3390730e-20
  30518.0996094   1.3465036e-20
  30594.2988281   1.3424589e-20
  30670.5000000   1.3332927e-20
  30746.6992188   1.3211395e-20
  30822.9003906   1.3008785e-20
  30899.0996094   1.2912475e-20
  30975.2988281   1.3033490e-20
  31051.5000000   1.3001017e-20
  31127.6992188   1.3006957e-20
  31203.9003906   1.2863345e-20
  31280.0996094   1.2758078e-20
  31356.2988281   1.2797979e-20
  31432.5000000   1.2790843e-20
  31508.6992188   1.2792247e-20
  31584.9003906   1.2678093e-20
  31661.0996094   1.2375414e-20
  31737.2988281   1.2363679e-20
  31813.5000000   1.2317664e-20
  31889.6992188   1.2327298e-20
  31965.9003906   1.2199653e-20
  32042.0996094   1.2359336e-20
  32118.2988281   1.2210106e-20
  32194.5000000   1.2107951e-20
  32270.6992188   1.2005703e-20
  32346.9003906   1.2238506e-20
  32423.0996094   1.1663262e-20
  32499.2988281   1.2171343e-20
  32575.5000000   1.1324471e-20
  32651.6992188   1.2375142e-20
  32727.9003906   1.1953931e-20
  32804.0976562   1.1945901e-20
  32880.3007812   1.2399024e-20
  32956.5000000   1.2192797e-20
  33032.6992188   1.1128049e-20
  33108.8984375   1.2060293e-20
  33185.0976562   1.2298206e-20
  33261.3007812   1.2177919e-20
  33337.5000000   1.1469928e-20
  33413.6992188   1.2062253e-20
  33489.8984375   1.2205333e-20
  33566.0976562   1.2041452e-20
  33642.3007812   1.2037539e-20
  33718.5000000   1.1838779e-20
  33794.6992188   1.1232784e-20
  33870.8984375   1.1917290e-20
  33947.0976562   1.2034526e-20
  34023.3007812   1.1844032e-20
  34099.5000000   1.1835556e-20
  34175.6992188   1.1801041e-20
  34251.8984375   1.1675306e-20
  34328.0976562   1.0989342e-20
  34404.3007812   1.1401773e-20
  34480.5000000   1.1810114e-20
  34556.6992188   1.1640644e-20
  34632.8984375   1.1357992e-20
  34709.0976562   1.1366525e-20
  34785.3007812   1.1475167e-20
  34861.5000000   1.1374864e-20
  34937.6992188   1.1213561e-20
  35013.8984375   1.1126143e-20
  35090.0976562   1.0707445e-20
  35166.3007812   1.0131513e-20
  35242.5000000   1.0584341e-20
  35318.6992188   1.0762607e-20
  35394.8984375   1.0788304e-20
  35471.0976562   1.0818290e-20
  35547.3007812   1.0752260e-20
  35623.5000000   1.0725472e-20
  35699.6992188   1.0606863e-20
  35775.8984375   1.0641204e-20
  35852.0976562   1.0426231e-20
  35928.3007812   1.0582947e-20
  36004.5000000   1.0429071e-20
  36080.6992188   1.0498324e-20
  36156.8984375   1.0480036e-20
  36233.0976562   1.0339046e-20
  36309.3007812   1.0263674e-20
  36385.5000000   9.6665465e-21
  36461.6992188   1.0160967e-20
  36537.8984375   1.0348632e-20
  36614.0976562   1.0238013e-20
  36690.3007812   1.0223859e-20
  36766.5000000   1.0148256e-20
  36842.6992188   1.0085696e-20
  36918.8984375   1.0150574e-20
  36995.0976562   1.0096731e-20
  37071.3007812   1.0064899e-20
  37147.5000000   9.9889806e-21
  37223.6992188   9.9878400e-21
  37299.8984375   9.8722286e-21
  37376.0976562   9.9987242e-21
  37452.3007812   9.9270535e-21
  37528.5000000   9.9522413e-21
  37604.6992188   9.8893263e-21
  37680.8984375   9.8439994e-21
  37757.0976562   9.7941917e-21
  37833.3007812   9.8105083e-21
  37909.5000000   9.7827137e-21
  37985.6992188   9.7681169e-21
  38061.8984375   9.7049587e-21
  38195.2500000   9.5079395e-21
  38385.7500000   9.3083749e-21
  38576.2500000   9.4581277e-21
  38766.7500000   9.3645093e-21
  38957.2500000   9.3194603e-21
  39147.7500000   9.2740582e-21
  39338.2500000   9.1264178e-21
  39528.7500000   9.0318381e-21
  39719.2500000   8.9946675e-21
  39909.7500000   8.8909040e-21
  40100.2500000   8.8357066e-21
  40290.7500000   8.7269130e-21
  40481.2500000   8.6578159e-21
  40671.7500000   8.4948032e-21
  40862.2500000   8.4525273e-21
  41052.7500000   8.3648583e-21
  41243.2500000   8.1788622e-21
  41433.7500000   8.0239169e-21
  41624.2500000   7.6935948e-21
  41814.7500000   7.6365015e-21
  42005.2500000   7.5523844e-21
  42195.7500000   7.4681452e-21
  42386.2500000   7.4239977e-21
  42576.7500000   7.3797540e-21
  42767.2500000   7.3354845e-21
  42957.7500000   7.2685887e-21
  43148.2500000   7.2331775e-21
  43338.7500000   7.1931990e-21
  43529.2500000   7.1481645e-21
  43719.7500000   7.1668051e-21
  43910.2500000   7.1352422e-21
  44100.7500000   7.0634059e-21
  44291.2500000   6.9864612e-21
  44481.7500000   6.9547456e-21
  44672.2500000   6.9683205e-21
  44862.7500000   6.8911399e-21
  45053.2500000   6.8320458e-21
  45243.7500000   6.7365234e-21
  45434.2500000   6.7817921e-21
  45624.7500000   6.6085826e-21
  45815.2500000   6.6626999e-21
  46005.7500000   6.5895700e-21
  46196.2500000   6.5524002e-21
  46386.7500000   6.5334061e-21
  46577.2500000   6.4737683e-21
  46767.7500000   6.4273073e-21
  46958.2500000   6.3670992e-21
  47148.7500000   6.3296834e-21
  47339.2500000   6.2693432e-21
  47529.7500000   6.2318172e-21
  47720.2500000   6.1575999e-21
  47910.7500000   6.1291353e-21
  48101.2500000   6.0866712e-21
  48291.7500000   6.0212129e-21
  48482.2500000   6.0015706e-21
  48672.7500000   5.9635514e-21
  48863.2500000   5.7234000e-21
  49053.7500000   5.8506250e-21
  49244.2500000   5.7846812e-21
  49434.7500000   5.7970413e-21
  49625.2500000   5.7263916e-21
  49815.7500000   5.7295364e-21
  50006.2500000   5.6495527e-21
  50196.7500000   5.6202023e-21
  50387.2500000   5.6000479e-21
  50577.7500000   5.5242974e-21
  50768.2500000   5.5271611e-21
  50958.7500000   5.4697851e-21
  51149.2500000   5.4726205e-21
  51339.7500000   5.4290275e-21
  51530.2500000   5.3992575e-21
  51720.7500000   5.3231827e-21
  51911.2500000   5.2979707e-21
  52101.7500000   5.2866510e-21
  52292.2500000   5.2660277e-21
  52482.7500000   5.2361167e-21
  52673.2500000   5.2153007e-21
  52863.7500000   5.1526688e-21
  53054.2500000   5.0808499e-21
  53244.7500000   5.0645640e-21
  53435.2500000   4.9738790e-21
  53625.7500000   4.9342806e-21
  53816.2500000   4.8295053e-21
  54006.7500000   4.7944451e-21
  54197.2500000   4.7359317e-21
  54387.7500000   4.6821605e-21
  54578.2500000   4.7215603e-21
  54768.7500000   4.7188857e-21
  54959.2500000   4.6196373e-21
  55149.7500000   4.6669890e-21
  55340.2500000   4.6147914e-21
  55511.6992188   4.6221944e-21
  55702.1992188   4.5716625e-21
  55911.7500000   4.5533078e-21
  56102.2500000   4.4956632e-21
  56292.7500000   4.5041018e-21
  56483.2500000   4.4971047e-21
  56673.7500000   4.4777714e-21
  56864.2500000   4.5279023e-21
  57054.7500000   4.4893693e-21
  57245.2500000   4.4776535e-21
  57435.7500000   4.4446793e-21
  57626.2500000   4.4736238e-21
  57816.7500000   4.4777124e-21
  58007.2500000   4.4723862e-21
  58197.7500000   4.4628502e-21
  58388.2500000   4.4330992e-21
  58578.7500000   4.4611458e-21
  58769.2500000   4.4420443e-21
  58959.7500000   4.4469052e-21
  59150.2500000   4.4025210e-21
  59340.7500000   4.1989639e-21
  59531.2500000   4.2323451e-21
  59721.7500000   4.2405879e-21
  59912.2500000   4.3016062e-21
  60102.7500000   4.0422802e-21
  60293.2500000   3.9863053e-21
  60483.7500000   3.9960865e-21
  60674.2500000   4.1316823e-21
  60864.7500000   3.9809868e-21
  61150.5000000   4.0185965e-21
  61531.5000000   4.0769757e-21
  61912.5000000   3.9526244e-21
  62293.5000000   4.0564719e-21
  62674.5000000   3.8727397e-21
  63055.5000000   3.9520343e-21
  63436.5000000   3.8611406e-21
  63817.5000000   3.8394283e-21
  64198.5000000   3.7535796e-21
  64579.5000000   3.7590900e-21
  64960.5000000   3.6973297e-21
  65341.5000000   3.6514357e-21
  65722.5000000   3.5895208e-21
  66103.5000000   3.4963531e-21
  66484.5000000   3.4807409e-21
  66865.5000000   3.4331748e-21
  67246.5000000   3.3817264e-21
  67627.5000000   3.3221078e-21
  68008.5000000   3.2920286e-21
  68389.5000000   3.2354118e-21
  68770.5000000   3.1703424e-21
  69151.5000000   3.1121669e-21
  69532.5000000   3.0697323e-21
  69913.5000000   3.0202662e-21
  70294.5000000   2.9628792e-21
  70675.5000000   2.9250867e-21
  71056.5000000   2.8555911e-21
  71437.5000000   2.7937030e-21
  71818.5000000   2.7768956e-21
  72199.5000000   2.6935937e-21
  72580.5000000   2.7017094e-21
  72961.5000000   2.6492345e-21
  73342.5000000   2.6119417e-21
  73723.5000000   2.5502219e-21
  74104.5000000   2.4858740e-21
  74485.5000000   2.4773621e-21
  74866.5000000   2.4292980e-21
  75247.5000000   2.3799077e-21
  75628.5000000   2.3472100e-21
  76009.5000000   2.3125433e-21
  76390.5000000   2.2889594e-21
  76771.5000000   2.2555392e-21
  77152.5000000   2.2009648e-21
  77533.5000000   2.1661736e-21
  77914.5000000   2.1502215e-21
  78295.5000000   2.1094214e-21
  78676.5000000   2.0721238e-21
  79057.5000000   2.0448309e-21
  79438.5000000   2.0112176e-21
  79819.5000000   1.9767327e-21
  80200.5000000   1.9600311e-21
  80581.5000000   1.9234310e-21
  80962.5000000   1.8940829e-21
  81343.5000000   1.8764881e-21
  81724.5000000   1.8461205e-21
  82105.5000000   1.8166991e-21
  82486.5000000   1.7759687e-21
  82867.5000000   1.7572010e-21
  83248.5000000   1.7359839e-21
  83629.5000000   1.7142702e-21
  84010.5000000   1.6784144e-21
  84391.5000000   1.6682434e-21
  84772.5000000   1.6323464e-21
  85153.5000000   1.6115324e-21
  85534.5000000   1.5896219e-21
  85915.5000000   1.5692632e-21
  86296.5000000   1.5405892e-21
  86677.5000000   1.5304466e-21
  87058.5000000   1.5011494e-21
  87439.5000000   1.2706633e-21
  87820.5000000   1.3557010e-21
  88201.5000000   1.3463617e-21
  88582.5000000   1.1551723e-21
  88963.5000000   1.2490682e-21
  89344.5000000   1.1741743e-21
  89725.5000000   1.0590106e-21
  90106.5000000   1.1524815e-21
  90487.5000000   1.0848216e-21
  90868.5000000   1.0067464e-21
  91249.5000000   1.0806893e-21
  91630.5000000   1.0467708e-21
  92011.5000000   9.7504157e-22
  92392.5000000   1.0298442e-21
  92773.5000000   9.9341191e-22
  93154.5000000   9.6284985e-22
  93535.5000000   9.7102461e-22
  93916.5000000   9.7238161e-22
  94297.5000000   9.5161273e-22
  94678.5000000   8.6342348e-22
  95059.5000000   8.6025925e-22
  95440.5000000   8.8422669e-22
  95821.5000000   8.5895679e-22
  96202.5000000   8.8682466e-22
  96583.5000000   8.9456201e-22
  96964.5000000   8.9786831e-22
  97345.5000000   8.9920207e-22
  97726.5000000   9.0195887e-22
  98107.5000000   9.0724275e-22
  98488.5000000   8.8142345e-22
  98869.5000000   8.8121443e-22
  99250.5000000   8.8254678e-22
  99631.5000000   8.6262003e-22
 100012.5000000   8.4960355e-22
 100393.5000000   8.5235045e-22
 100774.5000000   8.4525646e-22
 101155.5000000   8.3172354e-22
 101536.5000000   8.1812338e-22
 101917.5000000   8.2141403e-22
 102298.5000000   8.1429858e-22
 102679.5000000   7.9379031e-22
 103060.5000000   7.9603159e-22
 103441.5000000   7.8641662e-22
 103822.5000000   7.8225548e-22
 104203.5000000   7.6214909e-22
 104584.5000000   7.6194825e-22
 104965.5000000   7.5429375e-22
 105346.5000000   7.4464304e-22
 105727.5000000   7.2996836e-22
 106108.5000000   7.2925700e-22
 106489.5000000   7.2456089e-22
 106870.5000000   7.1583748e-22
 107251.5000000   7.0266797e-22
 107632.5000000   6.9895611e-22
 108013.5000000   6.9473887e-22
 108394.5000000   6.8599173e-22
 108775.5000000   6.7706031e-22
 109156.5000000   6.6958180e-22
 109537.5000000   6.6010982e-22
 109918.5000000   6.5562288e-22
 110299.5000000   6.4814493e-22
 110680.5000000   6.4066502e-22
 111061.5000000   6.3468305e-22
 111442.5000000   6.2421162e-22
 111823.5000000   6.2121971e-22
 112204.5000000   6.1124957e-22
 112585.5000000   6.0426973e-22
 112966.5000000   5.9878531e-22
 113347.5000000   5.9180486e-22
 113728.5000000   5.8382790e-22
 114109.5000000   5.7684700e-22
 114490.5000000   5.6986691e-22
 114871.5000000   5.6438239e-22
 115252.5000000   5.5690470e-22
 115633.5000000   5.4693289e-22
 116014.5000000   5.4344428e-22
 116395.5000000   5.3746050e-22
 116776.5000000   5.3147733e-22
 117157.5000000   5.2599256e-22
 117538.5000000   5.1851537e-22
 117919.5000000   5.1253144e-22
 118300.5000000   5.0854260e-22
 118681.5000000   5.0056549e-22
 119062.5000000   4.9583066e-22
 119443.5000000   4.9019680e-22
 119824.5000000   4.8466099e-22
 120205.5000000   4.7872911e-22
 120586.5000000   4.7249618e-22
 120967.5000000   4.6840940e-22
 121348.5000000   4.6282482e-22
 121729.5000000   4.5768856e-22
 122301.0000000   4.4936304e-22
 123063.0000000   4.3934236e-22
 123825.0000000   4.2946976e-22
 124587.0000000   4.1959777e-22
 125349.0000000   4.0892951e-22
 126111.0000000   4.0105211e-22
 126873.0000000   3.9222591e-22
 127635.0000000   3.8444903e-22
 128397.0000000   3.7572410e-22
 129159.0000000   3.6749728e-22
 129921.0000000   3.5927063e-22
 130683.0000000   3.5234057e-22
 131445.0000000   3.4541064e-22
 132207.0000000   3.3808206e-22
 132969.0000000   3.3130159e-22
 133731.0000000   3.2486963e-22
 134493.0000000   3.1759028e-22
 135255.0000000   3.1155722e-22
 136017.0000000   3.0512640e-22
 136779.0000000   2.9899376e-22
 137541.0000000   2.9345956e-22
 138303.0000000   2.8792537e-22
 139065.0000000   2.8134405e-22
 139827.0000000   2.7600923e-22
 140589.0000000   2.6932860e-22
 141351.0000000   2.6394445e-22
 142113.0000000   2.5950651e-22
 142875.0000000   2.5282639e-22
 143637.0000000   2.4998437e-22
 144399.0000000   2.4504824e-22
 145161.0000000   2.4066048e-22
 145923.0000000   2.3662235e-22
 146685.0000000   2.3243445e-22
 147447.0000000   2.2749888e-22
 148209.0000000   2.2345968e-22
 148971.0000000   2.1932166e-22
 149733.0000000   2.1578181e-22
 150495.0000000   2.1104591e-22
 151257.0000000   2.0730613e-22
 152019.0000000   2.0276964e-22
 152781.0000000   1.9952847e-22
 153543.0000000   1.9618827e-22
 154305.0000000   1.9209996e-22
 155067.0000000   1.8920791e-22
 155829.0000000   1.8586734e-22
 156591.0000000   1.8282647e-22
 157353.0000000   1.7973508e-22
 158115.0000000   1.7639513e-22
 158877.0000000   1.7290448e-22
 159639.0000000   1.7021243e-22
 160401.0000000   1.6707144e-22
 161163.0000000   1.6477821e-22
 161925.0000000   1.6158699e-22
 162687.0000000   1.5909420e-22
 163449.0000000   1.5196499e-22
 164211.0000000   1.4598187e-22
 164973.0000000   1.4593187e-22
 165735.0000000   1.3989905e-22
 166497.0000000   1.3655908e-22
 167259.0000000   1.3361710e-22
 168021.0000000   1.2783374e-22
 168783.0000000   1.2693638e-22
 169545.0000000   1.2399460e-22
 170307.0000000   1.1985682e-22
 171069.0000000   1.2005597e-22
 171831.0000000   1.1691521e-22
 172593.0000000   1.1377413e-22
 173355.0000000   1.1342489e-22
 174117.0000000   1.1143063e-22
 174879.0000000   1.0799064e-22
 175641.0000000   1.0823993e-22
 176403.0000000   1.0574723e-22
 177165.0000000   1.0410171e-22
 177927.0000000   1.0310480e-22
 178689.0000000   1.0140950e-22
 179451.0000000   9.9514986e-23
 180213.0000000   9.9315455e-23
 180975.0000000   9.7271478e-23
 181737.0000000   9.5975102e-23
 182499.0000000   9.4479561e-23
 183261.0000000   9.2584717e-23
 184023.0000000   9.2535120e-23
 184785.0000000   9.0790046e-23
 185547.0000000   8.9094708e-23
 186309.0000000   8.8147381e-23
 187071.0000000   8.6651959e-23
 187833.0000000   8.5504993e-23
 188595.0000000   8.4059201e-23
 189357.0000000   8.3560823e-23
 190119.0000000   8.2015237e-23
 190881.0000000   8.1267302e-23
 191643.0000000   8.0120500e-23
 192405.0000000   7.8475359e-23
 193167.0000000   7.7727266e-23
 193929.0000000   7.6680246e-23
 194691.0000000   7.5434010e-23
 195453.0000000   7.4287259e-23
 196215.0000000   7.3340032e-23
 196977.0000000   7.2991066e-23
 197739.0000000   7.1744577e-23
 198501.0000000   7.0697374e-23
 199263.0000000   6.9750255e-23
 200025.0000000   6.9102025e-23
 200787.0000000   6.8752995e-23
 201549.0000000   6.7157565e-23
 202311.0000000   6.6110785e-23
 203073.0000000   6.5612117e-23
 203835.0000000   6.4714652e-23
 204597.0000000   6.3867043e-23
 205359.0000000   6.3169085e-23
 206121.0000000   6.2421162e-23
 206883.0000000   6.1374312e-23
 207645.0000000   6.0975344e-23
 208407.0000000   5.9878537e-23
 209169.0000000   5.9429751e-23
 209931.0000000   5.8332812e-23
 210693.0000000   5.8432555e-23
 211455.0000000   5.7036518e-23
 212217.0000000   5.6737464e-23
 212979.0000000   5.5790099e-23
 213741.0000000   5.5441302e-23
 214503.0000000   5.4394092e-23
 215265.0000000   5.4045246e-23
 216027.0000000   5.3347211e-23
 216789.0000000   5.2350129e-23
 217551.0000000   5.2100808e-23
 218313.0000000   5.1502482e-23
 219075.0000000   5.0804479e-23
 219837.0000000   5.0156455e-23
 220599.0000000   4.9737481e-23
 221361.0000000   4.9059522e-23
 222123.0000000   4.8501018e-23
 222885.0000000   4.7917718e-23
 223647.0000000   4.7179950e-23
 224409.0000000   4.6686290e-23
 225171.0000000   4.6023231e-23
 225933.0000000   4.5689126e-23
 226695.0000000   4.5011160e-23
 227457.0000000   4.4662032e-23
 228219.0000000   4.4133622e-23
 228981.0000000   4.3610124e-23
 229743.0000000   4.3086589e-23
 230505.0000000   4.2473350e-23
 231267.0000000   4.2009746e-23
 232029.0000000   4.1476268e-23
 232791.0000000   4.0972590e-23
 233553.0000000   4.0583785e-23
 234315.0000000   4.0160028e-23
 235077.0000000   3.9796057e-23
 235839.0000000   3.9277580e-23
 236601.0000000   3.8903663e-23
 237363.0000000   3.8350132e-23
 238125.0000000   3.7836694e-23
 238887.0000000   3.7417784e-23
 239649.0000000   3.7013912e-23
 240411.0000000   3.6585147e-23
 241173.0000000   3.6276034e-23
 241935.0000000   3.5807504e-23
 242697.0000000   3.5513227e-23
 243459.0000000   3.5014699e-23
 244602.0000000   3.4461360e-23
 246126.0000000   3.3648669e-23
 247650.0000000   3.2915660e-23
 249174.0000000   3.2177835e-23
 250698.0000000   3.1509780e-23
 252222.0000000   3.0786837e-23
 253746.0000000   3.0128737e-23
 255270.0000000   2.9485611e-23
 256794.0000000   2.8812523e-23
 258318.0000000   2.8199225e-23
 259842.0000000   2.7586018e-23
 261366.0000000   2.7022553e-23
 262890.0000000   2.6419378e-23
 264414.0000000   2.5865880e-23
 265938.0000000   2.5317528e-23
 267462.0000000   2.4774055e-23
 268986.0000000   2.4270478e-23
 270510.0000000   2.3746977e-23
 272034.0000000   2.3263358e-23
 273558.0000000   2.2774780e-23
 275082.0000000   2.2311058e-23
 276606.0000000   2.1842481e-23
 278130.0000000   2.1403664e-23
 279654.0000000   2.0959941e-23
 281178.0000000   2.0541200e-23
 282702.0000000   2.0102462e-23
 284226.0000000   1.9668691e-23
 285750.0000000   1.9274814e-23
 287274.0000000   1.8920791e-23
 288798.0000000   1.8556882e-23
 290322.0000000   1.8187904e-23
 291846.0000000   1.7833941e-23
 293370.0000000   1.7479954e-23
 294894.0000000   1.7140895e-23
 296418.0000000   1.6806863e-23
 297942.0000000   1.6482815e-23
 299466.0000000   1.6163738e-23
 300990.0000000   1.5854596e-23
 302514.0000000   1.5550477e-23
 304038.0000000   1.5256281e-23
 305562.0000000   1.4962129e-23
 307086.0000000   1.4677967e-23
 308610.0000000   1.4408756e-23
 310134.0000000   1.4134545e-23
 311658.0000000   1.3875237e-23
 313182.0000000   1.3620987e-23
 314706.0000000   1.3366699e-23
 316230.0000000   1.3127415e-23
 317754.0000000   1.2878098e-23
 319278.0000000   1.2648784e-23
 320802.0000000   1.2419407e-23
 322326.0000000   1.2195099e-23
 323850.0000000   1.1975686e-23
 325374.0000000   1.1766315e-23
 326898.0000000   1.1556899e-23
 328422.0000000   1.1352507e-23
 329946.0000000   1.1153052e-23
 331470.0000000   1.0958592e-23
 332994.0000000   1.0764167e-23
 334518.0000000   1.0579694e-23
 336042.0000000   1.0390257e-23
 337566.0000000   1.0210756e-23
 339090.0000000   1.0036252e-23
 340614.0000000   9.8667227e-24
 342138.0000000   9.6972470e-24
 343662.0000000   9.5376747e-24
 345186.0000000   9.3781331e-24
 346710.0000000   9.2136082e-24
 348234.0000000   9.0590499e-24
 349758.0000000   8.9144808e-24
 351282.0000000   8.7649010e-24
 352806.0000000   8.6203296e-24
 354330.0000000   8.4807131e-24
 355854.0000000   8.3361417e-24
 357378.0000000   8.2015241e-24
 358902.0000000   8.0718796e-24
 360426.0000000   7.9372755e-24
 361950.0000000   7.8126315e-24
 363474.0000000   7.6829917e-24
 364998.0000000   7.5633380e-24
 366522.0000000   7.4436844e-24
 368046.0000000   7.3240252e-24
 369570.0000000   7.2093596e-24
 371094.0000000   7.0896988e-24
 372618.0000000   6.9800211e-24
 374142.0000000   6.8752999e-24
 375666.0000000   6.7656095e-24
 377190.0000000   6.6609151e-24
 378714.0000000   6.5612121e-24
 380238.0000000   6.4565043e-24
 381762.0000000   6.3617885e-24
 762000.0000000   4.2797474e-25
1524000.0000000   2.7506172e-26
2286000.0000000   5.4643586e-27
3048000.0000000   1.7320393e-27
3810000.0000000   7.0896991e-28
4572000.0000000   3.4172143e-28
5334000.0000000   1.8422248e-28
6096000.0000000   1.0789110e-28
