    363.7269897   3.2033470e-23
    375.7179871   3.6507968e-23
    383.7120056   3.8949338e-23
    391.7059937   2.1251655e-22
    399.7000122   5.8600157e-22
    407.6940002   6.3570723e-22
    415.6879883   6.0376874e-22
    423.6820068   6.1369501e-22
    431.6759949   6.2618350e-22
    439.6699829   7.1503044e-22
    455.6579895   7.4176467e-22
    471.6459961   7.2039520e-22
    483.6369934   9.1249805e-22
    499.6250000   9.4691894e-22
    507.6189880   9.6692698e-22
    511.6159973   9.8213783e-22
    523.6069946   9.4771775e-22
    527.6040039   9.8053457e-22
    535.5980225   9.3651325e-22
    547.5889893   1.0413699e-21
    559.5800171   1.0437692e-21
    571.5709839   1.3183178e-21
    587.5590210   1.6400939e-21
    603.5469971   1.4688038e-21
    619.5349731   1.6569050e-21
    635.5230103   1.6633063e-21
    647.5139771   1.6657114e-21
    663.5020142   1.6761171e-21
    679.4899902   1.6753151e-21
    691.4810181   1.3775546e-21
    707.4689941   1.6881220e-21
    719.4600220   1.6897241e-21
    727.4539795   1.6897241e-21
    743.4420166   1.6929257e-21
    763.4270020   1.6945249e-21
    775.4179688   1.7049309e-21
    791.4060059   1.7001306e-21
    807.3939819   1.7065340e-21
    819.3850098   1.7049309e-21
    839.3699951   1.6521019e-21
    863.3519897   1.7033295e-21
    879.3399658   1.7089341e-21
    891.3309937   1.6889229e-21
    907.3189697   1.7129392e-21
    919.3099976   2.1053596e-21
    935.2979736   3.0273861e-21
    959.2799683   3.1210797e-21
    983.2620239   2.7589062e-21
   1007.2440186   2.7031709e-21
   1027.2290039   2.3809233e-21
   1039.2199707   2.4362442e-21
   1055.2080078   2.9542014e-21
   1075.1929932   2.9056397e-21
   1095.1779785   2.8287559e-21
   1115.1629639   2.3452022e-21
   1135.1479492   2.6663012e-21
   1159.1300049   2.6322226e-21
   1183.1119385   2.3103013e-21
   1203.0970459   2.0307098e-21
   1231.0760498   2.0607807e-21
   1271.0460205   1.8764730e-21
   1311.0159912   1.7964444e-21
   1350.9859619   1.5761644e-21
   1390.9559326   1.3860143e-21
   1426.9289551   1.7413073e-21
   1462.9019775   2.4838022e-21
   1498.8750000   2.2962308e-21
   1538.8449707   1.7038905e-21
   1578.8149414   2.3720727e-21
   1618.7850342   2.7551044e-21
   1654.7579346   2.5863284e-21
   1686.7340088   2.2344315e-21
   1718.7099609   2.0351026e-21
   1762.6770020   2.2330777e-21
   1802.6469727   2.1557070e-21
   1838.6199951   1.8090648e-21
   1878.5899658   1.7525471e-21
   1918.5599365   1.8809534e-21
   1958.5300293   1.5203117e-21
   1998.5000000   1.8012399e-21
   2022.4819336   1.5138090e-21
   2046.4639893   2.3332235e-21
   2078.4399414   2.1543820e-21
   2118.4099121   1.9206550e-21
   2158.3798828   1.5299435e-21
   2198.3500977   1.4430549e-21
   2238.3200684   1.8519524e-21
   2278.2900391   2.0308080e-21
   2318.2600098   1.9478124e-21
   2358.2299805   1.9535352e-21
   2398.1999512   1.6178947e-21
   2438.1699219   1.5588370e-21
   2478.1398926   1.9714366e-21
   2518.1101074   1.8538971e-21
   2558.0800781   2.0531832e-21
   2598.0500488   1.9899651e-21
   2630.0258789   1.8415302e-21
   2658.0048828   2.1044814e-21
   2697.9750977   2.2580585e-21
   2737.9450684   1.9783232e-21
   2777.9150391   2.3674204e-21
   2817.8850098   1.9746601e-21
   2861.8520508   2.6457014e-21
   2901.8220215   2.7990104e-21
   2937.7949219   2.9399512e-21
   2977.7648926   3.0032052e-21
   3017.7348633   3.1711659e-21
   3057.7050781   3.0435438e-21
   3097.6750488   3.6576816e-21
   3137.6450195   3.6274305e-21
   3177.6149902   4.2585443e-21
   3217.5849609   4.8012123e-21
   3257.5549316   5.3692536e-21
   3297.5249023   6.1088492e-21
   3337.4948730   5.4687079e-21
   3377.4650879   7.6626773e-21
   3417.4350586   8.6114429e-21
   3457.4050293   1.0287192e-20
   3497.3750000   1.1989060e-20
   3537.3449707   1.4050690e-20
   3577.3149414   1.6606787e-20
   3617.2849121   1.9354395e-20
   3657.2548828   2.2522941e-20
   3697.2250977   7.4614283e-20
   3737.1950684   1.3267690e-19
   3777.1650391   1.8869104e-19
   3817.1350098   2.3922958e-19
   3857.1049805   2.5281656e-19
   3897.0749512   1.1400579e-19
   3937.0449219   2.2289821e-19
   3977.0148926   2.1285375e-19
   4016.9848633   2.6226103e-19
   4056.9550781   2.6462942e-19
   4096.9248047   1.8227261e-19
   4136.8950195   2.7730462e-19
   4176.8647461   3.7510441e-19
   4216.8349609   3.5674421e-19
   4256.8051758   2.9715859e-19
   4296.7749023   3.2293379e-19
   4336.7451172   2.7881035e-19
   4376.7148438   3.2286431e-19
   4416.6850586   3.0454826e-19
   4456.6547852   2.9305019e-19
   4496.6250000   2.5480963e-19
   4536.5952148   2.9888631e-19
   4576.5649414   2.7867689e-19
   4616.5351562   2.7672187e-19
   4656.5048828   2.6951930e-19
   4696.4750977   1.8205739e-19
   4736.4448242   2.4972888e-19
   4776.4150391   2.0812730e-19
   4816.3847656   1.7452887e-19
   4856.3549805   1.3954264e-19
   4896.3251953   3.0139742e-19
   4936.2949219   3.6620053e-19
   4976.2651367   3.7746761e-19
   5016.2348633   3.6454454e-19
   5056.2050781   3.4515608e-19
   5096.1748047   3.9174069e-19
   5136.1450195   3.9804301e-19
   5176.1147461   3.3879423e-19
   5216.0849609   3.3841949e-19
   5256.0551758   3.8657412e-19
   5296.0249023   3.6832804e-19
   5335.9951172   3.4177720e-19
   5375.9648438   3.7216880e-19
   5415.9350586   3.6071912e-19
   5455.9047852   3.3222412e-19
   5495.8750000   3.3280681e-19
   5535.8452148   3.2925511e-19
   5575.8149414   2.5481301e-19
   5615.7851562   2.5008886e-19
   5655.7548828   3.0466062e-19
   5695.7250977   2.9763926e-19
   5735.6948242   3.0548998e-19
   5763.6738281   3.1087128e-19
   5783.6591797   3.1103925e-19
   5815.6347656   3.0006610e-19
   5855.6049805   2.8209651e-19
   5895.5751953   2.8354353e-19
   5935.5449219   2.8527973e-19
   5975.5151367   2.8274517e-19
   6015.4848633   2.6747578e-19
   6043.4638672   2.4496124e-19
   6063.4487305   2.5443391e-19
   6095.4248047   2.4984295e-19
   6135.3950195   2.1548741e-19
   6175.3647461   2.0232499e-19
   6215.3349609   1.9892485e-19
   6255.3051758   2.1671170e-19
   6295.2749023   2.2876647e-19
   6335.2451172   2.3397807e-19
   6375.2148438   2.3426905e-19
   6415.1850586   2.2829575e-19
   6455.1547852   2.2500497e-19
   6495.1250000   2.1909267e-19
   6535.0947266   2.2873633e-19
   6575.0649414   2.2852847e-19
   6615.0351562   2.2082863e-19
   6655.0048828   2.2888806e-19
   6682.9838867   2.1044630e-19
   6702.9687500   2.3431946e-19
   6734.9448242   2.3388149e-19
   6774.9150391   2.2224425e-19
   6814.8847656   2.1518382e-19
   6854.8549805   2.0279916e-19
   6894.8251953   1.9908569e-19
   6934.7949219   2.0864438e-19
   6974.7651367   2.0404364e-19
   7014.7348633   2.0909294e-19
   7054.7050781   1.9925363e-19
   7094.6748047   1.9555354e-19
   7134.6450195   1.9917314e-19
   7174.6147461   2.0389585e-19
   7214.5849609   2.0352994e-19
   7254.5551758   1.8795990e-19
   7294.5249023   1.9109118e-19
   7334.4951172   1.8564557e-19
   7374.4648438   1.7249122e-19
   7414.4350586   1.7180095e-19
   7454.4047852   1.7410551e-19
   7494.3750000   1.8231984e-19
   7534.3447266   1.6740205e-19
   7574.3149414   1.5958135e-19
   7614.2851562   1.6910011e-19
   7654.2548828   1.6076737e-19
   7694.2250977   1.5463384e-19
   7734.1948242   1.6256511e-19
   7774.1650391   1.6500570e-19
   7814.1347656   1.5165173e-19
   7862.0991211   1.6297544e-19
   7898.0717773   1.6722423e-19
   7930.0478516   1.5816007e-19
   7974.0151367   1.5376835e-19
   8013.9848633   1.5824691e-19
   8053.9550781   1.5413684e-19
   8093.9248047   1.5912993e-19
   8133.8950195   1.4852868e-19
   8173.8647461   1.5098980e-19
   8213.8349609   1.3630331e-19
   8253.8046875   1.4089124e-19
   8289.7783203   1.5309451e-19
   8305.7656250   1.4297694e-19
   8333.7451172   1.4763964e-19
   8373.7148438   1.4002393e-19
   8413.6845703   1.4207745e-19
   8453.6552734   1.4290850e-19
   8493.6250000   1.4312647e-19
   8533.5947266   1.3772522e-19
   8573.5654297   1.3558744e-19
   8613.5351562   1.3948811e-19
   8653.5048828   1.3593028e-19
   8693.4746094   1.3492867e-19
   8733.4453125   1.3094948e-19
   8773.4150391   1.3446075e-19
   8813.3847656   1.3184103e-19
   8853.3544922   1.2757247e-19
   8893.3251953   1.2422088e-19
   8933.2949219   1.2653793e-19
   8973.2646484   1.2359995e-19
   9013.2353516   1.1983637e-19
   9053.2050781   1.2155432e-19
   9093.1748047   1.2203198e-19
   9133.1445312   1.2198805e-19
   9173.1152344   1.1516019e-19
   9213.0849609   1.1591879e-19
   9253.0546875   1.1219579e-19
   9293.0253906   9.6375156e-20
   9332.9951172   1.0719639e-19
   9372.9648438   1.0622674e-19
   9412.9345703   1.0776662e-19
   9452.9052734   1.0389578e-19
   9492.8750000   1.0336193e-19
   9532.8447266   9.9391437e-20
   9572.8154297   1.0211749e-19
   9612.7851562   9.9076346e-20
   9652.7548828   9.9348663e-20
   9692.7246094   1.0054524e-19
   9732.6953125   9.7069264e-20
   9772.6650391   9.9211319e-20
   9812.6347656   9.7665790e-20
   9852.6044922   9.6609513e-20
   9892.5751953   9.4263273e-20
   9932.5449219   9.4799254e-20
   9972.5146484   8.3189948e-20
  10012.4853516   9.3555950e-20
  10044.4609375   8.8203199e-20
  10064.4462891   9.1511877e-20
  10092.4248047   8.9272195e-20
  10132.3945312   8.9053690e-20
  10172.3652344   8.6827249e-20
  10212.3349609   8.8564580e-20
  10252.3046875   8.7427239e-20
  10292.2753906   8.9040784e-20
  10332.2451172   8.8008179e-20
  10372.2148438   8.7016977e-20
  10412.1845703   8.5208153e-20
  10452.1552734   8.4086948e-20
  10492.1250000   8.4504545e-20
  10532.0947266   8.4316963e-20
  10572.0654297   8.5778494e-20
  10612.0351562   8.5166619e-20
  10652.0048828   8.1464605e-20
  10691.9746094   8.2341196e-20
  10731.9453125   8.1723693e-20
  10771.9150391   7.9460702e-20
  10811.8847656   7.9287795e-20
  10851.8544922   7.7757705e-20
  10891.8251953   7.7548305e-20
  10931.7949219   7.8165156e-20
  10971.7646484   7.4275572e-20
  11011.7353516   7.3927341e-20
  11051.7050781   7.4157252e-20
  11091.6748047   7.5326466e-20
  11131.6445312   7.4189170e-20
  11171.6152344   6.7968255e-20
  11211.5849609   7.0025014e-20
  11251.5546875   7.3184986e-20
  11291.5253906   7.2673491e-20
  11331.4951172   6.9939562e-20
  11371.4648438   6.9437631e-20
  11411.4345703   6.8850941e-20
  11451.4052734   6.9754590e-20
  11491.3750000   6.8638995e-20
  11531.3447266   6.8382343e-20
  11571.3144531   6.7437502e-20
  11631.2695312   6.7942884e-20
  11711.2099609   6.6480021e-20
  11791.1503906   6.5009242e-20
  11871.0898438   6.4353333e-20
  11951.0302734   6.3294930e-20
  12030.9697266   6.2372972e-20
  12110.9101562   6.1697580e-20
  12190.8496094   6.0707380e-20
  12270.7900391   5.9725717e-20
  12350.7294922   5.8709118e-20
  12430.6699219   5.7797332e-20
  12510.6103516   5.6678971e-20
  12590.5498047   5.6055878e-20
  12670.4902344   5.4913548e-20
  12750.4296875   5.3371147e-20
  12830.3701172   5.3037942e-20
  12910.3095703   5.2020587e-20
  12990.2500000   5.1538037e-20
  13070.1894531   5.0787112e-20
  13150.1298828   5.0046689e-20
  13230.0703125   4.9346090e-20
  13310.0097656   4.8382124e-20
  13389.9501953   4.7404920e-20
  13469.8896484   4.6569183e-20
  13549.8300781   4.5918479e-20
  13629.7695312   4.5387559e-20
  13709.7099609   4.4451113e-20
  13789.6503906   4.3799023e-20
  13869.5898438   4.3234659e-20
  13949.5302734   4.2648521e-20
  14029.4697266   4.2215625e-20
  14109.4101562   4.1564549e-20
  14189.3496094   4.1088665e-20
  14269.2900391   4.0142245e-20
  14349.2294922   3.9349434e-20
  14429.1699219   3.8963367e-20
  14509.1103516   3.8545014e-20
  14549.0800781   3.8374250e-20
  14589.0498047   3.8423661e-20
  14668.9902344   3.7644948e-20
  14748.9296875   3.5734635e-20
  14828.8701172   3.6847041e-20
  14908.8095703   3.6487127e-20
  14988.7500000   4.0924418e-20
  15068.6894531   4.1283473e-20
  15148.6298828   4.4770860e-20
  15228.5703125   4.7920486e-20
  15308.5097656   4.1002858e-20
  15388.4501953   4.8764187e-20
  15468.3896484   5.0345621e-20
  15548.3300781   3.8387226e-20
  15628.2695312   5.0026252e-20
  15708.2099609   4.7590993e-20
  15788.1503906   4.8126754e-20
  15868.0898438   3.5167603e-20
  15948.0302734   4.7364129e-20
  16027.9697266   4.8732073e-20
  16107.9101562   4.7497447e-20
  16187.8496094   4.7614196e-20
  16267.7900391   4.5922512e-20
  16347.7294922   4.1908421e-20
  16427.6699219   3.6012235e-20
  16507.6093750   4.3613023e-20
  16587.5507812   4.4093935e-20
  16667.4902344   4.3707173e-20
  16747.4296875   4.3308395e-20
  16827.3691406   4.2975871e-20
  16907.3105469   4.2307871e-20
  16987.2500000   4.1784185e-20
  17067.1894531   4.0600926e-20
  17147.1308594   4.0297865e-20
  17227.0703125   3.8687644e-20
  17307.0097656   3.4985669e-20
  17386.9492188   3.1704699e-20
  17466.8906250   3.8296294e-20
  17546.8300781   3.7654037e-20
  17626.7695312   3.7727039e-20
  17706.7089844   3.7520163e-20
  17786.6503906   3.7334910e-20
  17866.5898438   3.6510534e-20
  17946.5292969   3.6526092e-20
  18026.4707031   3.6967639e-20
  18106.4101562   3.5815709e-20
  18186.3496094   3.5347379e-20
  18266.2890625   3.5653585e-20
  18346.2304688   3.4790923e-20
  18426.1699219   3.4658396e-20
  18506.1093750   3.3861724e-20
  18586.0507812   3.3581963e-20
  18665.9902344   3.3526848e-20
  18745.9296875   3.2987462e-20
  18825.8691406   3.2086976e-20
  18905.8105469   3.2413731e-20
  18985.7500000   3.2278491e-20
  19065.6894531   3.2097968e-20
  19145.6308594   3.1601272e-20
  19225.5703125   3.0991294e-20
  19305.5097656   3.0561480e-20
  19385.4492188   2.7455498e-20
  19465.3906250   2.4099062e-20
  19545.3300781   2.9280449e-20
  19625.2695312   2.9380021e-20
  19705.2089844   2.8733437e-20
  19785.1503906   2.9070183e-20
  19865.0898438   2.8660464e-20
  19945.0292969   2.7876992e-20
  20024.9707031   2.6877933e-20
  20104.9101562   2.7281932e-20
  20184.8496094   2.6825572e-20
  20264.7890625   2.7161661e-20
  20344.7304688   2.6512265e-20
  20424.6699219   2.6360865e-20
  20504.6093750   2.5824013e-20
  20584.5507812   2.5332115e-20
  20664.4902344   2.4749168e-20
  20744.4296875   2.4710394e-20
  20824.3691406   2.4637465e-20
  20904.3105469   2.4689241e-20
  20984.2500000   2.4752430e-20
  21064.1894531   2.3816136e-20
  21144.1308594   2.4458393e-20
  21224.0703125   2.4464518e-20
  21304.0097656   2.3606822e-20
  21383.9492188   2.3953761e-20
  21463.8906250   2.3777675e-20
  21543.8300781   2.3328443e-20
  21623.7695312   2.3015515e-20
  21703.7089844   2.2884485e-20
  21783.6503906   2.2935395e-20
  21863.5898438   2.2451241e-20
  21943.5292969   2.2274261e-20
  22023.4707031   2.2062892e-20
  22103.4101562   2.2079370e-20
  22183.3496094   2.2038780e-20
  22263.2890625   2.1781569e-20
  22343.2304688   2.1387420e-20
  22423.1699219   2.1471937e-20
  22503.1093750   2.1134473e-20
  22583.0507812   2.1002158e-20
  22662.9902344   2.0698603e-20
  22742.9296875   2.0805785e-20
  22822.8691406   2.0456317e-20
  22902.8105469   2.0883049e-20
  22982.7500000   2.0362111e-20
  23062.6894531   2.0354871e-20
  23142.6289062   1.9902012e-20
  23222.5703125   2.0077506e-20
  23302.5097656   2.0138706e-20
  23382.4492188   1.9742614e-20
  23462.3906250   1.9392086e-20
  23542.3300781   1.8744055e-20
  23622.2695312   1.9170903e-20
  23702.2089844   1.9071725e-20
  23782.1503906   1.8880876e-20
  23862.0898438   1.8953155e-20
  23942.0292969   1.8624742e-20
  24021.9707031   1.8467948e-20
  24101.9101562   1.8563009e-20
  24181.8496094   1.8566515e-20
  24261.7890625   1.8478252e-20
  24341.7304688   1.8046210e-20
  24421.6699219   1.7969258e-20
  24501.6093750   1.7468222e-20
  24581.5507812   1.7391064e-20
  24661.4902344   1.7061670e-20
  24741.4296875   1.7248213e-20
  24821.3691406   1.7056199e-20
  24901.3105469   1.6669116e-20
  24981.2500000   1.6270368e-20
  25061.1894531   1.6617512e-20
  25141.1289062   1.6700625e-20
  25221.0703125   1.6416506e-20
  25301.0097656   1.6488110e-20
  25380.9492188   1.6295683e-20
  25460.8906250   1.6195012e-20
  25540.8300781   1.6312582e-20
  25620.7695312   1.6119866e-20
  25700.7089844   1.6088038e-20
  25780.6503906   1.5987246e-20
  25860.5898438   1.5920823e-20
  25940.5292969   1.5601452e-20
  26020.4707031   1.5718853e-20
  26100.4101562   1.5525854e-20
  26180.3496094   1.4792132e-20
  26260.2890625   1.3321874e-20
  26340.2304688   1.5107339e-20
  26420.1699219   1.5282310e-20
  26500.1093750   1.5146535e-20
  26580.0507812   1.5022188e-20
  26659.9902344   1.4725112e-20
  26739.9296875   1.4796419e-20
  26819.8691406   1.4476126e-20
  26899.8105469   1.4581921e-20
  26979.7500000   1.4365229e-20
  27059.6894531   1.4367313e-20
  27139.6289062   1.4196516e-20
  27219.5703125   1.4198575e-20
  27299.5097656   1.4200633e-20
  27379.4492188   1.3983650e-20
  27459.3906250   1.4054763e-20
  27539.3300781   1.4125928e-20
  27619.2695312   1.4035641e-20
  27699.2089844   1.3887684e-20
  27779.1503906   1.3739596e-20
  27859.0898438   1.3776092e-20
  27939.0292969   1.3662634e-20
  28018.9707031   1.3456708e-20
  28098.9101562   1.3504724e-20
  28178.8496094   1.3414166e-20
  28258.7890625   1.3058078e-20
  28338.7304688   1.2840380e-20
  28418.6699219   1.2507157e-20
  28498.6093750   1.2312481e-20
  28578.5507812   1.2314104e-20
  28658.4902344   1.2350337e-20
  28738.4296875   1.2201751e-20
  28818.3691406   1.2388201e-20
  28898.3105469   1.2436007e-20
  28978.2500000   1.2472271e-20
  29058.1894531   1.2439120e-20
  29138.1289062   1.2267303e-20
  29218.0703125   1.2430711e-20
  29298.0097656   1.2397562e-20
  29377.9492188   1.2399087e-20
  29457.8906250   1.2539443e-20
  29537.8300781   1.2344263e-20
  29617.7695312   1.2276358e-20
  29697.7089844   1.2312590e-20
  29777.6503906   1.2290870e-20
  29857.5898438   1.2257663e-20
  29937.5292969   1.2178088e-20
  30017.4707031   1.2225835e-20
  30097.4101562   1.2273555e-20
  30177.3496094   1.2275010e-20
  30257.2890625   1.2172206e-20
  30337.2304688   1.2011458e-20
  30417.1699219   1.1908612e-20
  30497.1093750   1.1817282e-20
  30577.0507812   1.1691169e-20
  30656.9902344   1.1400479e-20
  30736.9296875   1.1522292e-20
  30816.8691406   1.1350869e-20
  30896.8105469   1.1318561e-20
  30976.7500000   1.1244440e-20
  31056.6894531   1.1246861e-20
  31136.6289062   1.1299092e-20
  31216.5703125   1.1256299e-20
  31296.5097656   1.1197231e-20
  31376.4492188   1.1043003e-20
  31456.3906250   1.1030255e-20
  31536.3300781   1.0763418e-20
  31616.2695312   1.0587044e-20
  31696.2089844   1.0607896e-20
  31776.1503906   1.0486027e-20
  31856.0898438   1.0678618e-20
  31936.0292969   1.0626360e-20
  32015.9707031   1.0675054e-20
  32095.9101562   1.0640184e-20
  32175.8496094   1.0562337e-20
  32255.7890625   1.0492570e-20
  32335.7304688   1.0312478e-20
  32415.6699219   1.0260074e-20
  32495.6093750   1.0365697e-20
  32575.5507812   1.0350458e-20
  32655.4902344   1.0356141e-20
  32735.4296875   1.0195662e-20
  32815.3710938   1.0123469e-20
  32895.3085938   1.0155842e-20
  32975.2500000   1.0159188e-20
  33055.1914062   1.0189261e-20
  33135.1289062   1.0094919e-20
  33215.0703125   9.8238369e-21
  33295.0117188   9.8096528e-21
  33374.9492188   9.7664068e-21
  33454.8906250   9.7789833e-21
  33534.8281250   9.6042624e-21
  33614.7695312   9.7505934e-21
  33694.7109375   9.5537374e-21
  33774.6484375   9.4988042e-21
  33854.5898438   9.4159003e-21
  33934.5312500   9.5669214e-21
  34014.4687500   9.0976111e-21
  34094.4101562   9.5349586e-21
  34174.3515625   8.7582497e-21
  34254.2890625   9.7125124e-21
  34334.2304688   9.3361808e-21
  34414.1679688   9.3183609e-21
  34494.1093750   9.7466118e-21
  34574.0507812   9.5623008e-21
  34653.9882812   8.5743466e-21
  34733.9296875   9.4300545e-21
  34813.8710938   9.6883570e-21
  34893.8085938   9.5575566e-21
  34973.7500000   8.9129591e-21
  35053.6914062   9.4462208e-21
  35133.6289062   9.6370079e-21
  35213.5703125   9.4840062e-21
  35293.5117188   9.4883392e-21
  35373.4492188   9.2513641e-21
  35453.3906250   8.7171120e-21
  35533.3281250   9.3264275e-21
  35613.2695312   9.4787596e-21
  35693.2109375   9.3221688e-21
  35773.1484375   9.3217996e-21
  35853.0898438   9.2875960e-21
  35933.0312500   9.1601141e-21
  36012.9687500   8.5053368e-21
  36092.9101562   8.8641628e-21
  36172.8515625   9.2906963e-21
  36252.7890625   9.2074661e-21
  36332.7304688   8.9865395e-21
  36412.6679688   9.0257764e-21
  36492.6093750   9.1315562e-21
  36572.5507812   9.0529304e-21
  36652.4882812   8.9521509e-21
  36732.4296875   8.9096722e-21
  36812.3710938   8.5228361e-21
  36892.3085938   8.0086779e-21
  36972.2500000   8.3840991e-21
  37052.1914062   8.5692268e-21
  37132.1289062   8.6084557e-21
  37212.0703125   8.6395129e-21
  37292.0117188   8.5922901e-21
  37371.9492188   8.5707697e-21
  37451.8906250   8.4592918e-21
  37531.8281250   8.4985029e-21
  37611.7695312   8.3028981e-21
  37691.7109375   8.4589202e-21
  37771.6484375   8.3100115e-21
  37851.5898438   8.3959632e-21
  37931.5312500   8.3743838e-21
  38011.4687500   8.2371219e-21
  38091.4101562   8.1138607e-21
  38171.3515625   7.6001371e-21
  38251.2890625   8.0274114e-21
  38331.2304688   8.2290585e-21
  38411.1679688   8.1466757e-21
  38491.1093750   8.1309116e-21
  38571.0507812   8.0566915e-21
  38650.9882812   8.0139907e-21
  38730.9296875   8.0812500e-21
  38810.8710938   8.0210331e-21
  38890.8085938   7.9748079e-21
  38970.7500000   7.9098936e-21
  39050.6914062   7.9175054e-21
  39130.6289062   7.8127742e-21
  39210.5703125   7.9361655e-21
  39290.5117188   7.8688698e-21
  39370.4492188   7.8858214e-21
  39450.3906250   7.8220097e-21
  39530.3281250   7.7874588e-21
  39610.2695312   7.7458784e-21
  39690.2109375   7.7592934e-21
  39770.1484375   7.7399282e-21
  39850.0898438   7.7217294e-21
  39930.0312500   7.6707584e-21
  40069.9257812   7.4739896e-21
  40269.7734375   7.2997526e-21
  40469.6250000   7.4639851e-21
  40669.4765625   7.3752231e-21
  40869.3242188   7.3485167e-21
  41069.1757812   7.3170854e-21
  41269.0234375   7.1965206e-21
  41468.8750000   7.1169691e-21
  41668.7265625   7.0842260e-21
  41868.5742188   6.9905478e-21
  42068.4257812   6.9425430e-21
  42268.2734375   6.8499263e-21
  42468.1250000   6.7888894e-21
  42667.9765625   6.6551010e-21
  42867.8242188   6.6292843e-21
  43067.6757812   6.5622827e-21
  43267.5234375   6.4248281e-21
  43467.3750000   6.3167183e-21
  43667.2265625   6.0675390e-21
  43867.0742188   6.0485692e-21
  44066.9257812   6.0389872e-21
  44266.7734375   5.9671182e-21
  44466.6250000   5.9351538e-21
  44666.4765625   5.8878764e-21
  44866.3242188   5.8570563e-21
  45066.1757812   5.7768400e-21
  45266.0234375   5.7389334e-21
  45465.8750000   5.6951203e-21
  45665.7265625   5.6383030e-21
  45865.5742188   5.6650850e-21
  46065.4257812   5.6399872e-21
  46265.2734375   5.5702488e-21
  46465.1250000   5.4968805e-21
  46664.9765625   5.4635223e-21
  46864.8242188   5.4701971e-21
  47064.6757812   5.3897130e-21
  47264.5234375   5.3421800e-21
  47464.3750000   5.2581270e-21
  47664.2265625   5.2954156e-21
  47864.0742188   5.1429280e-21
  48063.9257812   5.1990212e-21
  48263.7734375   5.1255205e-21
  48463.6250000   5.1061306e-21
  48663.4765625   5.0961834e-21
  48863.3242188   5.0497312e-21
  49063.1757812   5.0044047e-21
  49263.0234375   4.9519555e-21
  49462.8750000   4.9278304e-21
  49662.7265625   4.8718167e-21
  49862.5742188   4.8382339e-21
  50062.4257812   4.7822094e-21
  50262.2734375   4.7545029e-21
  50462.1250000   4.7302808e-21
  50661.9765625   4.6659263e-21
  50861.8242188   4.6570410e-21
  51061.6757812   4.6186466e-21
  51261.5234375   4.4007067e-21
  51461.3750000   4.5205534e-21
  51661.2265625   4.4844462e-21
  51861.0742188   4.4956269e-21
  52060.9257812   4.4406040e-21
  52260.7734375   4.4399606e-21
  52460.6250000   4.3695658e-21
  52660.4765625   4.3440598e-21
  52860.3242188   4.3280061e-21
  53060.1757812   4.2610889e-21
  53260.0234375   4.2663133e-21
  53459.8750000   4.2147263e-21
  53659.7265625   4.2258476e-21
  53859.5742188   4.1896456e-21
  54059.4257812   4.1664340e-21
  54259.2734375   4.0947254e-21
  54459.1250000   4.0691252e-21
  54658.9765625   4.0671958e-21
  54858.8242188   4.0486965e-21
  55058.6757812   4.0290077e-21
  55258.5234375   4.0140304e-21
  55458.3750000   3.9682641e-21
  55658.2265625   3.9082991e-21
  55858.0742188   3.8838307e-21
  56057.9257812   3.8250071e-21
  56257.7734375   3.8052695e-21
  56457.6250000   3.7286572e-21
  56657.4765625   3.7219327e-21
  56857.3242188   3.6748945e-21
  57057.1757812   3.6337927e-21
  57257.0234375   3.6637748e-21
  57456.8750000   3.6676708e-21
  57656.7265625   3.5731965e-21
  57856.5742188   3.6138669e-21
  58056.4257812   3.5632295e-21
  58236.2890625   3.5801395e-21
  58436.1406250   3.5365699e-21
  58655.9765625   3.5191704e-21
  58855.8242188   3.4684891e-21
  59055.6757812   3.4735503e-21
  59255.5234375   3.4738706e-21
  59455.3750000   3.4528195e-21
  59655.2265625   3.4970308e-21
  59855.0742188   3.4570075e-21
  60054.9257812   3.4312175e-21
  60254.7734375   3.4089725e-21
  60454.6250000   3.4246986e-21
  60654.4765625   3.4344894e-21
  60854.3242188   3.4181623e-21
  61054.1757812   3.4243981e-21
  61254.0234375   3.3938247e-21
  61453.8750000   3.4024208e-21
  61653.7265625   3.3860681e-21
  61853.5742188   3.3851464e-21
  62053.4257812   3.3450661e-21
  62253.2734375   3.2123492e-21
  62453.1250000   3.2600896e-21
  62652.9765625   3.2401775e-21
  62852.8242188   3.2808449e-21
  63052.6757812   3.0981361e-21
  63252.5234375   3.0853318e-21
  63452.3750000   3.0546584e-21
  63652.2265625   3.1547469e-21
  63852.0742188   3.0801060e-21
  64151.8515625   3.1006817e-21
  64551.5507812   3.1142062e-21
  64951.2500000   3.0421807e-21
  65350.9492188   3.0973063e-21
  65750.6484375   2.9729307e-21
  66150.3515625   3.0138021e-21
  66550.0468750   2.9464270e-21
  66949.7500000   2.9325748e-21
  67349.4531250   2.8461401e-21
  67749.1484375   2.8643475e-21
  68148.8515625   2.8052621e-21
  68548.5468750   2.7770559e-21
  68948.2500000   2.7119704e-21
  69347.9531250   2.6361212e-21
  69747.6484375   2.6281218e-21
  70147.3515625   2.5951122e-21
  70547.0468750   2.5478055e-21
  70946.7500000   2.4933433e-21
  71346.4531250   2.4781689e-21
  71746.1484375   2.4093455e-21
  72145.8515625   2.3643758e-21
  72545.5468750   2.3169670e-21
  72945.2500000   2.2767094e-21
  73344.9531250   2.2376625e-21
  73744.6484375   2.2057274e-21
  74144.3515625   2.1785589e-21
  74544.0468750   2.1167913e-21
  74943.7500000   2.0597853e-21
  75343.4531250   2.0564411e-21
  75743.1484375   1.9910405e-21
  76142.8515625   2.0151269e-21
  76542.5468750   1.9652470e-21
  76942.2500000   1.9439582e-21
  77341.9531250   1.8988317e-21
  77741.6484375   1.8333717e-21
  78141.3515625   1.8395257e-21
  78541.0468750   1.8050886e-21
  78940.7500000   1.7658979e-21
  79340.4531250   1.7350249e-21
  79740.1484375   1.7196780e-21
  80139.8515625   1.7019312e-21
  80539.5468750   1.6853589e-21
  80939.2500000   1.6365538e-21
  81338.9531250   1.6068479e-21
  81738.6484375   1.5938664e-21
  82138.3515625   1.5641312e-21
  82538.0468750   1.5344117e-21
  82937.7500000   1.5130312e-21
  83337.4531250   1.5012097e-21
  83737.1484375   1.4655046e-21
  84136.8515625   1.4572574e-21
  84536.5468750   1.4274981e-21
  84936.2500000   1.4084855e-21
  85335.9531250   1.3954753e-21
  85735.6484375   1.3680889e-21
  86135.3515625   1.3490734e-21
  86535.0468750   1.3132903e-21
  86934.7500000   1.2990468e-21
  87334.4531250   1.2836096e-21
  87734.1484375   1.2645793e-21
  88133.8515625   1.2347735e-21
  88533.5468750   1.2288765e-21
  88933.2500000   1.2050506e-21
  89332.9531250   1.1903174e-21
  89732.6484375   1.1775938e-21
  90132.3515625   1.1566299e-21
  90532.0468750   1.1353013e-21
  90931.7500000   1.1294131e-21
  91331.4531250   1.1059068e-21
  91731.1484375   9.4735162e-22
  92130.8515625   1.0118579e-21
  92530.5468750   1.0082204e-21
  92930.2500000   8.6913852e-22
  93329.9531250   9.4023879e-22
  93729.6484375   8.9192638e-22
  94129.3515625   8.0226533e-22
  94529.0468750   8.6666859e-22
  94928.7500000   8.3008195e-22
  95328.4531250   7.5884633e-22
  95728.1484375   8.1595299e-22
  96127.8515625   7.9313221e-22
  96527.5468750   7.2871638e-22
  96927.2500000   7.6245085e-22
  97326.9531250   7.4177770e-22
  97726.6484375   7.1283249e-22
  98126.3515625   7.1252265e-22
  98526.0468750   7.1618069e-22
  98925.7500000   6.9633689e-22
  99325.4531250   6.3547560e-22
  99725.1484375   6.3384224e-22
 100124.8515625   6.5008959e-22
 100524.5468750   6.2135653e-22
 100924.2500000   6.4059504e-22
 101323.9531250   6.4448936e-22
 101723.6484375   6.4166501e-22
 102123.3515625   6.4028005e-22
 102523.0468750   6.4188766e-22
 102922.7500000   6.4734310e-22
 103322.4531250   6.2627427e-22
 103722.1484375   6.2811978e-22
 104121.8515625   6.3081524e-22
 104521.5468750   6.1574140e-22
 104921.2500000   6.0739114e-22
 105320.9531250   6.1247797e-22
 105720.6484375   6.0520500e-22
 106120.3515625   5.9781091e-22
 106520.0468750   5.9016752e-22
 106919.7500000   5.9057974e-22
 107319.4531250   5.8294433e-22
 107719.1484375   5.7170227e-22
 108118.8515625   5.7294400e-22
 108518.5468750   5.6566325e-22
 108918.2500000   5.6691422e-22
 109317.9531250   5.5229422e-22
 109717.6484375   5.5534672e-22
 110117.3515625   5.4589892e-22
 110517.0468750   5.3789303e-22
 110916.7500000   5.3011862e-22
 111316.4531250   5.3064505e-22
 111716.1484375   5.2828483e-22
 112115.8515625   5.2014651e-22
 112515.5468750   5.1033283e-22
 112915.2500000   5.0808973e-22
 113314.9531250   5.0163975e-22
 113714.6484375   4.8976887e-22
 114114.3515625   4.8881260e-22
 114514.0468750   4.8460384e-22
 114913.7500000   4.7558185e-22
 115313.4531250   4.7185363e-22
 115713.1484375   4.6439699e-22
 116112.8515625   4.6199047e-22
 116512.5468750   4.5525509e-22
 116912.2500000   4.4527318e-22
 117311.9531250   4.4286651e-22
 117711.6484375   4.3516975e-22
 118111.3515625   4.2939645e-22
 118511.0468750   4.2530680e-22
 118910.7500000   4.2013462e-22
 119310.4531250   4.1400039e-22
 119710.1484375   4.0918846e-22
 120109.8515625   4.0449824e-22
 120509.5468750   4.0064923e-22
 120909.2500000   3.9523668e-22
 121308.9531250   3.8801993e-22
 121708.6484375   3.8609564e-22
 122108.3515625   3.8236636e-22
 122508.0468750   3.7827746e-22
 122907.7500000   3.7491007e-22
 123307.4531250   3.6937615e-22
 123707.1484375   3.6564771e-22
 124106.8515625   3.6300122e-22
 124506.5468750   3.5722863e-22
 124906.2500000   3.5434107e-22
 125305.9531250   3.5049340e-22
 125705.6484375   3.4664333e-22
 126105.3515625   3.4243379e-22
 126505.0468750   3.3810455e-22
 126904.7500000   3.3545849e-22
 127304.4531250   3.3172987e-22
 127704.1484375   3.2860214e-22
 128303.7031250   3.2282887e-22
 129103.1015625   3.1585314e-22
 129902.5000000   3.0935676e-22
 130701.8984375   3.0262166e-22
 131501.2968750   2.9504413e-22
 132300.7031250   2.8999284e-22
 133100.0937500   2.8445905e-22
 133899.5000000   2.8025037e-22
 134698.9062500   2.7363409e-22
 135498.2968750   2.6858225e-22
 136297.7031250   2.6377196e-22
 137097.0937500   2.6028396e-22
 137896.5000000   2.5511196e-22
 138695.9062500   2.4981882e-22
 139495.2968750   2.4392528e-22
 140294.7031250   2.4007685e-22
 141094.0937500   2.3454392e-22
 141893.5000000   2.2889108e-22
 142692.9062500   2.2504154e-22
 143492.2968750   2.1986959e-22
 144291.7031250   2.1638169e-22
 145091.0937500   2.1108962e-22
 145890.5000000   2.0603735e-22
 146689.9062500   2.0206835e-22
 147489.2968750   1.9653592e-22
 148288.7031250   1.9196515e-22
 149088.0937500   1.8847737e-22
 149887.5000000   1.8306441e-22
 150686.9062500   1.8102013e-22
 151486.2968750   1.7741145e-22
 152285.7031250   1.7416363e-22
 153085.0937500   1.7115706e-22
 153884.5000000   1.6827037e-22
 154683.9062500   1.6466184e-22
 155483.2968750   1.6165523e-22
 156282.7031250   1.5864774e-22
 157082.0937500   1.5624217e-22
 157881.5000000   1.5287481e-22
 158680.9062500   1.5034861e-22
 159480.2968750   1.4698103e-22
 160279.7031250   1.4469578e-22
 161079.0937500   1.4253056e-22
 161878.5000000   1.3964379e-22
 162677.9062500   1.3783958e-22
 163477.2968750   1.3579483e-22
 164276.7031250   1.3375046e-22
 165076.0937500   1.3158536e-22
 165875.5000000   1.2881898e-22
 166674.9062500   1.2665357e-22
 167474.2968750   1.2496999e-22
 168273.7031250   1.2256426e-22
 169073.0937500   1.2136121e-22
 169872.5000000   1.1907618e-22
 170671.9062500   1.1742833e-22
 171471.2968750   1.1171491e-22
 172270.7031250   1.0657908e-22
 173070.0937500   1.0666337e-22
 173869.5000000   1.0147951e-22
 174668.9062500   9.8809101e-23
 175468.2968750   9.6692284e-23
 176267.7031250   9.2566472e-23
 177067.0937500   9.1844860e-23
 177866.5000000   8.9715939e-23
 178665.9062500   8.6528796e-23
 179465.2968750   8.6913470e-23
 180264.7031250   8.4652386e-23
 181064.0937500   8.1909826e-23
 181863.5000000   8.1344484e-23
 182662.9062500   7.9829025e-23
 183462.2968750   7.7122734e-23
 184261.7031250   7.7555806e-23
 185061.0937500   7.5824004e-23
 185860.5000000   7.4657228e-23
 186659.9062500   7.3959496e-23
 187459.2968750   7.2612236e-23
 188258.7031250   7.1277300e-23
 189058.0937500   7.1517808e-23
 189857.5000000   6.9978279e-23
 190656.9062500   6.9015932e-23
 191456.2968750   6.7981685e-23
 192255.7031250   6.6502211e-23
 193055.0937500   6.6658652e-23
 193854.5000000   6.5311441e-23
 194653.9062500   6.4084548e-23
 195453.2968750   6.3423205e-23
 196252.7031250   6.2328613e-23
 197052.0937500   6.1558729e-23
 197851.5000000   6.0368124e-23
 198650.9062500   5.9959102e-23
 199450.2968750   5.8948622e-23
 200249.7031250   5.8443631e-23
 201049.0937500   5.7613592e-23
 201848.5000000   5.6338723e-23
 202647.9062500   5.5797489e-23
 203447.2968750   5.5135874e-23
 204246.7031250   5.4245742e-23
 205046.0937500   5.3488007e-23
 205845.5000000   5.2814566e-23
 206644.9062500   5.2645974e-23
 207444.2968750   5.1719889e-23
 208243.7031250   5.0974144e-23
 209043.0937500   5.0228572e-23
 209842.5000000   4.9807463e-23
 210641.9062500   4.9639095e-23
 211441.2968750   4.8460385e-23
 212240.7031250   4.7714678e-23
 213040.0937500   4.7353730e-23
 213839.5000000   4.6704368e-23
 214638.9062500   4.6139023e-23
 215438.2968750   4.5633808e-23
 216237.7031250   4.5104593e-23
 217037.0937500   4.4370952e-23
 217836.5000000   4.4130356e-23
 218635.9062500   4.3336550e-23
 219435.2968750   4.2987760e-23
 220234.7031250   4.2266082e-23
 221034.0937500   4.2386355e-23
 221833.5000000   4.1291817e-23
 222632.9062500   4.1195452e-23
 223432.2968750   4.0449821e-23
 224231.7031250   4.0233317e-23
 225031.0937500   3.9427451e-23
 225830.5000000   3.9235019e-23
 226629.9062500   3.8693763e-23
 227429.2968750   3.7984066e-23
 228228.7031250   3.7791713e-23
 229028.0937500   3.7358698e-23
 229827.5000000   3.6853515e-23
 230626.9062500   3.6360278e-23
 231426.2968750   3.6131846e-23
 232225.7031250   3.5626662e-23
 233025.0937500   3.5253736e-23
 233824.5000000   3.4844750e-23
 234623.9062500   3.4315642e-23
 235423.2968750   3.3930649e-23
 236222.7031250   3.3437589e-23
 237022.0937500   3.3184933e-23
 237821.5000000   3.2703860e-23
 238620.9062500   3.2463308e-23
 239420.2968750   3.2066407e-23
 240219.7031250   3.1669490e-23
 241019.0937500   3.1308545e-23
 241818.5000000   3.0887618e-23
 242617.9062500   3.0574904e-23
 243417.2968750   3.0189950e-23
 244216.7031250   2.9793090e-23
 245016.0937500   2.9504414e-23
 245815.5000000   2.9191722e-23
 246614.9062500   2.8915094e-23
 247414.2968750   2.8518079e-23
 248213.7031250   2.8229479e-23
 249013.0937500   2.7832587e-23
 249812.5000000   2.7483728e-23
 250611.9062500   2.7159036e-23
 251411.2968750   2.6834173e-23
 252210.7031250   2.6509472e-23
 253010.0937500   2.6305005e-23
 253809.5000000   2.5980201e-23
 254608.9062500   2.5787745e-23
 255408.2968750   2.5414912e-23
 256607.4062500   2.4957866e-23
 258206.2031250   2.4368543e-23
 259805.0000000   2.3839261e-23
 261403.7968750   2.3310010e-23
 263002.5937500   2.2780798e-23
 264601.4062500   2.2251576e-23
 266200.1875000   2.1794583e-23
 267799.0000000   2.1337509e-23
 269397.8125000   2.0856375e-23
 270996.5937500   2.0387257e-23
 272595.4062500   1.9954260e-23
 274194.1875000   1.9545308e-23
 275793.0000000   1.9076249e-23
 277391.8125000   1.8679299e-23
 278990.5937500   1.8282419e-23
 280589.4062500   1.7897507e-23
 282188.1875000   1.7524624e-23
 283787.0000000   1.7151750e-23
 285385.8125000   1.6802963e-23
 286984.5937500   1.6454184e-23
 288583.4062500   1.6141402e-23
 290182.1875000   1.5804620e-23
 291781.0000000   1.5491933e-23
 293379.8125000   1.5167171e-23
 294978.5937500   1.4854434e-23
 296577.4062500   1.4541695e-23
 298176.1875000   1.4241041e-23
 299775.0000000   1.3952364e-23
 301373.8125000   1.3699769e-23
 302972.5937500   1.3423123e-23
 304571.4062500   1.3158536e-23
 306170.1875000   1.2881897e-23
 307769.0000000   1.2641295e-23
 309367.8125000   1.2400774e-23
 310966.5937500   1.2172207e-23
 312565.4062500   1.1926879e-23
 314164.1875000   1.1688705e-23
 315763.0000000   1.1468575e-23
 317361.8125000   1.1261738e-23
 318960.5937500   1.1050038e-23
 320559.4062500   1.0839555e-23
 322158.1875000   1.0627854e-23
 323757.0000000   1.0435400e-23
 325355.8125000   1.0234513e-23
 326954.5937500   1.0049314e-23
 328553.4062500   9.8544307e-24
 330152.1875000   9.6728389e-24
 331751.0000000   9.4984288e-24
 333349.8125000   9.3240109e-24
 334948.5937500   9.1616428e-24
 336547.4062500   8.9992566e-24
 338146.1875000   8.8368767e-24
 339745.0000000   8.6781121e-24
 341343.8125000   8.5301762e-24
 342942.5937500   8.3834355e-24
 344541.4062500   8.2379174e-24
 346140.1875000   8.0959564e-24
 347739.0000000   7.9552536e-24
 349337.8125000   7.8229372e-24
 350936.5937500   7.6954580e-24
 352535.4062500   7.5727491e-24
 354134.1875000   7.4452582e-24
 355733.0000000   7.3237728e-24
 357331.8125000   7.1987021e-24
 358930.5937500   7.0724125e-24
 360529.4062500   6.9605560e-24
 362128.1875000   6.8378440e-24
 363727.0000000   6.7163807e-24
 365325.8125000   6.6033065e-24
 366924.5937500   6.4950740e-24
 368523.4062500   6.3964203e-24
 370122.1875000   6.3038041e-24
 371721.0000000   6.2075918e-24
 373319.8125000   6.0981543e-24
 374918.5937500   5.9970953e-24
 376517.4062500   5.8972705e-24
 378116.1875000   5.8034643e-24
 379715.0000000   5.7216697e-24
 381313.8125000   5.6326597e-24
 382912.5937500   5.5412375e-24
 384511.4062500   5.4570475e-24
 386110.1875000   5.3656469e-24
 387709.0000000   5.2766342e-24
 389307.8125000   5.1996603e-24
 390906.5937500   5.1274795e-24
 392505.4062500   5.0493097e-24
 394104.1875000   4.9771384e-24
 395703.0000000   4.9049643e-24
 397301.8125000   4.8243783e-24
 398900.5937500   4.7425951e-24
 400499.4062500   4.6668281e-24
 799400.0000000   2.9660837e-25
1598800.0000000   1.9004083e-26
2398200.0000000   3.7707490e-27
3197600.0000000   1.1934058e-27
3997000.0000000   4.8821188e-28
4796400.0000000   2.3502547e-28
5595800.0000000   1.2665358e-28
6395200.0000000   7.4115899e-29
