    358.2669983   9.6539244e-24
    370.0780029   1.1045299e-23
    377.9519958   1.1811591e-23
    385.8259888   6.6271687e-23
    393.7000122   1.8346712e-22
    401.5740051   1.9909384e-22
    409.4479980   1.8905466e-22
    417.3219910   1.9217969e-22
    425.1960144   1.9609651e-22
    433.0700073   2.2411670e-22
    448.8179932   2.3246454e-22
    464.5660095   2.2561485e-22
    476.3770142   2.8597889e-22
    492.1250000   2.9689554e-22
    499.9989929   3.0310361e-22
    503.9360046   3.0802726e-22
    515.7470093   2.9689554e-22
    519.6840210   3.0738401e-22
    527.5579834   2.9347049e-22
    539.3690186   3.2643498e-22
    551.1799927   3.2729198e-22
    562.9910278   4.1312739e-22
    578.7390137   5.1394805e-22
    594.4869995   4.6000698e-22
    610.2349854   5.1908608e-22
    625.9830322   5.2122663e-22
    637.7940063   5.2186797e-22
    653.5419922   5.2529422e-22
    669.2899780   5.2486528e-22
    681.1010132   4.3132309e-22
    696.8489990   5.2871735e-22
    708.6600342   5.2957487e-22
    716.5339966   5.2957487e-22
    732.2819824   5.3043149e-22
    751.9669800   5.3085795e-22
    763.7780151   5.3406868e-22
    779.5260010   5.3278489e-22
    795.2739868   5.3471173e-22
    807.0850220   5.3406868e-22
    826.7700195   5.1780189e-22
    850.3920288   5.3364196e-22
    866.1400146   5.3556724e-22
    877.9509888   5.2914709e-22
    893.6990356   5.3685304e-22
    905.5100098   6.7235026e-22
    921.2579956   9.8139759e-22
    944.8800049   1.0127708e-21
    968.5020142   8.9712917e-22
    992.1240234   8.8046581e-22
   1011.8090210   7.7958885e-22
   1023.6199951   7.9796898e-22
   1039.3680420   9.7278520e-22
   1059.0529785   9.5960979e-22
   1078.7380371   9.3660100e-22
   1098.4229736   7.7544335e-22
   1118.1080322   8.8689655e-22
   1141.7299805   8.7904015e-22
   1165.3520508   7.7176385e-22
   1185.0369873   6.7859486e-22
   1212.5960693   6.9371585e-22
   1251.9660645   6.3144537e-22
   1291.3360596   6.0707201e-22
   1330.7060547   5.3396780e-22
   1370.0760498   4.7083793e-22
   1405.5090332   5.9558428e-22
   1440.9420166   8.5490156e-22
   1476.3750000   7.9279208e-22
   1515.7449951   5.8893331e-22
   1555.1149902   8.2374234e-22
   1594.4849854   9.6019150e-22
   1629.9179688   9.0405873e-22
   1661.4140625   7.8238765e-22
   1692.9100342   7.1409002e-22
   1736.2170410   7.8589691e-22
   1775.5870361   7.6093659e-22
   1811.0200195   6.3933963e-22
   1850.3900146   6.2101372e-22
   1889.7600098   6.6802064e-22
   1929.1300049   5.4095224e-22
   1968.5000000   6.4245276e-22
   1992.1220703   5.4044171e-22
   2015.7440186   8.3247085e-22
   2047.2399902   7.6967197e-22
   2086.6101074   6.8744687e-22
   2125.9799805   5.4851203e-22
   2165.3500977   5.1778598e-22
   2204.7199707   6.6532110e-22
   2244.0900879   7.3063383e-22
   2283.4599609   7.0153166e-22
   2322.8300781   7.0400694e-22
   2362.1999512   5.8399325e-22
   2401.5700684   5.6234489e-22
   2440.9399414   7.1183870e-22
   2480.3100586   6.6937153e-22
   2519.6799316   7.4215681e-22
   2559.0500488   7.1906875e-22
   2590.5461426   6.6539708e-22
   2618.1049805   7.6024517e-22
   2657.4750977   8.1538102e-22
   2696.8449707   7.1393326e-22
   2736.2150879   8.5328860e-22
   2775.5849609   7.1139179e-22
   2818.8920898   9.5137655e-22
   2858.2619629   1.0046240e-21
   2893.6950684   1.0541453e-21
   2933.0649414   1.0738455e-21
   2972.4350586   1.1313261e-21
   3011.8049316   1.0824444e-21
   3051.1750488   1.2974692e-21
   3090.5449219   1.2824226e-21
   3129.9150391   1.5006516e-21
   3169.2849121   1.7177857e-21
   3208.6550293   1.9845656e-21
   3248.0251465   2.3335446e-21
   3287.3950195   2.1596620e-21
   3326.7651367   3.1232094e-21
   3366.1350098   3.6234554e-21
   3405.5051270   4.4633697e-21
   3444.8750000   5.3688133e-21
   3484.2451172   6.4813777e-21
   3523.6149902   7.8984149e-21
   3562.9851074   9.4775665e-21
   3602.3549805   1.1295189e-20
   3641.7250977   3.7360391e-20
   3681.0949707   6.7534515e-20
   3720.4650879   9.6693698e-20
   3759.8349609   1.2312499e-19
   3799.2050781   1.3386995e-19
   3838.5749512   6.6641483e-20
   3877.9450684   1.2379028e-19
   3917.3149414   1.2124685e-19
   3956.6850586   1.5047832e-19
   3996.0549316   1.6020939e-19
   4035.4250488   1.2427072e-19
   4074.7949219   1.8678670e-19
   4114.1650391   2.4248474e-19
   4153.5351562   2.3541527e-19
   4192.9052734   2.0519152e-19
   4232.2749023   2.2421121e-19
   4271.6450195   2.0458683e-19
   4311.0151367   2.3469058e-19
   4350.3852539   2.2571394e-19
   4389.7548828   2.2405668e-19
   4429.1250000   1.9738481e-19
   4468.4951172   2.3304004e-19
   4507.8652344   2.2593810e-19
   4547.2348633   2.2555737e-19
   4586.6049805   2.2101524e-19
   4625.9750977   1.5021814e-19
   4665.3452148   2.1303176e-19
   4704.7148438   1.9776834e-19
   4744.0849609   1.7456898e-19
   4783.4550781   1.4898753e-19
   4822.8251953   2.9433276e-19
   4862.1948242   3.3165316e-19
   4901.5649414   3.3660419e-19
   4940.9350586   3.3349350e-19
   4980.3051758   3.3885278e-19
   5019.6748047   3.7479044e-19
   5059.0449219   3.8218223e-19
   5098.4150391   3.4334988e-19
   5137.7851562   3.5161631e-19
   5177.1552734   3.9130624e-19
   5216.5249023   3.7895481e-19
   5255.8950195   3.6832373e-19
   5295.2651367   3.8850988e-19
   5334.6352539   3.8450558e-19
   5374.0048828   3.6689009e-19
   5413.3750000   3.6301933e-19
   5452.7451172   3.5976404e-19
   5492.1152344   2.6296615e-19
   5531.4848633   2.5429577e-19
   5570.8549805   3.4836078e-19
   5610.2250977   3.3652437e-19
   5649.5952148   3.5702684e-19
   5677.1538086   3.5997742e-19
   5696.8388672   3.5970874e-19
   5728.3349609   3.5059399e-19
   5767.7050781   3.3780673e-19
   5807.0751953   3.4693475e-19
   5846.4448242   3.5237690e-19
   5885.8149414   3.4977730e-19
   5925.1850586   3.3414297e-19
   5952.7441406   3.1243620e-19
   5972.4291992   3.2053921e-19
   6003.9252930   3.2109435e-19
   6043.2949219   2.7860754e-19
   6082.6650391   2.4113814e-19
   6122.0351562   2.4462618e-19
   6161.4052734   2.7851825e-19
   6200.7749023   2.9569706e-19
   6240.1450195   2.9981753e-19
   6279.5151367   3.0026690e-19
   6318.8852539   2.9531550e-19
   6358.2548828   2.8993849e-19
   6397.6250000   2.8992065e-19
   6436.9951172   3.0343391e-19
   6476.3652344   3.0449255e-19
   6515.7348633   3.0488861e-19
   6555.1049805   3.1082395e-19
   6582.6640625   2.9128118e-19
   6602.3491211   3.2761414e-19
   6633.8452148   3.2051672e-19
   6673.2148438   3.0840899e-19
   6712.5849609   3.0354587e-19
   6751.9550781   2.8902440e-19
   6791.3251953   2.8405747e-19
   6830.6948242   2.9710684e-19
   6870.0649414   2.9297471e-19
   6909.4350586   2.9575551e-19
   6948.8051758   2.9077761e-19
   6988.1752930   2.8139283e-19
   7027.5449219   2.8900664e-19
   7066.9150391   2.9312145e-19
   7106.2851562   2.9591921e-19
   7145.6552734   2.7611167e-19
   7185.0249023   2.8176134e-19
   7224.3950195   2.7777433e-19
   7263.7651367   2.6113164e-19
   7303.1352539   2.6280218e-19
   7342.5048828   2.6537350e-19
   7381.8750000   2.7194527e-19
   7421.2451172   2.5152009e-19
   7460.6152344   2.4105979e-19
   7499.9848633   2.5523226e-19
   7539.3549805   2.4334997e-19
   7578.7250977   2.3216153e-19
   7618.0952148   2.4609817e-19
   7657.4648438   2.5008265e-19
   7696.8349609   2.2911670e-19
   7744.0791016   2.4522103e-19
   7779.5122070   2.5208849e-19
   7811.0083008   2.4019216e-19
   7854.3149414   2.3569563e-19
   7893.6850586   2.4301569e-19
   7933.0551758   2.4016791e-19
   7972.4252930   2.4555190e-19
   8011.7949219   2.3032030e-19
   8051.1650391   2.3305131e-19
   8090.5351562   2.0471716e-19
   8129.9052734   2.1597188e-19
   8165.3378906   2.3915430e-19
   8181.0859375   2.2305817e-19
   8208.6455078   2.3020804e-19
   8248.0146484   2.2002061e-19
   8287.3847656   2.2459458e-19
   8326.7548828   2.2708212e-19
   8366.1250000   2.2704123e-19
   8405.4951172   2.2317672e-19
   8444.8652344   2.1671680e-19
   8484.2353516   2.2307383e-19
   8523.6054688   2.1926818e-19
   8562.9746094   2.1931058e-19
   8602.3447266   2.1373931e-19
   8641.7148438   2.1839649e-19
   8681.0849609   2.1681293e-19
   8720.4550781   2.1214198e-19
   8759.8251953   2.0958329e-19
   8799.1953125   2.0989832e-19
   8838.5654297   2.0937353e-19
   8877.9355469   2.0460121e-19
   8917.3046875   2.0786269e-19
   8956.6748047   2.0771941e-19
   8996.0449219   2.0721281e-19
   9035.4150391   1.9570419e-19
   9074.7851562   2.0108599e-19
   9114.1552734   1.9727386e-19
   9153.5253906   1.7826540e-19
   9192.8955078   1.9192075e-19
   9232.2646484   1.9214002e-19
   9271.6347656   1.9180195e-19
   9311.0048828   1.8866730e-19
   9350.3750000   1.8611198e-19
   9389.7451172   1.8119616e-19
   9429.1152344   1.8308398e-19
   9468.4853516   1.8004990e-19
   9507.8554688   1.7958160e-19
   9547.2246094   1.8014403e-19
   9586.5947266   1.7562171e-19
   9625.9648438   1.7674522e-19
   9665.3349609   1.7541745e-19
   9704.7050781   1.7325754e-19
   9744.0751953   1.7076163e-19
   9783.4453125   1.6842515e-19
   9822.8154297   1.4077023e-19
   9862.1855469   1.6419557e-19
   9893.6806641   1.5725091e-19
   9913.3662109   1.6336480e-19
   9940.9248047   1.6239052e-19
   9980.2949219   1.6201012e-19
  10019.6650391   1.5856162e-19
  10059.0351562   1.5992396e-19
  10098.4052734   1.5854700e-19
  10137.7753906   1.5932597e-19
  10177.1455078   1.5780369e-19
  10216.5146484   1.5604010e-19
  10255.8847656   1.5476451e-19
  10295.2548828   1.5269184e-19
  10334.6250000   1.5280924e-19
  10373.9951172   1.5237229e-19
  10413.3652344   1.5260201e-19
  10452.7353516   1.5205944e-19
  10492.1054688   1.4724292e-19
  10531.4746094   1.4744872e-19
  10570.8447266   1.4747525e-19
  10610.2148438   1.4376739e-19
  10649.5849609   1.4273811e-19
  10688.9550781   1.4172741e-19
  10728.3251953   1.4165770e-19
  10767.6953125   1.4054476e-19
  10807.0654297   1.3772543e-19
  10846.4355469   1.3711527e-19
  10885.8046875   1.3644607e-19
  10925.1748047   1.3752838e-19
  10964.5449219   1.3549717e-19
  11003.9150391   1.2925041e-19
  11043.2851562   1.3110965e-19
  11082.6552734   1.3277793e-19
  11122.0253906   1.3141749e-19
  11161.3955078   1.2727102e-19
  11200.7646484   1.2748975e-19
  11240.1347656   1.2596202e-19
  11279.5048828   1.2619347e-19
  11318.8750000   1.2474536e-19
  11358.2451172   1.2390885e-19
  11397.6152344   1.2236651e-19
  11456.6699219   1.2154702e-19
  11535.4101562   1.2021345e-19
  11614.1503906   1.1774869e-19
  11692.8896484   1.1676920e-19
  11771.6298828   1.1503853e-19
  11850.3701172   1.1273630e-19
  11929.1103516   1.1212847e-19
  12007.8505859   1.1100152e-19
  12086.5898438   1.0967619e-19
  12165.3300781   1.0735014e-19
  12244.0703125   1.0651421e-19
  12322.8105469   1.0442476e-19
  12401.5498047   1.0333303e-19
  12480.2900391   1.0117216e-19
  12559.0302734   9.9121751e-20
  12637.7705078   9.7742744e-20
  12716.5097656   9.6174041e-20
  12795.2500000   9.4963158e-20
  12873.9902344   9.2951184e-20
  12952.7304688   9.1520452e-20
  13031.4697266   9.0018790e-20
  13110.2099609   8.8198682e-20
  13188.9501953   8.6388055e-20
  13267.6904297   8.4939267e-20
  13346.4296875   8.3699466e-20
  13425.1699219   8.2357953e-20
  13503.9101562   8.0358890e-20
  13582.6503906   7.8947397e-20
  13661.3896484   7.7940395e-20
  13740.1298828   7.6623517e-20
  13818.8701172   7.5523671e-20
  13897.6103516   7.4432096e-20
  13976.3505859   7.3245551e-20
  14055.0898438   7.1942883e-20
  14133.8300781   7.0296581e-20
  14212.5703125   6.9222157e-20
  14291.3105469   6.8342212e-20
  14330.6796875   6.7822839e-20
  14370.0498047   6.7656828e-20
  14448.7900391   6.6352357e-20
  14527.5302734   6.4257122e-20
  14606.2705078   6.5182304e-20
  14685.0097656   6.4460634e-20
  14763.7500000   6.9228846e-20
  14842.4902344   6.8854068e-20
  14921.2304688   7.1912872e-20
  14999.9697266   7.5120097e-20
  15078.7099609   6.7003924e-20
  15157.4501953   7.5356361e-20
  15236.1904297   7.5353045e-20
  15314.9296875   6.3678121e-20
  15393.6699219   7.4807003e-20
  15472.4101562   7.1649008e-20
  15551.1503906   7.2039315e-20
  15629.8906250   5.9032649e-20
  15708.6298828   7.0922673e-20
  15787.3701172   7.1218887e-20
  15866.1103516   6.9261080e-20
  15944.8505859   6.9652142e-20
  16023.5898438   6.7440559e-20
  16102.3300781   6.4040472e-20
  16181.0703125   5.7525436e-20
  16259.8105469   6.4821175e-20
  16338.5498047   6.4889249e-20
  16417.2910156   6.4413937e-20
  16496.0292969   6.3930037e-20
  16574.7695312   6.3442246e-20
  16653.5097656   6.2568685e-20
  16732.2500000   6.1654327e-20
  16810.9902344   6.0109477e-20
  16889.7304688   5.9830032e-20
  16968.4707031   5.8091595e-20
  17047.2109375   5.4638427e-20
  17125.9492188   5.0538432e-20
  17204.6894531   5.6846081e-20
  17283.4296875   5.6048576e-20
  17362.1699219   5.5837774e-20
  17440.9101562   5.5590395e-20
  17519.6503906   5.5125300e-20
  17598.3906250   5.3738380e-20
  17677.1308594   5.4005734e-20
  17755.8710938   5.4059601e-20
  17834.6093750   5.2901700e-20
  17913.3496094   5.2163884e-20
  17992.0898438   5.2278784e-20
  18070.8300781   5.1245374e-20
  18149.5703125   5.0817082e-20
  18228.3105469   4.9879776e-20
  18307.0507812   4.9010526e-20
  18385.7910156   4.9181516e-20
  18464.5292969   4.8448327e-20
  18543.2695312   4.7347146e-20
  18622.0097656   4.7729840e-20
  18700.7500000   4.7384589e-20
  18779.4902344   4.7182327e-20
  18858.2304688   4.6466897e-20
  18936.9707031   4.5710298e-20
  19015.7109375   4.5206994e-20
  19094.4492188   4.2459081e-20
  19173.1894531   3.8156168e-20
  19251.9296875   4.3640295e-20
  19330.6699219   4.3420442e-20
  19409.4101562   4.2384369e-20
  19488.1503906   4.2604028e-20
  19566.8906250   4.2154917e-20
  19645.6308594   4.1257617e-20
  19724.3710938   3.9798244e-20
  19803.1093750   4.0346623e-20
  19881.8496094   3.9775700e-20
  19960.5898438   4.0024708e-20
  20039.3300781   3.9300265e-20
  20118.0703125   3.8984822e-20
  20196.8105469   3.8217551e-20
  20275.5507812   3.7634753e-20
  20354.2910156   3.6921772e-20
  20433.0292969   3.6719313e-20
  20511.7695312   3.6481576e-20
  20590.5097656   3.6405550e-20
  20669.2500000   3.6332235e-20
  20747.9902344   3.5366217e-20
  20826.7304688   3.5841248e-20
  20905.4707031   3.5643775e-20
  20984.2109375   3.4808090e-20
  21062.9492188   3.4962527e-20
  21141.6894531   3.4692255e-20
  21220.4296875   3.4137718e-20
  21299.1699219   3.3676982e-20
  21377.9101562   3.3452476e-20
  21456.6503906   3.3307781e-20
  21535.3906250   3.2719714e-20
  21614.1308594   3.2441833e-20
  21692.8710938   3.2158831e-20
  21771.6093750   3.2079696e-20
  21850.3496094   3.1964795e-20
  21929.0898438   3.1632698e-20
  22007.8300781   3.1113126e-20
  22086.5703125   3.1046105e-20
  22165.3105469   3.0597786e-20
  22244.0507812   3.0354187e-20
  22322.7910156   2.9977277e-20
  22401.5292969   2.9934523e-20
  22480.2695312   2.9590751e-20
  22559.0097656   2.9902330e-20
  22637.7500000   2.9263650e-20
  22716.4902344   2.9222423e-20
  22795.2304688   2.8714305e-20
  22873.9707031   2.8789436e-20
  22952.7109375   2.8758601e-20
  23031.4511719   2.8302266e-20
  23110.1894531   2.7636036e-20
  23188.9296875   2.7058592e-20
  23267.6699219   2.7403618e-20
  23346.4101562   2.7227390e-20
  23425.1503906   2.6959545e-20
  23503.8906250   2.7011693e-20
  23582.6308594   2.6595805e-20
  23661.3710938   2.6425122e-20
  23740.1093750   2.6456125e-20
  23818.8496094   2.6403658e-20
  23897.5898438   2.6299038e-20
  23976.3300781   2.5819515e-20
  24055.0703125   2.5673762e-20
  24133.8105469   2.5108192e-20
  24212.5507812   2.4873210e-20
  24291.2910156   2.4433414e-20
  24370.0292969   2.4481212e-20
  24448.7695312   2.4184131e-20
  24527.5097656   2.3701809e-20
  24606.2500000   2.3250334e-20
  24684.9902344   2.3589963e-20
  24763.7304688   2.3692547e-20
  24842.4707031   2.3372268e-20
  24921.2109375   2.3470502e-20
  24999.9511719   2.3221761e-20
  25078.6894531   2.3093511e-20
  25157.4296875   2.3146819e-20
  25236.1699219   2.2941071e-20
  25314.9101562   2.2872460e-20
  25393.6503906   2.2734856e-20
  25472.3906250   2.2637216e-20
  25551.1308594   2.2238911e-20
  25629.8710938   2.2335419e-20
  25708.6093750   2.2114827e-20
  25787.3496094   2.1425527e-20
  25866.0898438   1.9479950e-20
  25944.8300781   2.1564015e-20
  26023.5703125   2.1676058e-20
  26102.3105469   2.1469612e-20
  26181.0507812   2.1238066e-20
  26259.7910156   2.0809745e-20
  26338.5292969   2.0806363e-20
  26417.2695312   2.0450509e-20
  26496.0097656   2.0483496e-20
  26574.7500000   2.0220892e-20
  26653.4902344   2.0216540e-20
  26732.2304688   1.9973667e-20
  26810.9707031   2.0001935e-20
  26889.7109375   1.9988850e-20
  26968.4511719   1.9777877e-20
  27047.1894531   1.9834503e-20
  27125.9296875   1.9915944e-20
  27204.6699219   1.9827970e-20
  27283.4101562   1.9636453e-20
  27362.1503906   1.9419729e-20
  27440.8906250   1.9467550e-20
  27519.6308594   1.9320538e-20
  27598.3710938   1.9123587e-20
  27677.1093750   1.9092119e-20
  27755.8496094   1.8915181e-20
  27834.5898438   1.8334872e-20
  27913.3300781   1.8028015e-20
  27992.0703125   1.7483445e-20
  28070.8105469   1.7217057e-20
  28149.5507812   1.7266961e-20
  28228.2910156   1.7295952e-20
  28307.0292969   1.7199751e-20
  28385.7695312   1.7433224e-20
  28464.5097656   1.7470549e-20
  28543.2500000   1.7574827e-20
  28621.9902344   1.7540976e-20
  28700.7304688   1.7372997e-20
  28779.4707031   1.7594519e-20
  28858.2109375   1.7560400e-20
  28936.9511719   1.7580695e-20
  29015.6894531   1.7756451e-20
  29094.4296875   1.7537200e-20
  29173.1699219   1.7473236e-20
  29251.9101562   1.7472237e-20
  29330.6503906   1.7429090e-20
  29409.3906250   1.7352102e-20
  29488.1308594   1.7245360e-20
  29566.8710938   1.7303017e-20
  29645.6093750   1.7356446e-20
  29724.3496094   1.7338085e-20
  29803.0898438   1.7205492e-20
  29881.8300781   1.6992300e-20
  29960.5703125   1.6838001e-20
  30039.3105469   1.6696177e-20
  30118.0507812   1.6528591e-20
  30196.7910156   1.6174281e-20
  30275.5312500   1.6269177e-20
  30354.2695312   1.6066949e-20
  30433.0097656   1.6008911e-20
  30511.7500000   1.5929448e-20
  30590.4902344   1.5913646e-20
  30669.2304688   1.5965870e-20
  30747.9707031   1.5920147e-20
  30826.7109375   1.5865704e-20
  30905.4511719   1.5649238e-20
  30984.1894531   1.5598802e-20
  31062.9296875   1.5202471e-20
  31141.6699219   1.4997820e-20
  31220.4101562   1.5032308e-20
  31299.1503906   1.4899932e-20
  31377.8906250   1.5109683e-20
  31456.6308594   1.5049945e-20
  31535.3710938   1.5131398e-20
  31614.1093750   1.5080050e-20
  31692.8496094   1.4981427e-20
  31771.5898438   1.4848325e-20
  31850.3300781   1.4620482e-20
  31929.0703125   1.4517020e-20
  32007.8105469   1.4645482e-20
  32086.5507812   1.4606362e-20
  32165.2910156   1.4614448e-20
  32244.0312500   1.4454548e-20
  32322.7695312   1.4333237e-20
  32401.5097656   1.4375538e-20
  32480.2500000   1.4370489e-20
  32558.9902344   1.4365251e-20
  32637.7304688   1.4243502e-20
  32716.4707031   1.3905525e-20
  32795.2109375   1.3891364e-20
  32873.9492188   1.3838207e-20
  32952.6914062   1.3849879e-20
  33031.4296875   1.3709960e-20
  33110.1718750   1.3886057e-20
  33188.9101562   1.3719960e-20
  33267.6484375   1.3605711e-20
  33346.3906250   1.3491288e-20
  33425.1289062   1.3754287e-20
  33503.8710938   1.3105668e-20
  33582.6093750   1.3681449e-20
  33661.3515625   1.2727772e-20
  33740.0898438   1.3908457e-20
  33818.8320312   1.3432521e-20
  33897.5703125   1.3417426e-20
  33976.3085938   1.3929424e-20
  34055.0507812   1.3700992e-20
  34133.7890625   1.2500092e-20
  34212.5312500   1.3553169e-20
  34291.2695312   1.3817314e-20
  34370.0117188   1.3680008e-20
  34448.7500000   1.2878465e-20
  34527.4921875   1.3549063e-20
  34606.2304688   1.3712971e-20
  34684.9687500   1.3531461e-20
  34763.7109375   1.3520471e-20
  34842.4492188   1.3294774e-20
  34921.1914062   1.2608877e-20
  34999.9296875   1.3386290e-20
  35078.6718750   1.3519757e-20
  35157.4101562   1.3306749e-20
  35236.1484375   1.3295415e-20
  35314.8906250   1.3262058e-20
  35393.6289062   1.3118856e-20
  35472.3710938   1.2338048e-20
  35551.1093750   1.2805484e-20
  35629.8515625   1.3264446e-20
  35708.5898438   1.3072442e-20
  35787.3320312   1.2761356e-20
  35866.0703125   1.2775936e-20
  35944.8085938   1.2891877e-20
  36023.5507812   1.2783008e-20
  36102.2890625   1.2603396e-20
  36181.0312500   1.2503111e-20
  36259.7695312   1.2040578e-20
  36338.5117188   1.1378886e-20
  36417.2500000   1.1900944e-20
  36495.9921875   1.2100694e-20
  36574.7304688   1.2132517e-20
  36653.4687500   1.2164315e-20
  36732.2109375   1.2089911e-20
  36810.9492188   1.2059683e-20
  36889.6914062   1.1927473e-20
  36968.4296875   1.1963620e-20
  37047.1718750   1.1724814e-20
  37125.9101562   1.1898383e-20
  37204.6484375   1.1725844e-20
  37283.3906250   1.1801843e-20
  37362.1289062   1.1784544e-20
  37440.8710938   1.1625086e-20
  37519.6093750   1.1532080e-20
  37598.3515625   1.0856389e-20
  37677.0898438   1.1421493e-20
  37755.8320312   1.1630959e-20
  37834.5703125   1.1506582e-20
  37913.3085938   1.1489009e-20
  37992.0507812   1.1409011e-20
  38070.7890625   1.1342265e-20
  38149.5312500   1.1413773e-20
  38228.2695312   1.1346949e-20
  38307.0117188   1.1311323e-20
  38385.7500000   1.1230983e-20
  38464.4921875   1.1226545e-20
  38543.2304688   1.1101372e-20
  38621.9687500   1.1239865e-20
  38700.7109375   1.1154839e-20
  38779.4492188   1.1186039e-20
  38858.1914062   1.1118840e-20
  38936.9296875   1.1064914e-20
  39015.6718750   1.1010959e-20
  39094.4101562   1.1024169e-20
  39173.1484375   1.0997042e-20
  39251.8906250   1.0978848e-20
  39330.6289062   1.0911216e-20
  39468.4257812   1.0686281e-20
  39665.2734375   1.0454958e-20
  39862.1250000   1.0628103e-20
  40058.9765625   1.0526833e-20
  40255.8242188   1.0479459e-20
  40452.6757812   1.0427032e-20
  40649.5234375   1.0256981e-20
  40846.3750000   1.0158981e-20
  41043.2265625   1.0114639e-20
  41240.0742188   9.9936084e-21
  41436.9257812   9.9354489e-21
  41633.7734375   9.8135456e-21
  41830.6250000   9.7364861e-21
  42027.4765625   9.5546332e-21
  42224.3242188   9.5048691e-21
  42421.1757812   9.4086399e-21
  42618.0273438   9.2031138e-21
  42814.8750000   9.0337211e-21
  43011.7265625   8.6579484e-21
  43208.5742188   8.5972096e-21
  43405.4257812   8.5088233e-21
  43602.2773438   8.4157267e-21
  43799.1250000   8.3634059e-21
  43995.9765625   8.3155732e-21
  44192.8242188   8.2630408e-21
  44389.6757812   8.1874337e-21
  44586.5273438   8.1438977e-21
  44783.3750000   8.1048974e-21
  44980.2265625   8.0513625e-21
  45177.0742188   8.0721809e-21
  45373.9257812   8.0370185e-21
  45570.7773438   7.9561390e-21
  45767.6250000   7.8652881e-21
  45964.4765625   7.8298235e-21
  46161.3242188   7.8498972e-21
  46358.1757812   7.7587263e-21
  46555.0273438   7.6952330e-21
  46751.8750000   7.5851759e-21
  46948.7265625   7.6423217e-21
  47145.5742188   7.4433403e-21
  47342.4257812   7.5048207e-21
  47539.2773438   7.4222197e-21
  47736.1250000   7.3808720e-21
  47932.9765625   7.3627734e-21
  48129.8242188   7.2938993e-21
  48326.6757812   7.2383094e-21
  48523.5273438   7.1686461e-21
  48720.3750000   7.1316233e-21
  48917.2265625   7.0664311e-21
  49114.0742188   7.0199402e-21
  49310.9257812   6.9405114e-21
  49507.7773438   6.9032108e-21
  49704.6250000   6.8561972e-21
  49901.4765625   6.7855904e-21
  50098.3242188   6.7619402e-21
  50295.1757812   6.7194288e-21
  50492.0273438   6.4461200e-21
  50688.8750000   6.5918132e-21
  50885.7265625   6.5205497e-21
  51082.5742188   6.5343674e-21
  51279.4257812   6.4535129e-21
  51476.2773438   6.4578511e-21
  51673.1250000   6.3673924e-21
  51869.9765625   6.3335616e-21
  52066.8242188   6.3091586e-21
  52263.6757812   6.2276445e-21
  52460.5273438   6.2315841e-21
  52657.3750000   6.1689002e-21
  52854.2265625   6.1680600e-21
  53051.0742188   6.1194923e-21
  53247.9257812   6.0851073e-21
  53444.7773438   6.0031647e-21
  53641.6250000   5.9734198e-21
  53838.4765625   5.9579356e-21
  54035.3242188   5.9376652e-21
  54232.1757812   5.9030577e-21
  54429.0273438   5.8777055e-21
  54625.8750000   5.8094146e-21
  54822.7265625   5.7317384e-21
  55019.5742188   5.7110335e-21
  55216.4257812   5.6138498e-21
  55413.2773438   5.5691562e-21
  55610.1250000   5.4478604e-21
  55806.9765625   5.4125881e-21
  56003.8242188   5.3435492e-21
  56200.6757812   5.2842252e-21
  56397.5273438   5.3254857e-21
  56594.3750000   5.3282229e-21
  56791.2265625   5.2110072e-21
  56988.0742188   5.2667094e-21
  57184.9257812   5.2069578e-21
  57362.0898438   5.2142352e-21
  57558.9414062   5.1589970e-21
  57775.4765625   5.1380142e-21
  57972.3242188   5.0730563e-21
  58169.1757812   5.0853028e-21
  58366.0273438   5.0734578e-21
  58562.8750000   5.0517568e-21
  58759.7265625   5.1073940e-21
  58956.5742188   5.0663993e-21
  59153.4257812   5.0496941e-21
  59350.2773438   5.0134318e-21
  59547.1250000   5.0448174e-21
  59743.9765625   5.0520456e-21
  59940.8242188   5.0447508e-21
  60137.6757812   5.0326242e-21
  60334.5273438   5.0011166e-21
  60531.3750000   5.0325576e-21
  60728.2265625   5.0105044e-21
  60925.0742188   5.0175290e-21
  61121.9257812   4.9665770e-21
  61318.7773438   4.7369819e-21
  61515.6250000   4.7762136e-21
  61712.4765625   4.7843169e-21
  61909.3242188   4.8521789e-21
  62106.1757812   4.5619447e-21
  62303.0273438   4.5004139e-21
  62499.8750000   4.5090003e-21
  62696.7265625   4.6625126e-21
  62893.5742188   4.4939160e-21
  63188.8515625   4.5364112e-21
  63582.5507812   4.5999688e-21
  63976.2500000   4.4624286e-21
  64369.9492188   4.5778001e-21
  64763.6523438   4.3710881e-21
  65157.3515625   4.4601558e-21
  65551.0468750   4.3588961e-21
  65944.7500000   4.3334332e-21
  66338.4531250   4.2363154e-21
  66732.1484375   4.2437455e-21
  67125.8515625   4.1739126e-21
  67519.5468750   4.1228091e-21
  67913.2500000   4.0527767e-21
  68306.9531250   3.9468741e-21
  68700.6484375   3.9309590e-21
  69094.3515625   3.8770537e-21
  69488.0468750   3.8196240e-21
  69881.7500000   3.7527472e-21
  70275.4531250   3.7188501e-21
  70669.1484375   3.6549573e-21
  71062.8515625   3.5818746e-21
  71456.5468750   3.5158391e-21
  71850.2500000   3.4685250e-21
  72243.9531250   3.4130074e-21
  72637.6484375   3.3487018e-21
  73031.3515625   3.3061478e-21
  73425.0468750   3.2277971e-21
  73818.7500000   3.1577872e-21
  74212.4531250   3.1398922e-21
  74606.1484375   3.0461156e-21
  74999.8515625   3.0550117e-21
  75393.5468750   2.9966617e-21
  75787.2500000   2.9544652e-21
  76180.9531250   2.8850190e-21
  76574.6484375   2.8117666e-21
  76968.3515625   2.8028280e-21
  77362.0468750   2.7484372e-21
  77755.7500000   2.6936941e-21
  78149.4531250   2.6566737e-21
  78543.1484375   2.6176086e-21
  78936.8515625   2.5910164e-21
  79330.5468750   2.5531747e-21
  79724.2500000   2.4919349e-21
  80117.9531250   2.4526949e-21
  80511.6484375   2.4349857e-21
  80905.3515625   2.3889501e-21
  81299.0468750   2.3470709e-21
  81692.7500000   2.3160243e-21
  82086.4531250   2.2779130e-21
  82480.1484375   2.2394354e-21
  82873.8515625   2.2203678e-21
  83267.5468750   2.1791265e-21
  83661.2500000   2.1459052e-21
  84054.9531250   2.1264198e-21
  84448.6484375   2.0921359e-21
  84842.3515625   2.0588206e-21
  85236.0546875   2.0121938e-21
  85629.7500000   1.9919355e-21
  86023.4531250   1.9676250e-21
  86417.1484375   1.9437904e-21
  86810.8515625   1.9032509e-21
  87204.5546875   1.8913521e-21
  87598.2500000   1.8512557e-21
  87991.9531250   1.8278351e-21
  88385.6484375   1.8027224e-21
  88779.3515625   1.7792516e-21
  89173.0546875   1.7476460e-21
  89566.7500000   1.7357971e-21
  89960.4531250   1.7024793e-21
  90354.1484375   1.4433487e-21
  90747.8515625   1.5390167e-21
  91141.5546875   1.5284481e-21
  91535.2500000   1.3126060e-21
  91928.9531250   1.4185134e-21
  92322.6484375   1.3342036e-21
  92716.3515625   1.2039044e-21
  93110.0546875   1.3093932e-21
  93503.7500000   1.2330737e-21
  93897.4531250   1.1448663e-21
  94291.1484375   1.2280205e-21
  94684.8515625   1.1898279e-21
  95078.5546875   1.1087194e-21
  95472.2500000   1.1709480e-21
  95865.9531250   1.1296081e-21
  96259.6484375   1.0948754e-21
  96653.3515625   1.1040013e-21
  97047.0546875   1.1055442e-21
  97440.7500000   1.0820119e-21
  97834.4531250   9.8318362e-22
  98228.1484375   9.7998496e-22
  98621.8515625   1.0065893e-21
  99015.5546875   9.7783957e-22
  99409.2500000   1.0095157e-21
  99802.9531250   1.0182029e-21
 100196.6484375   1.0212527e-21
 100590.3515625   1.0227653e-21
 100984.0546875   1.0257387e-21
 101377.7500000   1.0323959e-21
 101771.4531250   1.0025348e-21
 102165.1484375   1.0024160e-21
 102558.8515625   1.0034070e-21
 102952.5546875   9.8122089e-22
 103346.2500000   9.6622380e-22
 103739.9531250   9.6970115e-22
 104133.6484375   9.6190513e-22
 104527.3515625   9.4636742e-22
 104921.0546875   9.3125249e-22
 105314.7500000   9.3479295e-22
 105708.4531250   9.2696796e-22
 106102.1484375   9.0363009e-22
 106495.8515625   9.0605408e-22
 106889.5546875   8.9510232e-22
 107283.2500000   8.9035047e-22
 107676.9531250   8.6739712e-22
 108070.6484375   8.6780869e-22
 108464.3515625   8.5889075e-22
 108858.0546875   8.4788689e-22
 109251.7500000   8.3110094e-22
 109645.4531250   8.3045879e-22
 110039.1484375   8.2513997e-22
 110432.8515625   8.1507668e-22
 110826.5546875   8.0039074e-22
 111220.2500000   7.9661037e-22
 111613.9531250   7.9178300e-22
 112007.6484375   7.8168704e-22
 112401.3515625   7.7134027e-22
 112795.0546875   7.6301146e-22
 113188.7500000   7.5208237e-22
 113582.4531250   7.4687841e-22
 113976.1484375   7.3855087e-22
 114369.8515625   7.2970386e-22
 114763.5546875   7.2293818e-22
 115157.2500000   7.1096699e-22
 115550.9531250   7.0732308e-22
 115944.6484375   6.9639298e-22
 116338.3515625   6.8806604e-22
 116732.0546875   6.8233944e-22
 117125.7500000   6.7401179e-22
 117519.4531250   6.6464356e-22
 117913.1484375   6.5735706e-22
 118306.8515625   6.4902931e-22
 118700.5546875   6.4278290e-22
 119094.2500000   6.3445586e-22
 119487.9531250   6.2300518e-22
 119881.6484375   6.1884106e-22
 120275.3515625   6.1207554e-22
 120669.0546875   6.0530956e-22
 121062.7500000   5.9906284e-22
 121456.4531250   5.9021503e-22
 121850.1484375   5.8397023e-22
 122243.8515625   5.7876662e-22
 122637.5546875   5.6991820e-22
 123031.2500000   5.6471339e-22
 123424.9531250   5.5846849e-22
 123818.6484375   5.5222232e-22
 124212.3515625   5.4545635e-22
 124606.0546875   5.3816788e-22
 124999.7500000   5.3348495e-22
 125393.4531250   5.2723798e-22
 125787.1484375   5.2151284e-22
 126377.7031250   5.1183300e-22
 127165.1015625   5.0038192e-22
 127952.5000000   4.8913975e-22
 128739.8984375   4.7789830e-22
 129527.3046875   4.6571914e-22
 130314.7031250   4.5676783e-22
 131102.0937500   4.4667031e-22
 131889.5000000   4.3782164e-22
 132676.9062500   4.2793243e-22
 133464.2968750   4.1856427e-22
 134251.7031250   4.0914416e-22
 135039.0937500   4.0128380e-22
 135826.5000000   3.9337393e-22
 136613.9062500   3.8499391e-22
 137401.2968750   3.7723780e-22
 138188.7031250   3.6995138e-22
 138976.0937500   3.6167619e-22
 139763.5000000   3.5480565e-22
 140550.9062500   3.4741505e-22
 141338.2968750   3.4049375e-22
 142125.7031250   3.3414295e-22
 142913.0937500   3.2784587e-22
 143700.5000000   3.2035066e-22
 144487.9062500   3.1431346e-22
 145275.2968750   3.0666262e-22
 146062.7031250   3.0052152e-22
 146850.0937500   2.9547248e-22
 147637.5000000   2.8782101e-22
 148424.9062500   2.8459441e-22
 149212.2968750   2.7897365e-22
 149999.7031250   2.7397722e-22
 150787.0937500   2.6939660e-22
 151574.5000000   2.6466003e-22
 152361.9062500   2.5903905e-22
 153149.2968750   2.5440747e-22
 153936.7031250   2.4967112e-22
 154724.0937500   2.4566297e-22
 155511.5000000   2.4025020e-22
 156298.9062500   2.3603435e-22
 157086.2968750   2.3082966e-22
 157873.7031250   2.2713398e-22
 158661.0937500   2.2333457e-22
 159448.5000000   2.1865081e-22
 160235.9062500   2.1537135e-22
 161023.2968750   2.1162461e-22
 161810.7031250   2.0808464e-22
 162598.0937500   2.0459761e-22
 163385.5000000   2.0074626e-22
 164172.9062500   1.9679102e-22
 164960.2968750   1.9372026e-22
 165747.7031250   1.9012877e-22
 166535.0937500   1.8757836e-22
 167322.5000000   1.8388338e-22
 168109.9062500   1.8107208e-22
 168897.2968750   1.7295345e-22
 169684.7031250   1.6613523e-22
 170472.1093750   1.6608271e-22
 171259.5000000   1.5921265e-22
 172046.9062500   1.5541294e-22
 172834.2968750   1.5203006e-22
 173621.7031250   1.4547209e-22
 174409.1093750   1.4443126e-22
 175196.5000000   1.4110013e-22
 175983.9062500   1.3636399e-22
 176771.2968750   1.3662416e-22
 177558.7031250   1.3303301e-22
 178346.1093750   1.2944128e-22
 179133.5000000   1.2907740e-22
 179920.9062500   1.2683913e-22
 180708.2968750   1.2283171e-22
 181495.7031250   1.2314393e-22
 182283.1093750   1.2028104e-22
 183070.5000000   1.1845982e-22
 183857.9062500   1.1731460e-22
 184645.2968750   1.1533701e-22
 185432.7031250   1.1325489e-22
 186220.1093750   1.1299457e-22
 187007.5000000   1.1070455e-22
 187794.9062500   1.0919509e-22
 188582.2968750   1.0752944e-22
 189369.7031250   1.0534372e-22
 190157.1093750   1.0529145e-22
 190944.5000000   1.0331398e-22
 191731.9062500   1.0133625e-22
 192519.2968750   1.0029488e-22
 193306.7031250   9.8577352e-23
 194094.1093750   9.7276382e-23
 194881.5000000   9.5610964e-23
 195668.9062500   9.5038257e-23
 196456.2968750   9.3320951e-23
 197243.7031250   9.2435805e-23
 198031.1093750   9.1186647e-23
 198818.5000000   8.9313109e-23
 199605.9062500   8.8428297e-23
 200393.2968750   8.7231381e-23
 201180.7031250   8.5826097e-23
 201968.1093750   8.4472759e-23
 202755.5000000   8.3431917e-23
 203542.9062500   8.3067394e-23
 204330.2968750   8.1610116e-23
 205117.7031250   8.0465188e-23
 205905.1093750   7.9319951e-23
 206692.5000000   7.8591416e-23
 207479.9062500   7.8174885e-23
 208267.2968750   7.6405432e-23
 209054.7031250   7.5208238e-23
 209842.1093750   7.4635702e-23
 210629.5000000   7.3646817e-23
 211416.9062500   7.2657958e-23
 212204.2968750   7.1877194e-23
 212991.7031250   7.0992490e-23
 213779.1093750   6.9795453e-23
 214566.5000000   6.9378903e-23
 215353.9062500   6.8077693e-23
 216141.2968750   6.7557366e-23
 216928.7031250   6.6360229e-23
 217716.1093750   6.6464359e-23
 218503.5000000   6.4902931e-23
 219290.9062500   6.4538535e-23
 220078.2968750   6.3445583e-23
 220865.7031250   6.3081338e-23
 221653.1093750   6.1884106e-23
 222440.5000000   6.1467783e-23
 223227.9062500   6.0634986e-23
 224015.2968750   5.9541953e-23
 224802.7031250   5.9229759e-23
 225590.1093750   5.8553157e-23
 226377.5000000   5.7772544e-23
 227164.9062500   5.7043908e-23
 227952.2968750   5.6575350e-23
 228739.7031250   5.5794630e-23
 229527.1093750   5.5170111e-23
 230314.5000000   5.4493438e-23
 231101.9062500   5.3660786e-23
 231889.2968750   5.3088124e-23
 232676.7031250   5.2359668e-23
 233464.1093750   5.1964035e-23
 234251.5000000   5.1193640e-23
 235038.9062500   5.0792987e-23
 235826.2968750   5.0199533e-23
 236613.7031250   4.9601034e-23
 237401.1093750   4.9002563e-23
 238188.5000000   4.8305124e-23
 238975.9062500   4.7779333e-23
 239763.2968750   4.7170518e-23
 240550.7031250   4.6603217e-23
 241338.1093750   4.6155510e-23
 242125.5000000   4.5671569e-23
 242912.9062500   4.5260232e-23
 243700.2968750   4.4667030e-23
 244487.7031250   4.4245309e-23
 245275.1093750   4.3615580e-23
 246062.5000000   4.3032596e-23
 246849.9062500   4.2558961e-23
 247637.2968750   4.2095899e-23
 248424.7031250   4.1611737e-23
 249212.1093750   4.1252727e-23
 249999.5000000   4.0721704e-23
 250786.9062500   4.0388640e-23
 251574.2968750   3.9821320e-23
 252755.4062500   3.9191679e-23
 254330.2031250   3.8265080e-23
 255905.0000000   3.7432327e-23
 257479.7968750   3.6594386e-23
 259054.6093750   3.5829289e-23
 260629.4062500   3.5012159e-23
 262204.1875000   3.4262684e-23
 263779.0000000   3.3528810e-23
 265353.8125000   3.2768897e-23
 266928.5937500   3.2071525e-23
 268503.4062500   3.1368874e-23
 270078.1875000   3.0728682e-23
 271653.0000000   3.0041729e-23
 273227.8125000   2.9411950e-23
 274802.5937500   2.8787289e-23
 276377.4062500   2.8167970e-23
 277952.1875000   2.7595405e-23
 279527.0000000   2.7007303e-23
 281101.8125000   2.6455661e-23
 282676.5937500   2.5898671e-23
 284251.4062500   2.5367891e-23
 285826.1875000   2.4836967e-23
 287401.0000000   2.4337348e-23
 288975.8125000   2.3832495e-23
 290550.5937500   2.3353593e-23
 292125.4062500   2.2859204e-23
 293700.1875000   2.2364672e-23
 295275.0000000   2.1917095e-23
 296849.8125000   2.1511139e-23
 298424.5937500   2.1100002e-23
 299999.4062500   2.0683550e-23
 301574.1875000   2.0277630e-23
 303149.0000000   1.9871648e-23
 304723.8125000   1.9486538e-23
 306298.5937500   1.9111747e-23
 307873.4062500   1.8737005e-23
 309448.1875000   1.8377922e-23
 311023.0000000   1.8023979e-23
 312597.8125000   1.7680424e-23
 314172.5937500   1.7347378e-23
 315747.4062500   1.7009024e-23
 317322.1875000   1.6686355e-23
 318897.0000000   1.6379297e-23
 320471.8125000   1.6072173e-23
 322046.5937500   1.5775517e-23
 323621.4062500   1.5484066e-23
 325196.1875000   1.5197798e-23
 326771.0000000   1.4921935e-23
 328345.8125000   1.4640914e-23
 329920.5937500   1.4375475e-23
 331495.4062500   1.4120427e-23
 333070.1875000   1.3865398e-23
 334645.0000000   1.3615574e-23
 336219.8125000   1.3376123e-23
 337794.5937500   1.3136729e-23
 339369.4062500   1.2907740e-23
 340944.2187500   1.2678733e-23
 342519.0000000   1.2454938e-23
 344093.8125000   1.2236328e-23
 345668.5937500   1.2022930e-23
 347243.4062500   1.1814756e-23
 348818.2187500   1.1611769e-23
 350393.0000000   1.1408760e-23
 351967.8125000   1.1216196e-23
 353542.5937500   1.1023589e-23
 355117.4062500   1.0841429e-23
 356692.2187500   1.0659283e-23
 358267.0000000   1.0471914e-23
 359841.8125000   1.0300137e-23
 361416.5937500   1.0133581e-23
 362991.4062500   9.9670469e-24
 364566.2187500   9.8004947e-24
 366141.0000000   9.6391379e-24
 367715.8125000   9.4778167e-24
 369290.5937500   9.3268508e-24
 370865.4062500   9.1759520e-24
 372440.2187500   9.0249971e-24
 374015.0000000   8.8792551e-24
 375589.8125000   8.7335264e-24
 377164.5937500   8.5981918e-24
 378739.4062500   8.4576696e-24
 380314.2187500   8.3275604e-24
 381889.0000000   8.1922542e-24
 383463.8125000   8.0569157e-24
 385038.5937500   7.9372226e-24
 386613.4062500   7.8123057e-24
 388188.2187500   7.6925976e-24
 389763.0000000   7.5728935e-24
 391337.8125000   7.4531539e-24
 392912.5937500   7.3438817e-24
 394487.4062500   7.2293501e-24
 787400.0000000   4.8617355e-25
1574800.0000000   3.1238818e-26
2362200.0000000   6.2092370e-27
3149600.0000000   1.9663464e-27
3937000.0000000   8.0517161e-28
4724400.0000000   3.8790803e-28
5511800.0000000   2.0917775e-28
6299200.0000000   1.2246704e-28
