    359.9960022   1.9456095e-23
    371.8640137   2.2260405e-23
    379.7760010   2.3807595e-23
    387.6880188   1.3339807e-22
    395.6000061   3.6920147e-22
    403.5120239   4.0067793e-22
    411.4240112   3.8046729e-22
    419.3359985   3.8675296e-22
    427.2480164   3.9463364e-22
    435.1600037   4.5086438e-22
    450.9840088   4.6778740e-22
    466.8080139   4.5424913e-22
    478.6760254   5.7536551e-22
    494.5000000   5.9760694e-22
    502.4120178   6.1017793e-22
    506.3680115   6.1985014e-22
    518.2360229   5.9760694e-22
    522.1920166   6.1839819e-22
    530.1040039   5.9084001e-22
    541.9719849   6.5707706e-22
    553.8400269   6.5853018e-22
    565.7080078   8.3210523e-22
    581.5320435   1.0356610e-21
    597.3560181   9.2687425e-22
    613.1799927   1.0462949e-21
    629.0040283   1.0501666e-21
    640.8720093   1.0516158e-21
    656.6960449   1.0583852e-21
    672.5200195   1.0574187e-21
    684.3880005   8.6933441e-22
    700.2120361   1.0656379e-21
    712.0800171   1.0670897e-21
    719.9920044   1.0670897e-21
    735.8160400   1.0690223e-21
    755.5960083   1.0699899e-21
    767.4639893   1.0762723e-21
    783.2880249   1.0738549e-21
    799.1119995   1.0777245e-21
    810.9800415   1.0762723e-21
    830.7600098   1.0433948e-21
    854.4960327   1.0753084e-21
    870.3200073   1.0791738e-21
    882.1880493   1.0661200e-21
    898.0120239   1.0815937e-21
    909.8800049   1.3547693e-21
    925.7040405   1.9570588e-21
    949.4400024   2.0197547e-21
    973.1760254   1.7856313e-21
    996.9120483   1.7520647e-21
   1016.6920166   1.5478353e-21
   1028.5600586   1.5818114e-21
   1044.3840332   1.9213326e-21
   1064.1640625   1.8922825e-21
   1083.9439697   1.8441875e-21
   1103.7239990   1.5298517e-21
   1123.5040283   1.7421589e-21
   1147.2399902   1.7224847e-21
   1170.9760742   1.5131796e-21
   1190.7559814   1.3311307e-21
   1218.4479980   1.3532410e-21
   1258.0080566   1.2347643e-21
   1297.5679932   1.1846398e-21
   1337.1280518   1.0412525e-21
   1376.6879883   9.1747416e-22
   1412.2919922   1.1554791e-21
   1447.8959961   1.6517778e-21
   1483.5000000   1.5296097e-21
   1523.0600586   1.1369844e-21
   1562.6199951   1.5858946e-21
   1602.1800537   1.8458406e-21
   1637.7840576   1.7354692e-21
   1669.4320068   1.5016865e-21
   1701.0800781   1.3695456e-21
   1744.5960693   1.5052985e-21
   1784.1560059   1.4560503e-21
   1819.7600098   1.2225906e-21
   1859.3200684   1.1868843e-21
   1898.8800049   1.2756872e-21
   1938.4400635   1.0324774e-21
   1978.0000000   1.2249231e-21
   2001.7360840   1.0311045e-21
   2025.4720459   1.5895902e-21
   2057.1201172   1.4690896e-21
   2096.6799316   1.3112173e-21
   2136.2399902   1.0458906e-21
   2175.8000488   9.8708173e-22
   2215.3601074   1.2688369e-21
   2254.9201660   1.3914321e-21
   2294.4799805   1.3355518e-21
   2334.0400391   1.3402641e-21
   2373.6000977   1.1114933e-21
   2413.1601562   1.0704035e-21
   2452.7199707   1.3547276e-21
   2492.2800293   1.2747519e-21
   2531.8400879   1.4122350e-21
   2571.4001465   1.3688841e-21
   2603.0480957   1.2664486e-21
   2630.7399902   1.4477100e-21
   2670.3000488   1.5525057e-21
   2709.8601074   1.3592211e-21
   2749.4201660   1.6259817e-21
   2788.9799805   1.3558764e-21
   2832.4960938   1.8155223e-21
   2872.0561523   1.9179939e-21
   2907.6601562   2.0134842e-21
   2947.2199707   2.0532943e-21
   2986.7800293   2.1641242e-21
   3026.3400879   2.0743769e-21
   3065.9001465   2.4870803e-21
   3105.4599609   2.4636959e-21
   3145.0200195   2.8847782e-21
   3184.5800781   3.2325065e-21
   3224.1401367   3.5749437e-21
   3263.7001953   4.0221536e-21
   3303.2600098   3.5598719e-21
   3342.8200684   4.9354180e-21
   3382.3801270   5.4810744e-21
   3421.9401855   6.4685520e-21
   3461.5000000   7.4439607e-21
   3501.0600586   8.6136110e-21
   3540.6201172   1.0057231e-20
   3580.1801758   1.1567841e-20
   3619.7399902   1.3270039e-20
   3659.3000488   4.2933107e-20
   3698.8601074   7.5302426e-20
   3738.4201660   1.0561193e-19
   3777.9799805   1.3150754e-19
   3817.5400391   1.3748731e-19
   3857.1000977   6.1818361e-20
   3896.6601562   1.1739602e-19
   3936.2199707   1.1107857e-19
   3975.7800293   1.3492708e-19
   4015.3400879   1.3599736e-19
   4054.9001465   9.5065380e-20
   4094.4602051   1.4109021e-19
   4134.0200195   1.8548446e-19
   4173.5800781   1.7411720e-19
   4213.1401367   1.4457340e-19
   4252.7001953   1.5535765e-19
   4292.2602539   1.3445268e-19
   4331.8203125   1.5363153e-19
   4371.3798828   1.4283216e-19
   4410.9399414   1.3666554e-19
   4450.5000000   1.1711947e-19
   4490.0600586   1.3646223e-19
   4529.6201172   1.2707274e-19
   4569.1801758   1.2452038e-19
   4608.7402344   1.1964197e-19
   4648.3002930   7.9004615e-20
   4687.8598633   1.1025910e-19
   4727.4199219   9.5781602e-20
   4766.9799805   8.0021840e-20
   4806.5400391   6.5224393e-20
   4846.1000977   1.3502074e-19
   4885.6601562   1.5597226e-19
   4925.2202148   1.5677372e-19
   4964.7802734   1.5120237e-19
   5004.3403320   1.4708069e-19
   5043.8999023   1.5845300e-19
   5083.4599609   1.5860547e-19
   5123.0200195   1.3601288e-19
   5162.5800781   1.3715801e-19
   5202.1401367   1.5307185e-19
   5241.7001953   1.4467629e-19
   5281.2602539   1.3566983e-19
   5320.8203125   1.4360771e-19
   5360.3798828   1.3898992e-19
   5399.9399414   1.2868569e-19
   5439.5000000   1.2647254e-19
   5479.0600586   1.2406784e-19
   5518.6201172   9.1820383e-20
   5558.1801758   8.9225284e-20
   5597.7402344   1.1395490e-19
   5637.3002930   1.0964247e-19
   5676.8603516   1.1364951e-19
   5704.5522461   1.1422195e-19
   5724.3320312   1.1326782e-19
   5755.9799805   1.0903167e-19
   5795.5400391   1.0262027e-19
   5835.1000977   1.0349834e-19
   5874.6601562   1.0326906e-19
   5914.2202148   1.0117037e-19
   5953.7802734   9.5216650e-20
   5981.4721680   8.7584152e-20
   6001.2519531   9.0026687e-20
   6032.8999023   8.9530669e-20
   6072.4599609   7.6898607e-20
   6112.0200195   6.8693376e-20
   6151.5800781   6.8579128e-20
   6191.1401367   7.6478612e-20
   6230.7001953   8.0867632e-20
   6270.2602539   8.1859583e-20
   6309.8203125   8.1401778e-20
   6349.3803711   7.9646333e-20
   6388.9399414   7.7929093e-20
   6428.5000000   7.6555230e-20
   6468.0600586   7.9646333e-20
   6507.6201172   7.9111903e-20
   6547.1801758   7.7509260e-20
   6586.7402344   7.9111903e-20
   6614.4321289   7.3730957e-20
   6634.2119141   8.1668905e-20
   6665.8603516   8.0218897e-20
   6705.4199219   7.6326275e-20
   6744.9799805   7.4265232e-20
   6784.5400391   7.0029104e-20
   6824.1000977   6.8579128e-20
   6863.6601562   7.1593955e-20
   6903.2202148   6.9914792e-20
   6942.7802734   7.0754361e-20
   6982.3403320   6.8350012e-20
   7021.9003906   6.5945637e-20
   7061.4599609   6.7090784e-20
   7101.0200195   6.7968345e-20
   7140.5800781   6.8006564e-20
   7180.1401367   6.2511002e-20
   7219.7001953   6.3694057e-20
   7259.2602539   6.2014965e-20
   7298.8203125   5.7626326e-20
   7338.3803711   5.7435305e-20
   7377.9399414   5.8045939e-20
   7417.5000000   6.0144858e-20
   7457.0600586   5.5069401e-20
   7496.6201172   5.2359664e-20
   7536.1801758   5.5679815e-20
   7575.7402344   5.2665010e-20
   7615.3002930   5.0298837e-20
   7654.8603516   5.3122873e-20
   7694.4204102   5.3809934e-20
   7733.9799805   4.9115891e-20
   7781.4521484   5.2626859e-20
   7817.0561523   5.4000748e-20
   7848.7041016   5.1062273e-20
   7892.2202148   4.9764675e-20
   7931.7802734   5.1214771e-20
   7971.3403320   5.0146206e-20
   8010.9003906   5.1405640e-20
   8050.4599609   4.7818377e-20
   8090.0200195   4.8352665e-20
   8129.5800781   4.3086106e-20
   8169.1401367   4.4803378e-20
   8204.7441406   4.9039587e-20
   8220.5683594   4.5413941e-20
   8248.2597656   4.6978657e-20
   8287.8203125   4.4574530e-20
   8327.3798828   4.5375865e-20
   8366.9404297   4.5604819e-20
   8406.5000000   4.5528570e-20
   8446.0605469   4.4345492e-20
   8485.6201172   4.3009731e-20
   8525.1806641   4.4192871e-20
   8564.7402344   4.3238705e-20
   8604.2998047   4.2971590e-20
   8643.8603516   4.1597663e-20
   8683.4199219   4.2437264e-20
   8722.9804688   4.1788463e-20
   8762.5400391   4.0567296e-20
   8802.1005859   3.9651339e-20
   8841.6601562   3.9765913e-20
   8881.2197266   3.9269724e-20
   8920.7802734   3.8018000e-20
   8960.3398438   3.8430126e-20
   8999.9003906   3.8239374e-20
   9039.4599609   3.8002810e-20
   9079.0205078   3.5732015e-20
   9118.5800781   3.6308305e-20
   9158.1406250   3.5255023e-20
   9197.7001953   3.0866235e-20
   9237.2597656   3.3770434e-20
   9276.8203125   3.3644599e-20
   9316.3798828   3.3640760e-20
   9355.9404297   3.2827806e-20
   9395.5000000   3.2400396e-20
   9435.0605469   3.1431064e-20
   9474.6201172   3.1866115e-20
   9514.1806641   3.1099051e-20
   9553.7402344   3.1041875e-20
   9593.2998047   3.1156333e-20
   9632.8603516   3.0190787e-20
   9672.4199219   3.0511365e-20
   9711.9804688   3.0179387e-20
   9751.5400391   2.9736658e-20
   9791.1005859   2.9148976e-20
   9830.6601562   2.8923772e-20
   9870.2207031   2.4752572e-20
   9909.7802734   2.8175762e-20
   9941.4287109   2.6801939e-20
   9961.2080078   2.7817105e-20
   9988.9003906   2.7385811e-20
  10028.4599609   2.7233128e-20
  10068.0205078   2.6542361e-20
  10107.5800781   2.6821015e-20
  10147.1406250   2.6485187e-20
  10186.7001953   2.6664573e-20
  10226.2597656   2.6344003e-20
  10265.8203125   2.6004324e-20
  10305.3798828   2.5603608e-20
  10344.9404297   2.5210509e-20
  10384.5000000   2.5157088e-20
  10424.0605469   2.5027382e-20
  10463.6201172   2.5118889e-20
  10503.1806641   2.4947161e-20
  10542.7402344   2.4008352e-20
  10582.2998047   2.4069481e-20
  10621.8603516   2.3939702e-20
  10661.4199219   2.3264224e-20
  10700.9804688   2.3058139e-20
  10740.5400391   2.2756630e-20
  10780.1005859   2.2649742e-20
  10819.6601562   2.2558214e-20
  10859.2207031   2.1844539e-20
  10898.7802734   2.1707113e-20
  10938.3398438   2.1615593e-20
  10977.9003906   2.1806391e-20
  11017.4599609   2.1474324e-20
  11057.0205078   2.0276024e-20
  11096.5800781   2.0634733e-20
  11136.1406250   2.1004953e-20
  11175.7001953   2.0775955e-20
  11215.2607422   2.0035605e-20
  11254.8203125   2.0024169e-20
  11294.3798828   1.9818044e-20
  11333.9404297   1.9902040e-20
  11373.5000000   1.9619642e-20
  11413.0605469   1.9470798e-20
  11452.6201172   1.9211300e-20
  11511.9599609   1.9070077e-20
  11591.0800781   1.8711347e-20
  11670.2001953   1.8219042e-20
  11749.3203125   1.7963364e-20
  11828.4404297   1.7585558e-20
  11907.5605469   1.7165715e-20
  11986.6806641   1.6967316e-20
  12065.7998047   1.6673460e-20
  12144.9199219   1.6368150e-20
  12224.0400391   1.5971268e-20
  12303.1601562   1.5742296e-20
  12382.2802734   1.5387327e-20
  12461.4003906   1.5165993e-20
  12540.5205078   1.4811070e-20
  12619.6406250   1.4440903e-20
  12698.7607422   1.4253889e-20
  12777.8798828   1.3986740e-20
  12857.0000000   1.3795970e-20
  12936.1201172   1.3513524e-20
  13015.2402344   1.3288351e-20
  13094.3603516   1.3070833e-20
  13173.4804688   1.2799916e-20
  13252.6005859   1.2532743e-20
  13331.7207031   1.2311416e-20
  13410.8398438   1.2128200e-20
  13489.9599609   1.1937430e-20
  13569.0800781   1.1643531e-20
  13648.2001953   1.1445093e-20
  13727.3203125   1.1300100e-20
  13806.4404297   1.1113078e-20
  13885.5605469   1.0956594e-20
  13964.6806641   1.0788705e-20
  14043.8007812   1.0624602e-20
  14122.9199219   1.0422315e-20
  14202.0400391   1.0178093e-20
  14281.1601562   1.0021606e-20
  14360.2802734   9.8918652e-21
  14399.8398438   9.8307992e-21
  14439.4003906   9.7964486e-21
  14518.5205078   9.6018293e-21
  14597.6406250   9.2125754e-21
  14676.7607422   9.3423055e-21
  14755.8798828   9.2278411e-21
  14835.0000000   1.0029267e-20
  14914.1201172   1.0006345e-20
  14993.2402344   1.0540618e-20
  15072.3603516   1.1071086e-20
  15151.4804688   9.7277660e-21
  15230.6005859   1.1113078e-20
  15309.7207031   1.1185596e-20
  15388.8408203   9.1400340e-21
  15467.9599609   1.1059667e-20
  15547.0800781   1.0529191e-20
  15626.2001953   1.0586455e-20
  15705.3203125   8.3538973e-21
  15784.4404297   1.0368898e-20
  15863.5605469   1.0468143e-20
  15942.6806641   1.0139946e-20
  16021.8007812   1.0189544e-20
  16100.9199219   9.8307992e-21
  16180.0400391   9.2163793e-21
  16259.1601562   8.1440035e-21
  16338.2802734   9.3461223e-21
  16417.4003906   9.3575808e-21
  16496.5195312   9.2659746e-21
  16575.6406250   9.1782087e-21
  16654.7597656   9.0904338e-21
  16733.8808594   8.9377843e-21
  16813.0000000   8.8004052e-21
  16892.1210938   8.5446982e-21
  16971.2402344   8.4912772e-21
  17050.3613281   8.2050711e-21
  17129.4804688   7.6173568e-21
  17208.5996094   6.9876413e-21
  17287.7207031   8.0066140e-21
  17366.8398438   7.8577602e-21
  17445.9609375   7.8386995e-21
  17525.0800781   7.7890768e-21
  17604.2011719   7.7242158e-21
  17683.3203125   7.5066657e-21
  17762.4394531   7.5410308e-21
  17841.5605469   7.5715622e-21
  17920.6796875   7.3654577e-21
  17999.8007812   7.2624454e-21
  18078.9199219   7.2815118e-21
  18158.0410156   7.1174174e-21
  18237.1601562   7.0525403e-21
  18316.2812500   6.9075163e-21
  18395.4003906   6.7968348e-21
  18474.5195312   6.8006565e-21
  18553.6406250   6.6976257e-21
  18632.7597656   6.5144238e-21
  18711.8808594   6.5602168e-21
  18791.0000000   6.5182584e-21
  18870.1210938   6.4762834e-21
  18949.2402344   6.3694058e-21
  19028.3613281   6.2511000e-21
  19107.4804688   6.1709592e-21
  19186.5996094   5.7168298e-21
  19265.7207031   5.0985858e-21
  19344.8398438   5.9267224e-21
  19423.9609375   5.9038348e-21
  19503.0800781   5.7549940e-21
  19582.2011719   5.8007967e-21
  19661.3203125   5.7168298e-21
  19740.4414062   5.5756166e-21
  19819.5605469   5.3657247e-21
  19898.6796875   5.4458744e-21
  19977.8007812   5.3580951e-21
  20056.9199219   5.4038942e-21
  20136.0410156   5.2894028e-21
  20215.1601562   5.2474306e-21
  20294.2812500   5.1367500e-21
  20373.4003906   5.0451494e-21
  20452.5195312   4.9306734e-21
  20531.6406250   4.9039588e-21
  20610.7597656   4.8734283e-21
  20689.8808594   4.8810539e-21
  20769.0000000   4.8772395e-21
  20848.1210938   4.7245774e-21
  20927.2402344   4.8085411e-21
  21006.3613281   4.7932758e-21
  21085.4804688   4.6520803e-21
  21164.5996094   4.6864285e-21
  21243.7207031   4.6520803e-21
  21322.8398438   4.5681191e-21
  21401.9609375   4.5032407e-21
  21481.0800781   4.4689002e-21
  21560.2011719   4.4536374e-21
  21639.3203125   4.3620364e-21
  21718.4414062   4.3238706e-21
  21797.5605469   4.2857185e-21
  21876.6796875   4.2818992e-21
  21955.8007812   4.2666380e-21
  22034.9199219   4.2170096e-21
  22114.0410156   4.1407010e-21
  22193.1601562   4.1368837e-21
  22272.2812500   4.0719912e-21
  22351.4003906   4.0376576e-21
  22430.5214844   3.9842309e-21
  22509.6406250   3.9918500e-21
  22588.7597656   3.9346029e-21
  22667.8808594   3.9956733e-21
  22747.0000000   3.9002624e-21
  22826.1210938   3.8926304e-21
  22905.2402344   3.8155495e-21
  22984.3613281   3.8353913e-21
  23063.4804688   3.8392001e-21
  23142.5996094   3.7651610e-21
  23221.7207031   3.6777734e-21
  23300.8398438   3.5770169e-21
  23379.9609375   3.6399950e-21
  23459.0800781   3.6174765e-21
  23538.2011719   3.5800817e-21
  23617.3203125   3.5900006e-21
  23696.4414062   3.5300886e-21
  23775.5605469   3.5048923e-21
  23854.6796875   3.5171049e-21
  23933.8007812   3.5132917e-21
  24012.9199219   3.4991711e-21
  24092.0410156   3.4255157e-21
  24171.1601562   3.4075847e-21
  24250.2812500   3.3194162e-21
  24329.4003906   3.2923242e-21
  24408.5214844   3.2240140e-21
  24487.6406250   3.2381334e-21
  24566.7597656   3.1950053e-21
  24645.8808594   3.1236483e-21
  24725.0000000   3.0564742e-21
  24804.1210938   3.1125831e-21
  24883.2402344   3.1320416e-21
  24962.3613281   3.0854853e-21
  25041.4804688   3.1022795e-21
  25120.5996094   3.0694554e-21
  25199.7207031   3.0515117e-21
  25278.8398438   3.0644988e-21
  25357.9609375   3.0343388e-21
  25437.0800781   3.0263271e-21
  25516.2011719   3.0083975e-21
  25595.3203125   2.9958060e-21
  25674.4414062   2.9389354e-21
  25753.5605469   2.9564899e-21
  25832.6796875   2.9255807e-21
  25911.8007812   2.8229271e-21
  25990.9199219   2.5683683e-21
  26070.0410156   2.8488700e-21
  26149.1601562   2.8679515e-21
  26228.2812500   2.8389529e-21
  26307.4003906   2.8076572e-21
  26386.5214844   2.7469769e-21
  26465.6406250   2.7500310e-21
  26544.7597656   2.6927831e-21
  26623.8808594   2.7030915e-21
  26703.0000000   2.6634026e-21
  26782.1210938   2.6641628e-21
  26861.2402344   2.6313478e-21
  26940.3613281   2.6362987e-21
  27019.4804688   2.6370629e-21
  27098.6015625   2.6050046e-21
  27177.7207031   2.6160799e-21
  27256.8398438   2.6321107e-21
  27335.9609375   2.6206566e-21
  27415.0800781   2.5924159e-21
  27494.2011719   2.5645586e-21
  27573.3203125   2.5733363e-21
  27652.4414062   2.5531073e-21
  27731.5605469   2.5237206e-21
  27810.6796875   2.5233435e-21
  27889.8007812   2.4985320e-21
  27968.9199219   2.4172447e-21
  28048.0410156   2.3691608e-21
  28127.1601562   2.2913077e-21
  28206.2812500   2.2520004e-21
  28285.4003906   2.2584878e-21
  28364.5214844   2.2657402e-21
  28443.6406250   2.2504777e-21
  28522.7597656   2.2871152e-21
  28601.8808594   2.2981810e-21
  28681.0000000   2.3126801e-21
  28760.1210938   2.3100103e-21
  28839.2402344   2.2874969e-21
  28918.3613281   2.3210747e-21
  28997.4804688   2.3172653e-21
  29076.6015625   2.3210747e-21
  29155.7207031   2.3489371e-21
  29234.8398438   2.3165021e-21
  29313.9609375   2.3077186e-21
  29393.0800781   2.3103958e-21
  29472.2011719   2.3058140e-21
  29551.3203125   2.2974140e-21
  29630.4414062   2.2825296e-21
  29709.5605469   2.2916900e-21
  29788.6816406   2.3000894e-21
  29867.8007812   2.2985645e-21
  29946.9199219   2.2798645e-21
  30026.0410156   2.2497168e-21
  30105.1601562   2.2275758e-21
  30184.2812500   2.2077366e-21
  30263.4003906   2.1836865e-21
  30342.5214844   2.1306448e-21
  30421.6406250   2.1470553e-21
  30500.7597656   2.1180497e-21
  30579.8808594   2.1104172e-21
  30659.0000000   2.0985867e-21
  30738.1210938   2.0989645e-21
  30817.2402344   2.1066018e-21
  30896.3613281   2.1008738e-21
  30975.4804688   2.0932478e-21
  31054.6015625   2.0630929e-21
  31133.7207031   2.0596618e-21
  31212.8398438   2.0058496e-21
  31291.9609375   1.9760856e-21
  31371.0800781   1.9818046e-21
  31450.2011719   1.9631104e-21
  31529.3203125   1.9955429e-21
  31608.4414062   1.9875310e-21
  31687.5605469   1.9989813e-21
  31766.6816406   1.9928716e-21
  31845.8007812   1.9791342e-21
  31924.9199219   1.9619642e-21
  32004.0410156   1.9302894e-21
  32083.1601562   1.9180782e-21
  32162.2812500   1.9367772e-21
  32241.4003906   1.9318159e-21
  32320.5214844   1.9333436e-21
  32399.6406250   1.9092954e-21
  32478.7597656   1.8955597e-21
  32557.8808594   1.9035768e-21
  32637.0000000   1.9016634e-21
  32716.1210938   1.9047142e-21
  32795.2421875   1.8875430e-21
  32874.3593750   1.8398434e-21
  32953.4804688   1.8379293e-21
  33032.6015625   1.8306789e-21
  33111.7226562   1.8333501e-21
  33190.8398438   1.8085508e-21
  33269.9609375   1.8352595e-21
  33349.0820312   1.8051149e-21
  33428.1992188   1.7898476e-21
  33507.3203125   1.7780173e-21
  33586.4414062   1.8051149e-21
  33665.5625000   1.7226814e-21
  33744.6796875   1.7951930e-21
  33823.8007812   1.6688697e-21
  33902.9218750   1.8268639e-21
  33982.0390625   1.7665674e-21
  34061.1601562   1.7658073e-21
  34140.2812500   1.8310649e-21
  34219.4023438   1.8016775e-21
  34298.5195312   1.6402475e-21
  34377.6406250   1.7780173e-21
  34456.7617188   1.8173251e-21
  34535.8789062   1.7990049e-21
  34615.0000000   1.6990207e-21
  34694.1210938   1.7818319e-21
  34773.2421875   1.8043461e-21
  34852.3593750   1.7783999e-21
  34931.4804688   1.7787824e-21
  35010.6015625   1.7490126e-21
  35089.7226562   1.6627609e-21
  35168.8398438   1.7600778e-21
  35247.9609375   1.7799234e-21
  35327.0820312   1.7505418e-21
  35406.1992188   1.7490126e-21
  35485.3203125   1.7440497e-21
  35564.4414062   1.7253542e-21
  35643.5625000   1.6238410e-21
  35722.6796875   1.6829944e-21
  35801.8007812   1.7459579e-21
  35880.9218750   1.7222955e-21
  35960.0390625   1.6784105e-21
  36039.1601562   1.6810809e-21
  36118.2812500   1.6986402e-21
  36197.4023438   1.6833712e-21
  36276.5195312   1.6597112e-21
  36355.6406250   1.6482631e-21
  36434.7617188   1.5841473e-21
  36513.8789062   1.5047697e-21
  36593.0000000   1.5646830e-21
  36672.1210938   1.5921614e-21
  36751.2421875   1.5963626e-21
  36830.3593750   1.6020866e-21
  36909.4804688   1.5917838e-21
  36988.6015625   1.5883481e-21
  37067.7226562   1.5688804e-21
  37146.8398438   1.5749902e-21
  37225.9609375   1.5414044e-21
  37305.0820312   1.5662093e-21
  37384.1992188   1.5417902e-21
  37463.3203125   1.5536175e-21
  37542.4414062   1.5509452e-21
  37621.5625000   1.5291933e-21
  37700.6796875   1.5162197e-21
  37779.8007812   1.4322601e-21
  37858.9218750   1.4998081e-21
  37938.0390625   1.5295762e-21
  38017.1601562   1.5127809e-21
  38096.2812500   1.5112603e-21
  38175.4023438   1.4982809e-21
  38254.5195312   1.4891230e-21
  38333.6406250   1.5001902e-21
  38412.7617188   1.4917937e-21
  38491.8828125   1.4856870e-21
  38571.0000000   1.4746229e-21
  38650.1210938   1.4746229e-21
  38729.2421875   1.4562996e-21
  38808.3593750   1.4769108e-21
  38887.4804688   1.4650820e-21
  38966.6015625   1.4700383e-21
  39045.7226562   1.4601166e-21
  39124.8398438   1.4536287e-21
  39203.9609375   1.4456197e-21
  39283.0820312   1.4471441e-21
  39362.1992188   1.4437099e-21
  39441.3203125   1.4410367e-21
  39520.4414062   1.4314993e-21
  39658.9023438   1.4017302e-21
  39856.6992188   1.3719595e-21
  40054.5000000   1.3940989e-21
  40252.3007812   1.3788337e-21
  40450.1015625   1.3723453e-21
  40647.9023438   1.3654735e-21
  40845.6992188   1.3421963e-21
  41043.5000000   1.3280767e-21
  41241.3007812   1.3227330e-21
  41439.1015625   1.3063200e-21
  41636.9023438   1.2986891e-21
  41834.6992188   1.2815160e-21
  42032.5000000   1.2708278e-21
  42230.3007812   1.2464075e-21
  42428.1015625   1.2399159e-21
  42625.9023438   1.2265597e-21
  42823.6992188   1.1994659e-21
  43021.5000000   1.1773317e-21
  43219.3007812   1.1315346e-21
  43417.1015625   1.1212304e-21
  43614.9023438   1.1105467e-21
  43812.6992188   1.0979522e-21
  44010.5000000   1.0914618e-21
  44208.3007812   1.0838285e-21
  44406.1015625   1.0773412e-21
  44603.9023438   1.0662746e-21
  44801.6992188   1.0605534e-21
  44999.5000000   1.0544462e-21
  45197.3007812   1.0464328e-21
  45395.1015625   1.0498669e-21
  45592.9023438   1.0449035e-21
  45790.6992188   1.0334574e-21
  45988.5000000   1.0208624e-21
  46186.3007812   1.0162818e-21
  46384.1015625   1.0185740e-21
  46581.9023438   1.0055950e-21
  46779.6992188   9.9719935e-22
  46977.5000000   9.8231595e-22
  47175.3007812   9.8995142e-22
  47373.1015625   9.6323668e-22
  47570.9023438   9.7124827e-22
  47768.6992188   9.5979931e-22
  47966.5000000   9.5445657e-22
  48164.3007812   9.5216647e-22
  48362.1015625   9.4301094e-22
  48559.9023438   9.3537588e-22
  48757.6992188   9.2621913e-22
  48955.5000000   9.2125756e-22
  49153.3007812   9.1209870e-22
  49351.1015625   9.0637245e-22
  49548.9023438   8.9530669e-22
  49746.6992188   8.9072590e-22
  49944.5000000   8.8462079e-22
  50142.3007812   8.7469604e-22
  50340.1015625   8.7164359e-22
  50537.9023438   8.6592027e-22
  50735.6992188   8.3080887e-22
  50933.5000000   8.4874749e-22
  51131.3007812   8.3882349e-22
  51329.1015625   8.4149492e-22
  51526.9023438   8.3080887e-22
  51724.7031250   8.3080887e-22
  51922.5000000   8.1859589e-22
  52120.3007812   8.1440036e-22
  52318.1015625   8.1134801e-22
  52515.9023438   7.9989870e-22
  52713.7031250   8.0104132e-22
  52911.5000000   7.9226646e-22
  53109.3007812   7.9264577e-22
  53307.1015625   7.8615919e-22
  53504.9023438   7.8158056e-22
  53702.7031250   7.7051066e-22
  53900.5000000   7.6631589e-22
  54098.3007812   7.6478608e-22
  54296.1015625   7.6249881e-22
  54493.9023438   7.5715622e-22
  54691.7031250   7.5448409e-22
  54889.5000000   7.4570489e-22
  55087.3007812   7.3502050e-22
  55285.1015625   7.3234928e-22
  55482.9023438   7.1937506e-22
  55680.7031250   7.1441308e-22
  55878.5000000   6.9952873e-22
  56076.3007812   6.9533240e-22
  56274.1015625   6.8617091e-22
  56471.9023438   6.7815679e-22
  56669.7031250   6.8426295e-22
  56867.5000000   6.8426295e-22
  57065.3007812   6.6899827e-22
  57263.1015625   6.7625034e-22
  57460.9023438   6.6861639e-22
  57638.9218750   6.6976255e-22
  57836.7226562   6.6212915e-22
  58054.3007812   6.5945636e-22
  58252.1015625   6.5067888e-22
  58449.9023438   6.5220667e-22
  58647.7031250   6.5106192e-22
  58845.5000000   6.4800958e-22
  59043.3007812   6.5564151e-22
  59241.1015625   6.4953398e-22
  59438.9023438   6.4762840e-22
  59636.7031250   6.4266713e-22
  59834.5000000   6.4686372e-22
  60032.3007812   6.4724455e-22
  60230.1015625   6.4609995e-22
  60427.9023438   6.4533709e-22
  60625.7031250   6.4075912e-22
  60823.5000000   6.4457519e-22
  61021.3007812   6.4190271e-22
  61219.1015625   6.4228338e-22
  61416.9023438   6.3541506e-22
  61614.7031250   6.0755472e-22
  61812.5000000   6.1289858e-22
  62010.3007812   6.1289858e-22
  62208.1015625   6.2167677e-22
  62405.9023438   5.8465786e-22
  62603.7031250   5.7778884e-22
  62801.5000000   5.7816956e-22
  62999.3007812   5.9725278e-22
  63197.1015625   5.7664298e-22
  63493.8007812   5.8236938e-22
  63889.4023438   5.8961913e-22
  64285.0000000   5.7244675e-22
  64680.6015625   5.8618510e-22
  65076.2031250   5.6023473e-22
  65471.8007812   5.7053672e-22
  65867.3984375   5.5717980e-22
  66263.0000000   5.5298190e-22
  66658.6015625   5.4038946e-22
  67054.2031250   5.4077170e-22
  67449.8046875   5.3122873e-22
  67845.3984375   5.2436061e-22
  68241.0000000   5.1482007e-22
  68636.6015625   5.0108117e-22
  69032.2031250   4.9841015e-22
  69427.8046875   4.9115889e-22
  69823.3984375   4.8390692e-22
  70219.0000000   4.7474780e-22
  70614.6015625   4.7016837e-22
  71010.2031250   4.6177403e-22
  71405.8046875   4.5223273e-22
  71801.3984375   4.4383682e-22
  72197.0000000   4.3734883e-22
  72592.6015625   4.3009726e-22
  72988.2031250   4.2170096e-22
  73383.8046875   4.1597663e-22
  73779.3984375   4.0605443e-22
  74175.0000000   3.9689670e-22
  74570.6015625   3.9422484e-22
  74966.2031250   3.8201270e-22
  75361.8046875   3.8353912e-22
  75757.3984375   3.7575290e-22
  76153.0000000   3.7029598e-22
  76548.6015625   3.6121264e-22
  76944.2031250   3.5201644e-22
  77339.8046875   3.5071867e-22
  77735.3984375   3.4377233e-22
  78131.0000000   3.3659824e-22
  78526.6015625   3.3186583e-22
  78922.2031250   3.2682798e-22
  79317.8046875   3.2354611e-22
  79713.3984375   3.1866113e-22
  80109.0000000   3.1068473e-22
  80504.6015625   3.0568635e-22
  80900.2031250   3.0347252e-22
  81295.8046875   2.9755732e-22
  81691.3984375   2.9217674e-22
  82087.0000000   2.8820681e-22
  82482.6015625   2.8336093e-22
  82878.2031250   2.7828468e-22
  83273.8046875   2.7591888e-22
  83669.3984375   2.7069049e-22
  84065.0000000   2.6641630e-22
  84460.6015625   2.6389745e-22
  84856.2031250   2.5950815e-22
  85251.8046875   2.5523447e-22
  85647.3984375   2.4947162e-22
  86043.0000000   2.4668574e-22
  86438.6015625   2.4363332e-22
  86834.2031250   2.4054156e-22
  87229.8046875   2.3531292e-22
  87625.3984375   2.3393934e-22
  88021.0000000   2.2871153e-22
  88416.6015625   2.2573476e-22
  88812.2031250   2.2260504e-22
  89207.8046875   2.1966626e-22
  89603.3984375   2.1554449e-22
  89999.0000000   2.1405681e-22
  90394.6015625   2.0985867e-22
  90790.2031250   1.7711509e-22
  91185.8046875   1.8913602e-22
  91581.3984375   1.8780008e-22
  91977.0000000   1.6070477e-22
  92372.6015625   1.7390933e-22
  92768.2031250   1.6375772e-22
  93163.8046875   1.4715693e-22
  93559.3984375   1.6036142e-22
  93955.0000000   1.5104905e-22
  94350.6015625   1.3971514e-22
  94746.2031250   1.5009548e-22
  95141.8046875   1.4555389e-22
  95537.3984375   1.3521182e-22
  95933.0000000   1.4288235e-22
  96328.6015625   1.3799787e-22
  96724.2031250   1.3345609e-22
  97119.8046875   1.3444854e-22
  97515.3984375   1.3482993e-22
  97911.0000000   1.3185338e-22
  98306.6015625   1.1937376e-22
  98702.2031250   1.1903034e-22
  99097.8046875   1.2231277e-22
  99493.3984375   1.1841976e-22
  99889.0000000   1.2242724e-22
 100284.6015625   1.2345744e-22
 100680.2031250   1.2376254e-22
 101075.8046875   1.2391537e-22
 101471.3984375   1.2437336e-22
 101867.0000000   1.2513658e-22
 102262.6015625   1.2135873e-22
 102658.2031250   1.2139657e-22
 103053.8046875   1.2154914e-22
 103449.4062500   1.1883969e-22
 103845.0000000   1.1696988e-22
 104240.6015625   1.1735116e-22
 104636.2031250   1.1628302e-22
 105031.8046875   1.1437456e-22
 105427.4062500   1.1246628e-22
 105823.0000000   1.1303873e-22
 106218.6015625   1.1193214e-22
 106614.2031250   1.0910831e-22
 107009.8046875   1.0933713e-22
 107405.4062500   1.0803973e-22
 107801.0000000   1.0742890e-22
 108196.6015625   1.0460513e-22
 108592.2031250   1.0460513e-22
 108987.8046875   1.0353654e-22
 109383.4062500   1.0212437e-22
 109779.0000000   1.0010168e-22
 110174.6015625   9.9948816e-23
 110570.2031250   9.9300384e-23
 110965.8046875   9.8079001e-23
 111361.4062500   9.6285175e-23
 111757.0000000   9.5713049e-23
 112152.6015625   9.5102130e-23
 112548.2031250   9.3842906e-23
 112943.8046875   9.2659747e-23
 113339.4062500   9.1629432e-23
 113735.0000000   9.0370138e-23
 114130.6015625   8.9721190e-23
 114526.2031250   8.8728998e-23
 114921.8046875   8.7660351e-23
 115317.4062500   8.6859026e-23
 115713.0000000   8.5409093e-23
 116108.6015625   8.4989261e-23
 116504.2031250   8.3653524e-23
 116899.8046875   8.2699375e-23
 117295.4062500   8.2012523e-23
 117691.0000000   8.1020142e-23
 118086.6015625   7.9913320e-23
 118482.2031250   7.8959171e-23
 118877.8046875   7.8005116e-23
 119273.4062500   7.7280165e-23
 119669.0000000   7.6211713e-23
 120064.6015625   7.4914176e-23
 120460.2031250   7.4418033e-23
 120855.8046875   7.3578275e-23
 121251.4062500   7.2738731e-23
 121647.0000000   7.2013686e-23
 122042.6015625   7.0945101e-23
 122438.2031250   7.0181818e-23
 122833.8046875   6.9609326e-23
 123229.4062500   6.8502668e-23
 123625.0000000   6.7891970e-23
 124020.6015625   6.7128800e-23
 124416.2031250   6.6365467e-23
 124811.8046875   6.5564148e-23
 125207.4062500   6.4686373e-23
 125603.0000000   6.4152226e-23
 125998.6015625   6.3388760e-23
 126394.2031250   6.2663829e-23
 126987.6015625   6.1518819e-23
 127778.8046875   6.0144857e-23
 128570.0000000   5.8809328e-23
 129361.2031250   5.7473660e-23
 130152.4062500   5.5985099e-23
 130943.6015625   5.4916520e-23
 131734.7968750   5.3695439e-23
 132526.0000000   5.2626861e-23
 133317.2031250   5.1443806e-23
 134108.4062500   5.0337066e-23
 134899.6093750   4.9192094e-23
 135690.7968750   4.8238128e-23
 136482.0000000   4.7283966e-23
 137273.2031250   4.6291721e-23
 138064.4062500   4.5375863e-23
 138855.6093750   4.4498053e-23
 139646.7968750   4.3467754e-23
 140438.0000000   4.2666381e-23
 141229.2031250   4.1788461e-23
 142020.4062500   4.0948930e-23
 142811.6093750   4.0185695e-23
 143602.7968750   3.9422481e-23
 144394.0000000   3.8506491e-23
 145185.2031250   3.7785292e-23
 145976.4062500   3.6873154e-23
 146767.6093750   3.6125071e-23
 147558.7968750   3.5522192e-23
 148350.0000000   3.4610073e-23
 149141.2031250   3.4213210e-23
 149932.4062500   3.3541473e-23
 150723.6093750   3.2942336e-23
 151514.7968750   3.2392857e-23
 152306.0000000   3.1816471e-23
 153097.2031250   3.1137179e-23
 153888.4062500   3.0580051e-23
 154679.6093750   3.0022863e-23
 155470.7968750   2.9534400e-23
 156262.0000000   2.8877948e-23
 157053.2031250   2.8370461e-23
 157844.4062500   2.7744509e-23
 158635.6093750   2.7301867e-23
 159426.7968750   2.6847650e-23
 160218.0000000   2.6294301e-23
 161009.2031250   2.5889800e-23
 161800.4062500   2.5439516e-23
 162591.6093750   2.5015843e-23
 163382.7968750   2.4596091e-23
 164174.0000000   2.4134261e-23
 164965.2031250   2.3664881e-23
 165756.4062500   2.3287122e-23
 166547.6093750   2.2855891e-23
 167338.7968750   2.2550586e-23
 168130.0000000   2.2107832e-23
 168921.2031250   2.1772036e-23
 169712.4062500   2.0772121e-23
 170503.6093750   1.9905886e-23
 171294.7968750   1.9909645e-23
 172086.0000000   1.9058605e-23
 172877.2031250   1.8593059e-23
 173668.4062500   1.8188502e-23
 174459.6093750   1.7402317e-23
 175250.7968750   1.7261119e-23
 176042.0000000   1.6871903e-23
 176833.2031250   1.6295634e-23
 177624.4062500   1.6326150e-23
 178415.6093750   1.5902537e-23
 179206.7968750   1.5467480e-23
 179998.0000000   1.5421696e-23
 180789.2031250   1.5162197e-23
 181580.4062500   1.4681351e-23
 182371.6093750   1.4723320e-23
 183162.7968750   1.4387474e-23
 183954.0000000   1.4169939e-23
 184745.2031250   1.4040161e-23
 185536.4062500   1.3803545e-23
 186327.6093750   1.3547870e-23
 187118.7968750   1.3524982e-23
 187910.0000000   1.3250239e-23
 188701.2031250   1.3070834e-23
 189492.4062500   1.2876202e-23
 190283.6093750   1.2609098e-23
 191074.7968750   1.2612864e-23
 191866.0000000   1.2372450e-23
 192657.2031250   1.2139657e-23
 193448.4062500   1.2006095e-23
 194239.6093750   1.1807649e-23
 195030.7968750   1.1651203e-23
 195822.0000000   1.1452735e-23
 196613.2031250   1.1387835e-23
 197404.4062500   1.1177936e-23
 198195.6093750   1.1074928e-23
 198986.7968750   1.0922242e-23
 199778.0000000   1.0697080e-23
 200569.2031250   1.0594082e-23
 201360.4062500   1.0449035e-23
 202151.6093750   1.0281110e-23
 202942.7968750   1.0132290e-23
 203734.0000000   9.9987007e-24
 204525.2031250   9.9529176e-24
 205316.4062500   9.7811873e-24
 206107.6093750   9.6437954e-24
 206898.8125000   9.5102128e-24
 207690.0000000   9.4224505e-24
 208481.2031250   9.3766689e-24
 209272.4062500   9.1591216e-24
 210063.6093750   9.0179439e-24
 210854.8125000   8.9492538e-24
 211646.0000000   8.8309137e-24
 212437.2031250   8.7202641e-24
 213228.4062500   8.6248545e-24
 214019.6093750   8.5179836e-24
 214810.8125000   8.3767862e-24
 215602.0000000   8.3233550e-24
 216393.2031250   8.1706939e-24
 217184.4062500   8.1096329e-24
 217975.6093750   7.9646332e-24
 218766.8125000   7.9798992e-24
 219558.0000000   7.7890769e-24
 220349.2031250   7.7471142e-24
 221140.4062500   7.6211710e-24
 221931.6093750   7.5753548e-24
 222722.8125000   7.4265235e-24
 223514.0000000   7.3845348e-24
 224305.2031250   7.2853182e-24
 225096.4062500   7.1517593e-24
 225887.6093750   7.1174171e-24
 226678.8125000   7.0372562e-24
 227470.0000000   6.9418513e-24
 228261.2031250   6.8579126e-24
 229052.4062500   6.7968342e-24
 229843.6093750   6.7052483e-24
 230634.8125000   6.6289149e-24
 231426.0000000   6.5487888e-24
 232217.2031250   6.4495461e-24
 233008.4062500   6.3808568e-24
 233799.6093750   6.2930799e-24
 234590.8125000   6.2472853e-24
 235382.0000000   6.1518821e-24
 236173.2031250   6.1060954e-24
 236964.4062500   6.0335873e-24
 237755.6093750   5.9648735e-24
 238546.8125000   5.8923855e-24
 239338.0000000   5.8084195e-24
 240129.2031250   5.7435306e-24
 240920.4062500   5.6710177e-24
 241711.6093750   5.6023470e-24
 242502.8125000   5.5489162e-24
 243294.0000000   5.4916524e-24
 244085.2031250   5.4420489e-24
 244876.4062500   5.3695439e-24
 245667.6093750   5.3199218e-24
 246458.8125000   5.2436066e-24
 247250.0000000   5.1749043e-24
 248041.2031250   5.1176551e-24
 248832.4062500   5.0642405e-24
 249623.6093750   5.0031815e-24
 250414.8125000   4.9611924e-24
 251206.0000000   4.8963192e-24
 251997.2031250   4.8581490e-24
 252788.4062500   4.7894672e-24
 253975.2031250   4.7131374e-24
 255557.6093750   4.6024539e-24
 257140.0000000   4.5032409e-24
 258722.4062500   4.4001912e-24
 260304.8125000   4.3086107e-24
 261887.2031250   4.2093862e-24
 263469.5937500   4.1216140e-24
 265052.0000000   4.0338292e-24
 266634.4062500   3.9422484e-24
 268216.8125000   3.8582836e-24
 269799.2187500   3.7727920e-24
 271381.5937500   3.6953239e-24
 272964.0000000   3.6132847e-24
 274546.4062500   3.5373363e-24
 276128.8125000   3.4621476e-24
 277711.2187500   3.3877391e-24
 279293.5937500   3.3190372e-24
 280876.0000000   3.2480610e-24
 282458.4062500   3.1816470e-24
 284040.8125000   3.1144840e-24
 285623.2187500   3.0507612e-24
 287205.5937500   2.9873973e-24
 288788.0000000   2.9267246e-24
 290370.4062500   2.8660502e-24
 291952.8125000   2.8088041e-24
 293535.2187500   2.7488836e-24
 295117.5937500   2.6897337e-24
 296700.0000000   2.6359166e-24
 298282.4062500   2.5870703e-24
 299864.8125000   2.5374575e-24
 301447.2187500   2.4870911e-24
 303029.5937500   2.4382387e-24
 304612.0000000   2.3901568e-24
 306194.4062500   2.3435890e-24
 307776.8125000   2.2981810e-24
 309359.2187500   2.2535242e-24
 310941.5937500   2.2104044e-24
 312524.0000000   2.1676628e-24
 314106.4062500   2.1260645e-24
 315688.8125000   2.0863734e-24
 317271.2187500   2.0455357e-24
 318853.5937500   2.0069953e-24
 320436.0000000   1.9699768e-24
 322018.4062500   1.9325796e-24
 323600.8125000   1.8974671e-24
 325183.2187500   1.8623541e-24
 326765.5937500   1.8276262e-24
 328348.0000000   1.7944282e-24
 329930.4062500   1.7608432e-24
 331512.8125000   1.7291697e-24
 333095.2187500   1.6982525e-24
 334677.5937500   1.6677267e-24
 336260.0000000   1.6375771e-24
 337842.4062500   1.6085730e-24
 339424.8125000   1.5799506e-24
 341007.2187500   1.5520898e-24
 342589.5937500   1.5249948e-24
 344172.0000000   1.4982808e-24
 345754.4062500   1.4719506e-24
 347336.8125000   1.4463817e-24
 348919.2187500   1.4208076e-24
 350501.5937500   1.3963847e-24
 352084.0000000   1.3723452e-24
 353666.4062500   1.3490634e-24
 355248.8125000   1.3254021e-24
 356831.2187500   1.3036493e-24
 358413.5937500   1.2818988e-24
 359996.0000000   1.2593823e-24
 361578.4062500   1.2387727e-24
 363160.8125000   1.2185488e-24
 364743.2187500   1.1987023e-24
 366325.5937500   1.1784750e-24
 367908.0000000   1.1593932e-24
 369490.4062500   1.1399293e-24
 371072.8125000   1.1216146e-24
 372655.2187500   1.1032935e-24
 374237.5937500   1.0853576e-24
 375820.0000000   1.0678023e-24
 377402.4062500   1.0506278e-24
 378984.8125000   1.0342201e-24
 380567.2187500   1.0174250e-24
 382149.5937500   1.0013994e-24
 383732.0000000   9.8575181e-25
 385314.4062500   9.6934350e-25
 386896.8125000   9.5445661e-25
 388479.2187500   9.3995518e-25
 390061.5937500   9.2507273e-25
 391644.0000000   9.1095379e-25
 393226.4062500   8.9683368e-25
 394808.8125000   8.8309143e-25
 396391.2187500   8.6935351e-25
 791200.0000000   5.8504057e-26
1582400.0000000   3.7609633e-27
2373600.0000000   7.4761341e-28
3164800.0000000   2.3684013e-28
3956000.0000000   9.6972246e-29
4747200.0000000   4.6711610e-29
5538400.0000000   2.5195234e-29
6329600.0000000   1.4749986e-29
