    326.6900024   4.6990172e-23
    337.4599915   5.3357580e-23
    344.6399841   5.6818571e-23
    351.8199768   2.9973433e-22
    359.0000000   8.2232825e-22
    366.1799927   8.9154702e-22
    373.3599854   8.4706354e-22
    380.5399780   8.6093306e-22
    387.7200012   8.7823660e-22
    394.8999939   1.0020364e-21
    409.2599792   1.0393053e-21
    423.6199951   1.0095768e-21
    434.3899841   1.2768070e-21
    448.7500000   1.3256163e-21
    455.9299927   1.3533527e-21
    459.5199890   1.3755361e-21
    470.2899780   1.3267288e-21
    473.8799744   1.3722115e-21
    481.0599976   1.3111988e-21
    491.8299866   1.4576294e-21
    502.5999756   1.4609556e-21
    513.3699951   1.8458794e-21
    527.7299805   2.3018051e-21
    542.0899658   2.0621942e-21
    556.4500122   2.3262159e-21
    570.8099976   2.3350903e-21
    581.5799561   2.3395251e-21
    595.9400024   2.3539436e-21
    610.2999878   2.3528375e-21
    621.0700073   1.9379582e-21
    635.4299927   2.3705845e-21
    646.2000122   2.3750240e-21
    653.3800049   2.3750240e-21
    667.7399902   2.3794612e-21
    685.6900024   2.3816776e-21
    696.4599609   2.3972086e-21
    710.8200073   2.3905536e-21
    725.1799927   2.3994207e-21
    735.9500122   2.3972086e-21
    753.8999634   2.3239900e-21
    775.4400024   2.3960928e-21
    789.7999878   2.4049697e-21
    800.5700073   2.3761298e-21
    814.9299927   2.4116332e-21
    825.6999512   3.0250752e-21
    840.0599976   4.5259591e-21
    861.5999756   4.9386221e-21
    883.1399536   4.6069396e-21
    904.6799927   4.7555914e-21
    922.6300049   4.2719589e-21
    933.3999634   4.3929850e-21
    947.7599487   5.3465251e-21
    965.7099609   5.2990709e-21
    983.6599731   5.1977679e-21
   1001.6099854   4.3567482e-21
   1019.5599976   4.9860892e-21
   1041.0999756   4.9612968e-21
   1062.6400146   4.4054472e-21
   1080.5899658   3.9101038e-21
   1105.7199707   4.0277359e-21
   1141.6199951   3.7354612e-21
   1177.5200195   3.6376588e-21
   1213.4199219   3.2492137e-21
   1249.3199463   2.8967475e-21
   1281.6300049   3.6845601e-21
   1313.9399414   5.3198005e-21
   1346.2500000   4.9917418e-21
   1382.1500244   3.7690125e-21
   1418.0499268   5.3196369e-21
   1453.9499512   6.2727105e-21
   1486.2600098   5.9716309e-21
   1514.9799805   5.2242926e-21
   1543.6999512   4.8165051e-21
   1583.1899414   5.3680536e-21
   1619.0899658   5.2560292e-21
   1651.3999023   4.4640316e-21
   1687.2999268   4.3827329e-21
   1723.1999512   4.7637226e-21
   1759.0999756   3.9003961e-21
   1795.0000000   4.6739683e-21
   1816.5399170   3.9568847e-21
   1838.0799561   6.1332890e-21
   1866.7999268   5.7088714e-21
   1902.6999512   5.1458450e-21
   1938.5999756   4.1402789e-21
   1974.5000000   3.9403233e-21
   2010.3999023   5.0949556e-21
   2046.2999268   5.6237885e-21
   2082.1999512   5.4300114e-21
   2118.0998535   5.4776042e-21
   2154.0000000   4.5602576e-21
   2189.8999023   4.4083306e-21
   2225.8000488   5.5954079e-21
   2261.6999512   5.2737643e-21
   2297.5998535   5.8467787e-21
   2333.5000000   5.6677757e-21
   2362.2199707   5.2421283e-21
   2387.3498535   5.9824194e-21
   2423.2500000   6.3970417e-21
   2459.1499023   5.5833548e-21
   2495.0500488   6.6464875e-21
   2530.9499512   5.5091852e-21
   2570.4399414   7.3216535e-21
   2606.3398438   7.6687745e-21
   2638.6499023   7.9778597e-21
   2674.5500488   8.0518140e-21
   2710.4499512   8.3871599e-21
   2746.3498535   7.9288186e-21
   2782.2500000   9.3686751e-21
   2818.1499023   9.1212600e-21
   2854.0500488   1.0492620e-20
   2889.9499512   1.1547679e-20
   2925.8498535   1.2557084e-20
   2961.7500000   1.3864411e-20
   2997.6499023   1.2023234e-20
   3033.5500488   1.6283314e-20
   3069.4499512   1.7652708e-20
   3105.3498535   2.0297838e-20
   3141.2500000   2.2719362e-20
   3177.1499023   2.5515916e-20
   3213.0498047   2.8833064e-20
   3248.9499512   3.2051355e-20
   3284.8498535   3.5243384e-20
   3320.7500000   1.0291536e-19
   3356.6499023   1.7482584e-19
   3392.5498047   2.4201108e-19
   3428.4499512   2.9672189e-19
   3464.3498535   3.1400820e-19
   3500.2500000   1.3567866e-19
   3536.1499023   2.6517635e-19
   3572.0498047   2.5333908e-19
   3607.9499512   3.1217801e-19
   3643.8498535   3.1513971e-19
   3679.7500000   2.1714052e-19
   3715.6499023   3.0965051e-19
   3751.5498047   4.1851790e-19
   3787.4499512   3.9784048e-19
   3823.3498535   3.3124815e-19
   3859.2500000   3.5997546e-19
   3895.1499023   3.1078543e-19
   3931.0498047   3.5999446e-19
   3966.9499512   3.4016756e-19
   4002.8498535   3.2766560e-19
   4038.7500000   2.8527112e-19
   4074.6499023   3.3463315e-19
   4110.5498047   3.1211223e-19
   4146.4497070   3.1031355e-19
   4182.3500977   3.0256863e-19
   4218.2500000   2.0480688e-19
   4254.1499023   2.8062001e-19
   4290.0498047   2.3365267e-19
   4325.9497070   1.9634020e-19
   4361.8500977   1.5717755e-19
   4397.7500000   2.9619975e-19
   4433.6499023   3.5986640e-19
   4469.5498047   3.7125311e-19
   4505.4497070   3.5829569e-19
   4541.3500977   3.3787167e-19
   4577.2500000   3.8408832e-19
   4613.1499023   3.9071682e-19
   4649.0498047   3.3236440e-19
   4684.9497070   3.2999215e-19
   4720.8500977   3.7800528e-19
   4756.7500000   3.6040893e-19
   4792.6499023   3.3331892e-19
   4828.5498047   3.6383935e-19
   4864.4497070   3.5180286e-19
   4900.3500977   3.2320782e-19
   4936.2500000   3.2428130e-19
   4972.1499023   3.2054453e-19
   5008.0498047   2.4977616e-19
   5043.9497070   2.4478071e-19
   5079.8500977   2.9556564e-19
   5115.7500000   2.8921711e-19
   5151.6499023   2.9553840e-19
   5176.7797852   3.0130625e-19
   5194.7299805   3.0214108e-19
   5223.4497070   2.9119265e-19
   5259.3500977   2.7288177e-19
   5295.2500000   2.7348406e-19
   5331.1499023   2.7550936e-19
   5367.0498047   2.7335677e-19
   5402.9497070   2.5883296e-19
   5428.0800781   2.3646576e-19
   5446.0297852   2.4610875e-19
   5474.7500000   2.4049382e-19
   5510.6499023   2.0742294e-19
   5546.5498047   1.9753811e-19
   5582.4497070   1.9305252e-19
   5618.3500977   2.0885076e-19
   5654.2500000   2.2117328e-19
   5690.1499023   2.2664550e-19
   5726.0498047   2.2763806e-19
   5761.9497070   2.2119663e-19
   5797.8500977   2.1770295e-19
   5833.7500000   2.1097295e-19
   5869.6499023   2.2043725e-19
   5905.5498047   2.2066488e-19
   5941.4497070   2.1135040e-19
   5977.3500977   2.2039951e-19
   6002.4799805   2.0016590e-19
   6020.4296875   2.2566617e-19
   6049.1499023   2.2632618e-19
   6085.0498047   2.1419392e-19
   6120.9497070   2.0710617e-19
   6156.8496094   1.9575643e-19
   6192.7500000   1.9215249e-19
   6228.6499023   2.0175986e-19
   6264.5498047   1.9724941e-19
   6300.4497070   2.0315406e-19
   6336.3496094   1.9179754e-19
   6372.2500000   1.8969988e-19
   6408.1499023   1.9268490e-19
   6444.0498047   1.9858541e-19
   6479.9497070   1.9729014e-19
   6515.8496094   1.8275523e-19
   6551.7500000   1.8505873e-19
   6587.6499023   1.7943242e-19
   6623.5498047   1.6622702e-19
   6659.4497070   1.6637090e-19
   6695.3496094   1.6888645e-19
   6731.2500000   1.7660771e-19
   6767.1499023   1.6277595e-19
   6803.0498047   1.5587968e-19
   6838.9497070   1.6396699e-19
   6874.8496094   1.5688309e-19
   6910.7500000   1.5116638e-19
   6946.6499023   1.5725006e-19
   6982.5498047   1.6106428e-19
   7018.4497070   1.4867690e-19
   7061.5297852   1.5982974e-19
   7093.8398438   1.6346008e-19
   7122.5600586   1.5480856e-19
   7162.0498047   1.5038963e-19
   7197.9497070   1.5403270e-19
   7233.8496094   1.4987795e-19
   7269.7500000   1.5416670e-19
   7305.6499023   1.4504771e-19
   7341.5498047   1.4786749e-19
   7377.4497070   1.3395686e-19
   7413.3496094   1.3778640e-19
   7445.6596680   1.4980032e-19
   7460.0200195   1.4126680e-19
   7485.1499023   1.4535826e-19
   7521.0498047   1.3777550e-19
   7556.9497070   1.3893853e-19
   7592.8496094   1.3973342e-19
   7628.7500000   1.4006643e-19
   7664.6499023   1.3329664e-19
   7700.5498047   1.3270493e-19
   7736.4497070   1.3636146e-19
   7772.3496094   1.3236093e-19
   7808.2500000   1.3131351e-19
   7844.1499023   1.2795352e-19
   7880.0498047   1.3180521e-19
   7915.9497070   1.2882808e-19
   7951.8496094   1.2372003e-19
   7987.7500000   1.2045855e-19
   8023.6499023   1.2396152e-19
   8059.5498047   1.2023710e-19
   8095.4497070   1.1604875e-19
   8131.3496094   1.1761472e-19
   8167.2500000   1.1853152e-19
   8203.1494141   1.1907624e-19
   8239.0498047   1.1207124e-19
   8274.9501953   1.1288186e-19
   8310.8496094   1.0894015e-19
   8346.7500000   9.2265768e-20
   8382.6494141   1.0317195e-19
   8418.5498047   1.0124896e-19
   8454.4501953   1.0445860e-19
   8490.3496094   9.9172596e-20
   8526.2500000   9.9576739e-20
   8562.1494141   9.4458934e-20
   8598.0498047   9.7749516e-20
   8633.9501953   9.4685704e-20
   8669.8496094   9.5266339e-20
   8705.7500000   9.7717747e-20
   8741.6494141   9.4183877e-20
   8777.5498047   9.6916810e-20
   8813.4501953   9.5346279e-20
   8849.3496094   9.4246762e-20
   8885.2500000   9.1557753e-20
   8921.1494141   9.2135383e-20
   8957.0498047   8.1482538e-20
   8992.9501953   9.2289678e-20
   9021.6699219   8.5452539e-20
   9039.6201172   8.8155998e-20
   9064.7500000   8.5737852e-20
   9100.6494141   8.5774384e-20
   9136.5498047   8.3859079e-20
   9172.4501953   8.6532643e-20
   9208.3496094   8.5021662e-20
   9244.2500000   8.7293759e-20
   9280.1494141   8.6204537e-20
   9316.0498047   8.4955223e-20
   9351.9501953   8.2840710e-20
   9387.8496094   8.1505085e-20
   9423.7500000   8.2999490e-20
   9459.6494141   8.3432202e-20
   9495.5498047   8.6472615e-20
   9531.4501953   8.6408082e-20
   9567.3496094   8.1228852e-20
   9603.2500000   8.2792339e-20
   9639.1494141   8.2273277e-20
   9675.0498047   7.9358202e-20
   9710.9501953   7.9845896e-20
   9746.8496094   7.7447260e-20
   9782.7500000   7.7234972e-20
   9818.6494141   7.8641748e-20
   9854.5498047   7.2656294e-20
   9890.4501953   7.2882244e-20
   9926.3496094   7.3722472e-20
   9962.2500000   7.5519289e-20
   9998.1494141   7.3129448e-20
  10034.0498047   6.4265245e-20
  10069.9501953   6.6873623e-20
  10105.8496094   7.3422942e-20
  10141.7500000   7.4280819e-20
  10177.6494141   7.1498681e-20
  10213.5498047   7.0522246e-20
  10249.4501953   6.9129733e-20
  10285.3496094   7.1657435e-20
  10321.2500000   7.0704284e-20
  10357.1494141   7.0432174e-20
  10393.0498047   6.9431563e-20
  10446.8994141   7.1617478e-20
  10518.7001953   6.9517609e-20
  10590.5000000   6.7987390e-20
  10662.2998047   6.7787632e-20
  10734.0996094   6.6960613e-20
  10805.8994141   6.6426358e-20
  10877.7001953   6.5720346e-20
  10949.5000000   6.4903725e-20
  11021.2998047   6.4228849e-20
  11093.0996094   6.3557082e-20
  11164.8994141   6.2712226e-20
  11236.7001953   6.1499315e-20
  11308.5000000   6.1141133e-20
  11380.2998047   6.0226743e-20
  11452.0996094   5.7954187e-20
  11523.8994141   5.8293440e-20
  11595.7001953   5.6558901e-20
  11667.5000000   5.7257196e-20
  11739.2998047   5.7265494e-20
  11811.0996094   5.6538784e-20
  11882.8994141   5.5943511e-20
  11954.7001953   5.4975354e-20
  12026.5000000   5.3900947e-20
  12098.2998047   5.2405627e-20
  12170.0996094   5.2084623e-20
  12241.8994141   5.1753541e-20
  12313.6992188   5.1040479e-20
  12385.5000000   5.0613679e-20
  12457.2998047   5.0072212e-20
  12529.0996094   4.9884549e-20
  12600.8994141   4.9849723e-20
  12672.6992188   4.8783280e-20
  12744.5000000   4.9035667e-20
  12816.2998047   4.6717723e-20
  12888.0996094   4.6043707e-20
  12959.8994141   4.6383461e-20
  13031.6992188   4.6274606e-20
  13067.5996094   4.6172291e-20
  13103.5000000   4.7112708e-20
  13175.2998047   4.6173303e-20
  13247.0996094   4.3464089e-20
  13318.8994141   4.5816368e-20
  13390.6992188   4.4418352e-20
  13462.5000000   5.0869284e-20
  13534.2998047   5.2565370e-20
  13606.0996094   5.8255817e-20
  13677.8994141   6.3212173e-20
  13749.6992188   5.2153751e-20
  13821.5000000   6.4864402e-20
  13893.2998047   6.8552871e-20
  13965.0996094   5.0335921e-20
  14036.8994141   6.9224212e-20
  14108.6992188   6.0504578e-20
  14180.5000000   6.5684564e-20
  14252.2998047   4.4615227e-20
  14324.0996094   6.7758461e-20
  14395.8994141   7.1918171e-20
  14467.6992188   7.0949711e-20
  14539.5000000   7.0480448e-20
  14611.2998047   6.7684700e-20
  14683.0996094   6.1454220e-20
  14754.8994141   5.2161308e-20
  14826.6992188   6.5376905e-20
  14898.5000000   6.6858353e-20
  14970.2998047   6.6482684e-20
  15042.0996094   6.5903883e-20
  15113.8994141   6.5796880e-20
  15185.6992188   6.4648824e-20
  15257.5000000   6.4511835e-20
  15329.2998047   6.2388618e-20
  15401.0996094   6.1710349e-20
  15472.8994141   5.7964371e-20
  15544.6992188   5.3261355e-20
  15616.5000000   4.8140732e-20
  15688.2998047   6.0699405e-20
  15760.0996094   5.9613065e-20
  15831.8994141   5.9983887e-20
  15903.6992188   6.0132651e-20
  15975.5000000   6.0174656e-20
  16047.2998047   5.9955970e-20
  16119.0996094   5.9813947e-20
  16190.8994141   6.1953385e-20
  16262.6992188   5.8920437e-20
  16334.5000000   5.8584227e-20
  16406.2988281   6.0085663e-20
  16478.0996094   5.8133394e-20
  16549.9003906   5.8483453e-20
  16621.6992188   5.6936225e-20
  16693.5000000   5.6956730e-20
  16765.2988281   5.7218733e-20
  16837.0996094   5.5970297e-20
  16908.9003906   5.4324208e-20
  16980.6992188   5.5612561e-20
  17052.5000000   5.5806335e-20
  17124.2988281   5.5408997e-20
  17196.0996094   5.4691424e-20
  17267.9003906   5.3634113e-20
  17339.6992188   5.2974184e-20
  17411.5000000   4.6456858e-20
  17483.2988281   4.0286555e-20
  17555.0996094   5.0438821e-20
  17626.9003906   5.1135611e-20
  17698.6992188   5.0250660e-20
  17770.5000000   5.1335653e-20
  17842.2988281   5.0683301e-20
  17914.0996094   4.8671779e-20
  17985.9003906   4.6863423e-20
  18057.6992188   4.8025641e-20
  18129.5000000   4.7420975e-20
  18201.2988281   4.8398935e-20
  18273.0996094   4.6938813e-20
  18344.9003906   4.7013288e-20
  18416.6992188   4.5912049e-20
  18488.5000000   4.4829913e-20
  18560.2988281   4.3339240e-20
  18632.0996094   4.3549117e-20
  18703.9003906   4.4128438e-20
  18775.6992188   4.4494107e-20
  18847.5000000   4.5073524e-20
  18919.2988281   4.2375577e-20
  18991.0996094   4.4666793e-20
  19062.9003906   4.5187891e-20
  19134.6992188   4.2683395e-20
  19206.5000000   4.4187203e-20
  19278.2988281   4.3861798e-20
  19350.0996094   4.3000810e-20
  19421.9003906   4.2285599e-20
  19493.6992188   4.2368508e-20
  19565.5000000   4.2821402e-20
  19637.2988281   4.1823496e-20
  19709.0996094   4.1653016e-20
  19780.9003906   4.1268267e-20
  19852.6992188   4.1448272e-20
  19924.5000000   4.1618639e-20
  19996.2988281   4.1009544e-20
  20068.0996094   4.0175952e-20
  20139.9003906   4.0716479e-20
  20211.6992188   4.0175070e-20
  20283.5000000   4.0091699e-20
  20355.2988281   3.9413618e-20
  20427.0996094   3.9876057e-20
  20498.9003906   3.9109969e-20
  20570.6992188   4.0508511e-20
  20642.5000000   3.9293674e-20
  20714.2988281   3.9424523e-20
  20786.0996094   3.8433635e-20
  20857.9003906   3.9022808e-20
  20929.6992188   3.9397524e-20
  21001.5000000   3.8484310e-20
  21073.2988281   3.8136865e-20
  21145.0996094   3.6237380e-20
  21216.9003906   3.7578230e-20
  21288.6992188   3.7425716e-20
  21360.5000000   3.7224252e-20
  21432.2988281   3.7413389e-20
  21504.0996094   3.6772372e-20
  21575.9003906   3.6346242e-20
  21647.6992188   3.6701219e-20
  21719.5000000   3.6841397e-20
  21791.2988281   3.6707991e-20
  21863.0996094   3.5773594e-20
  21934.9003906   3.5688853e-20
  22006.6992188   3.4500017e-20
  22078.5000000   3.4512896e-20
  22150.2988281   3.3695144e-20
  22222.0996094   3.4538523e-20
  22293.9003906   3.4238582e-20
  22365.6992188   3.3440101e-20
  22437.5000000   3.2514263e-20
  22509.2988281   3.3445830e-20
  22581.0996094   3.3683308e-20
  22652.9003906   3.3011534e-20
  22724.6992188   3.3180580e-20
  22796.5000000   3.2919168e-20
  22868.2988281   3.2755625e-20
  22940.0996094   3.3051863e-20
  23011.9003906   3.2477444e-20
  23083.6992188   3.2597479e-20
  23155.5000000   3.2384861e-20
  23227.2988281   3.2230912e-20
  23299.0996094   3.1577840e-20
  23370.9003906   3.1961955e-20
  23442.6992188   3.1572986e-20
  23514.5000000   2.9862664e-20
  23586.2988281   2.6722814e-20
  23658.0996094   3.0689541e-20
  23729.9003906   3.1328228e-20
  23801.6992188   3.1085913e-20
  23873.5000000   3.0872852e-20
  23945.2988281   3.0287577e-20
  24017.0996094   3.0622759e-20
  24088.9003906   2.9851391e-20
  24160.6992188   3.0245439e-20
  24232.5000000   2.9777410e-20
  24304.2988281   2.9936332e-20
  24376.0996094   2.9526981e-20
  24447.9003906   2.9548775e-20
  24519.6992188   2.9580328e-20
  24591.5000000   2.9014077e-20
  24663.2988281   2.9280720e-20
  24735.0996094   2.9371006e-20
  24806.8984375   2.9186738e-20
  24878.6992188   2.8914347e-20
  24950.5000000   2.8622362e-20
  25022.2988281   2.8702676e-20
  25094.0996094   2.8606655e-20
  25165.8984375   2.8039949e-20
  25237.6992188   2.8228130e-20
  25309.5000000   2.8073095e-20
  25381.2988281   2.7574906e-20
  25453.0996094   2.7027568e-20
  25524.8984375   2.6607579e-20
  25596.6992188   2.6177785e-20
  25668.5000000   2.6002930e-20
  25740.2988281   2.6073260e-20
  25812.0996094   2.5810080e-20
  25883.8984375   2.6106143e-20
  25955.6992188   2.6421730e-20
  26027.5000000   2.6315418e-20
  26099.2988281   2.6199408e-20
  26171.0996094   2.5808492e-20
  26242.8984375   2.6212530e-20
  26314.6992188   2.6116006e-20
  26386.5000000   2.6029211e-20
  26458.2988281   2.6580483e-20
  26530.0996094   2.5796820e-20
  26601.8984375   2.5906382e-20
  26673.6992188   2.6153423e-20
  26745.5000000   2.5988089e-20
  26817.2988281   2.6136889e-20
  26889.0996094   2.5902742e-20
  26960.8984375   2.6149863e-20
  27032.6992188   2.6239712e-20
  27104.5000000   2.6280539e-20
  27176.2988281   2.5977589e-20
  27248.0996094   2.5546977e-20
  27319.8984375   2.5450220e-20
  27391.6992188   2.5255256e-20
  27463.5000000   2.4765489e-20
  27535.2988281   2.4187294e-20
  27607.0996094   2.4640615e-20
  27678.8984375   2.4111355e-20
  27750.6992188   2.4191330e-20
  27822.5000000   2.4006011e-20
  27894.2988281   2.4007276e-20
  27966.0996094   2.4215036e-20
  28037.8984375   2.4098440e-20
  28109.6992188   2.3952301e-20
  28181.5000000   2.3668602e-20
  28253.2988281   2.3483058e-20
  28325.0996094   2.2953546e-20
  28396.8984375   2.2532054e-20
  28468.6992188   2.2788813e-20
  28540.5000000   2.2396791e-20
  28612.2988281   2.2761708e-20
  28684.0996094   2.2841620e-20
  28755.8984375   2.3098460e-20
  28827.6992188   2.2932485e-20
  28899.5000000   2.2717367e-20
  28971.2988281   2.2620099e-20
  29043.0996094   2.2208242e-20
  29114.8984375   2.2120826e-20
  29186.6992188   2.2446519e-20
  29258.5000000   2.2575538e-20
  29330.2988281   2.2547200e-20
  29402.0996094   2.1977703e-20
  29473.8984375   2.2018183e-20
  29545.6992188   2.2009481e-20
  29617.5000000   2.2030177e-20
  29689.2988281   2.2080449e-20
  29761.0996094   2.2012672e-20
  29832.8984375   2.1324871e-20
  29904.6992188   2.1316070e-20
  29976.5000000   2.1258107e-20
  30048.2988281   2.1249239e-20
  30120.0996094   2.0925474e-20
  30191.8984375   2.1202071e-20
  30263.6992188   2.0750312e-20
  30335.5000000   2.0514987e-20
  30407.2988281   2.0368293e-20
  30479.0996094   2.0654753e-20
  30550.8984375   1.9769605e-20
  30622.6992188   2.0745300e-20
  30694.5000000   1.8934529e-20
  30766.2988281   2.1003182e-20
  30838.0996094   2.0285359e-20
  30909.8984375   2.0256692e-20
  30981.6992188   2.1212876e-20
  31053.5000000   2.0918398e-20
  31125.2988281   1.8703277e-20
  31197.0996094   2.0516428e-20
  31268.8984375   2.1236365e-20
  31340.6992188   2.0715257e-20
  31412.5000000   1.9307541e-20
  31484.2988281   2.0579237e-20
  31556.0996094   2.1249986e-20
  31627.8984375   2.0413519e-20
  31699.6992188   2.0729636e-20
  31771.5000000   2.0178822e-20
  31843.2988281   1.9214068e-20
  31915.0996094   2.0082015e-20
  31986.8984375   2.0477001e-20
  32058.6992188   2.0261141e-20
  32130.5000000   2.0409842e-20
  32202.2988281   2.0282507e-20
  32274.0996094   1.9977859e-20
  32345.8984375   1.8657991e-20
  32417.6992188   1.9427558e-20
  32489.5000000   2.0187332e-20
  32561.2988281   2.0227623e-20
  32633.0996094   1.9666555e-20
  32704.8984375   1.9795498e-20
  32776.6992188   2.0032948e-20
  32848.5000000   1.9925285e-20
  32920.3007812   1.9758497e-20
  32992.0976562   1.9680378e-20
  33063.8984375   1.8547288e-20
  33135.6992188   1.7670392e-20
  33207.5000000   1.8312079e-20
  33279.3007812   1.8845346e-20
  33351.0976562   1.9033494e-20
  33422.8984375   1.8876407e-20
  33494.6992188   1.8936360e-20
  33566.5000000   1.8769439e-20
  33638.3007812   1.8681360e-20
  33710.0976562   1.8839883e-20
  33781.8984375   1.8367172e-20
  33853.6992188   1.8742748e-20
  33925.5000000   1.8072630e-20
  33997.3007812   1.8566604e-20
  34069.0976562   1.8478506e-20
  34140.8984375   1.8222706e-20
  34212.6992188   1.8045743e-20
  34284.5000000   1.6990715e-20
  34356.3007812   1.7908997e-20
  34428.0976562   1.8225427e-20
  34499.8984375   1.8137274e-20
  34571.6992188   1.8167570e-20
  34643.5000000   1.7842578e-20
  34715.3007812   1.7902470e-20
  34787.0976562   1.7991931e-20
  34858.8984375   1.7884000e-20
  34930.6992188   1.7726745e-20
  35002.5000000   1.7421421e-20
  35074.3007812   1.7668762e-20
  35146.0976562   1.7353534e-20
  35217.8984375   1.7798437e-20
  35289.6992188   1.7769381e-20
  35361.5000000   1.7602232e-20
  35433.3007812   1.7316532e-20
  35505.0976562   1.7238150e-20
  35576.8984375   1.7219007e-20
  35648.6992188   1.7397335e-20
  35720.5000000   1.7348580e-20
  35792.3007812   1.7319574e-20
  35864.0976562   1.7300418e-20
  35989.7500000   1.6748672e-20
  36169.2500000   1.6315742e-20
  36348.7500000   1.6623505e-20
  36528.2500000   1.6249737e-20
  36707.7500000   1.6271019e-20
  36887.2500000   1.6282456e-20
  37066.7500000   1.6224708e-20
  37246.2500000   1.5959405e-20
  37425.7500000   1.5713753e-20
  37605.2500000   1.5596595e-20
  37784.7500000   1.5410239e-20
  37964.2500000   1.5362195e-20
  38143.7500000   1.5254758e-20
  38323.2500000   1.4939625e-20
  38502.7500000   1.4960767e-20
  38682.2500000   1.4952096e-20
  38861.7500000   1.4538063e-20
  39041.2500000   1.4153569e-20
  39220.7500000   1.3689791e-20
  39400.2500000   1.3582115e-20
  39579.7500000   1.3612929e-20
  39759.2500000   1.3307320e-20
  39938.7500000   1.3496370e-20
  40118.2500000   1.3517251e-20
  40297.7500000   1.3508409e-20
  40477.2500000   1.3271951e-20
  40656.7500000   1.3084951e-20
  40836.2500000   1.2818751e-20
  41015.7500000   1.2621664e-20
  41195.2500000   1.2761231e-20
  41374.7500000   1.2960157e-20
  41554.2500000   1.2832495e-20
  41733.7500000   1.2684903e-20
  41913.2500000   1.2487734e-20
  42092.7500000   1.2320276e-20
  42272.2500000   1.2301353e-20
  42451.7500000   1.2123929e-20
  42631.2500000   1.1986118e-20
  42810.7500000   1.1838377e-20
  42990.2500000   1.1472611e-20
  43169.7500000   1.1849874e-20
  43349.2500000   1.1424693e-20
  43528.7500000   1.1583946e-20
  43708.2500000   1.1545091e-20
  43887.7500000   1.1565748e-20
  44067.2500000   1.1417771e-20
  44246.7500000   1.1180626e-20
  44426.2500000   1.1260655e-20
  44605.7500000   1.1033409e-20
  44785.2500000   1.0835849e-20
  44964.7500000   1.0836514e-20
  45144.2500000   1.0728169e-20
  45323.7500000   1.0937064e-20
  45503.2500000   1.0521230e-20
  45682.7500000   1.0730148e-20
  45862.2500000   1.0522524e-20
  46041.7500000   1.0106592e-20
  46221.2500000   1.0236136e-20
  46400.7500000   1.0474802e-20
  46580.2500000   1.0306824e-20
  46759.7500000   1.0416540e-20
  46939.2500000   1.0288191e-20
  47118.7500000   1.0169728e-20
  47298.2500000   1.0051217e-20
  47477.7500000   1.0031989e-20
  47657.2500000   9.8270777e-21
  47836.7500000   9.8276392e-21
  48016.2500000   9.6376477e-21
  48195.7500000   9.8803509e-21
  48375.2500000   9.8461295e-21
  48554.7500000   9.8337703e-21
  48734.2500000   9.5027729e-21
  48913.7500000   9.3712261e-21
  49093.2500000   9.5385234e-21
  49272.7500000   9.3315529e-21
  49452.2500000   9.4402529e-21
  49631.7500000   9.4149132e-21
  49811.2500000   9.3011936e-21
  49990.7500000   9.2183140e-21
  50170.2500000   8.9506217e-21
  50349.7500000   9.0166290e-21
  50529.2500000   8.7697632e-21
  50708.7500000   8.4911205e-21
  50888.2500000   8.5372261e-21
  51067.7500000   8.5842978e-21
  51247.2500000   8.6274599e-21
  51426.7500000   8.5325401e-21
  51606.2500000   8.6282943e-21
  51785.7500000   8.3386050e-21
  51965.2500000   8.3260890e-21
  52144.7500000   8.1108726e-21
  52306.2968750   8.3139213e-21
  52485.7968750   8.2198876e-21
  52683.2500000   8.0772442e-21
  52862.7500000   7.9682648e-21
  53042.2500000   7.9646620e-21
  53221.7500000   8.1111214e-21
  53401.2500000   8.1174287e-21
  53580.7500000   8.2430608e-21
  53760.2500000   8.0863658e-21
  53939.7500000   7.8432038e-21
  54119.2500000   7.9479237e-21
  54298.7500000   7.7514295e-21
  54478.2500000   7.9873602e-21
  54657.7500000   7.8395534e-21
  54837.2500000   8.0397642e-21
  55016.7500000   7.8501993e-21
  55196.2500000   7.6964083e-21
  55375.7500000   7.8607911e-21
  55555.2500000   7.7855136e-21
  55734.7500000   7.6257514e-21
  55914.2500000   7.4102587e-21
  56093.7500000   7.6014756e-21
  56273.2500000   7.6107628e-21
  56452.7500000   7.6787168e-21
  56632.2500000   7.0911399e-21
  56811.7500000   7.2257248e-21
  56991.2500000   7.2329634e-21
  57170.7500000   7.3357188e-21
  57350.2500000   7.3529111e-21
  57619.5000000   7.3533626e-21
  57978.5000000   7.3250301e-21
  58337.5000000   7.0270891e-21
  58696.5000000   7.3032519e-21
  59055.5000000   7.1943444e-21
  59414.5000000   6.9928241e-21
  59773.5000000   6.8211405e-21
  60132.5000000   7.2177955e-21
  60491.5000000   6.7434575e-21
  60850.5000000   6.8593823e-21
  61209.5000000   6.7145255e-21
  61568.5000000   6.7617552e-21
  61927.5000000   6.4874087e-21
  62286.5000000   6.4091622e-21
  62645.5000000   6.3677503e-21
  63004.5000000   6.4159493e-21
  63363.5000000   6.1593916e-21
  63722.5000000   5.9486221e-21
  64081.5000000   6.1362794e-21
  64440.5000000   5.5070321e-21
  64799.5000000   5.5900777e-21
  65158.5000000   5.5764442e-21
  65517.5000000   5.2369964e-21
  65876.5000000   5.0958502e-21
  66235.5000000   5.3183521e-21
  66594.5000000   5.2877719e-21
  66953.5000000   5.0279576e-21
  67312.5000000   4.8319081e-21
  67671.5000000   4.8730385e-21
  68030.5000000   4.7137958e-21
  68389.5000000   5.0350512e-21
  68748.5000000   4.7213167e-21
  69107.5000000   4.7793769e-21
  69466.5000000   4.7686837e-21
  69825.5000000   4.3511647e-21
  70184.5000000   4.4700352e-21
  70543.5000000   4.4283756e-21
  70902.5000000   4.3219298e-21
  71261.5000000   4.0977675e-21
  71620.5000000   4.2605299e-21
  71979.5000000   4.1879371e-21
  72338.5000000   4.2988350e-21
  72697.5000000   4.0646444e-21
  73056.5000000   3.9491416e-21
  73415.5000000   3.8226411e-21
  73774.5000000   3.7569812e-21
  74133.5000000   3.6544080e-21
  74492.5000000   3.5787420e-21
  74851.5000000   3.8163508e-21
  75210.5000000   3.5581178e-21
  75569.5000000   3.5872081e-21
  75928.5000000   3.4686127e-21
  76287.5000000   3.5006897e-21
  76646.5000000   3.4359996e-21
  77005.5000000   3.2984289e-21
  77364.5000000   3.3135436e-21
  77723.5000000   3.2168404e-21
  78082.5000000   3.1012007e-21
  78441.5000000   3.0713945e-21
  78800.5000000   2.9637152e-21
  79159.5000000   2.8340672e-21
  79518.5000000   2.8421568e-21
  79877.5000000   2.8911933e-21
  80236.5000000   2.8503818e-21
  80595.5000000   2.8964169e-21
  80954.5000000   2.7327874e-21
  81313.5000000   2.6879717e-21
  81672.5000000   2.6990794e-21
  82031.5000000   2.6282731e-21
  82390.5000000   2.3577616e-21
  82749.5000000   2.5875567e-21
  83108.5000000   2.6505644e-21
  83467.5000000   2.2681577e-21
  83826.5000000   2.5608985e-21
  84185.5000000   2.3592532e-21
  84544.5000000   2.1605610e-21
  84903.5000000   2.2785213e-21
  85262.5000000   2.2956065e-21
  85621.5000000   1.9949890e-21
  85980.5000000   2.2368381e-21
  86339.5000000   2.1250359e-21
  86698.5000000   1.8523763e-21
  87057.5000000   1.8764162e-21
  87416.5000000   1.8395265e-21
  87775.5000000   1.7696643e-21
  88134.5000000   1.7287505e-21
  88493.5000000   1.7228310e-21
  88852.5000000   1.6529519e-21
  89211.5000000   1.5001098e-21
  89570.5000000   1.4871740e-21
  89929.5000000   1.5122281e-21
  90288.5000000   1.4343235e-21
  90647.5000000   1.4753601e-21
  91006.5000000   1.4724277e-21
  91365.5000000   1.4624899e-21
  91724.5000000   1.4755545e-21
  92083.5000000   1.4736052e-21
  92442.5000000   1.5036651e-21
  92801.5000000   1.4797337e-21
  93160.5000000   1.4777855e-21
  93519.5000000   1.5218423e-21
  93878.5000000   1.4809105e-21
  94237.5000000   1.5039755e-21
  94596.5000000   1.5430286e-21
  94955.5000000   1.4780905e-21
  95314.5000000   1.5161583e-21
  95673.5000000   1.5462170e-21
  96032.5000000   1.4882717e-21
  96391.5000000   1.4163206e-21
  96750.5000000   1.4523958e-21
  97109.5000000   1.4554416e-21
  97468.5000000   1.4264961e-21
  97827.5000000   1.5115908e-21
  98186.5000000   1.4726283e-21
  98545.5000000   1.5287219e-21
  98904.5000000   1.4547450e-21
  99263.5000000   1.4127857e-21
  99622.5000000   1.4268469e-21
  99981.5000000   1.4539274e-21
 100340.5000000   1.4589872e-21
 100699.5000000   1.4080038e-21
 101058.5000000   1.3780454e-21
 101417.5000000   1.3851083e-21
 101776.5000000   1.3101053e-21
 102135.5000000   1.1860442e-21
 102494.5000000   1.2771323e-21
 102853.5000000   1.2971490e-21
 103212.5000000   1.2441040e-21
 103571.5000000   1.2130745e-21
 103930.5000000   1.1580283e-21
 104289.5000000   1.2050670e-21
 104648.5000000   1.1420129e-21
 105007.5000000   1.0759547e-21
 105366.5000000   1.0649446e-21
 105725.5000000   1.0289140e-21
 106084.5000000   9.9768473e-22
 106443.5000000   9.7826820e-22
 106802.5000000   9.6145226e-22
 107161.5000000   9.3703216e-22
 107520.5000000   9.2802213e-22
 107879.5000000   9.1991441e-22
 108238.5000000   9.0690519e-22
 108597.5000000   8.9399362e-22
 108956.5000000   8.7817874e-22
 109315.5000000   8.7507570e-22
 109674.5000000   8.6857044e-22
 110033.5000000   8.6196582e-22
 110392.5000000   8.5626098e-22
 110751.5000000   8.4364784e-22
 111110.5000000   8.3343945e-22
 111469.5000000   8.3073521e-22
 111828.5000000   8.1962759e-22
 112187.5000000   8.1082007e-22
 112546.5000000   8.0070992e-22
 112905.5000000   7.9330332e-22
 113264.5000000   7.8429627e-22
 113623.5000000   7.7378581e-22
 113982.5000000   7.6788180e-22
 114341.5000000   7.6307770e-22
 114700.5000000   7.5967371e-22
 115239.0000000   7.4666116e-22
 115957.0000000   7.3185027e-22
 116675.0000000   7.2454261e-22
 117393.0000000   7.1223199e-22
 118111.0000000   6.9982004e-22
 118829.0000000   6.8881219e-22
 119547.0000000   6.9021124e-22
 120265.0000000   7.0352408e-22
 120983.0000000   6.7810256e-22
 121701.0000000   6.8280639e-22
 122419.0000000   6.9021124e-22
 123137.0000000   7.0352408e-22
 123855.0000000   6.8821048e-22
 124573.0000000   6.7549879e-22
 125291.0000000   6.4407088e-22
 126009.0000000   6.4997570e-22
 126727.0000000   6.3196074e-22
 127445.0000000   5.9692971e-22
 128163.0000000   6.0523716e-22
 128881.0000000   5.8271683e-22
 129599.0000000   5.8041553e-22
 130317.0000000   5.4848739e-22
 131035.0000000   5.3327361e-22
 131753.0000000   5.2216321e-22
 132471.0000000   4.9994430e-22
 133189.0000000   4.8022686e-22
 133907.0000000   4.6701520e-22
 134625.0000000   4.4579582e-22
 135343.0000000   4.3628754e-22
 136061.0000000   4.2747931e-22
 136779.0000000   4.1807149e-22
 137497.0000000   4.0916352e-22
 138215.0000000   4.0325678e-22
 138933.0000000   3.9535146e-22
 139651.0000000   3.8884406e-22
 140369.0000000   3.8243876e-22
 141087.0000000   3.7923581e-22
 141805.0000000   3.7433278e-22
 142523.0000000   3.7072848e-22
 143241.0000000   3.6502374e-22
 143959.0000000   3.6011937e-22
 144677.0000000   3.5701709e-22
 145395.0000000   3.5471493e-22
 146113.0000000   3.5311242e-22
 146831.0000000   3.5281326e-22
 147549.0000000   3.5381409e-22
 148267.0000000   3.4760854e-22
 148985.0000000   3.3449649e-22
 149703.0000000   3.3639844e-22
 150421.0000000   3.3849994e-22
 151139.0000000   3.2959240e-22
 151857.0000000   3.3179414e-22
 152575.0000000   3.2839171e-22
 153293.0000000   3.2608932e-22
 154011.0000000   3.1017455e-22
 154729.0000000   2.9386101e-22
 155447.0000000   2.9215849e-22
 156165.0000000   2.7304243e-22
 156883.0000000   2.6433452e-22
 157601.0000000   2.5782890e-22
 158319.0000000   2.5202405e-22
 159037.0000000   2.5052213e-22
 159755.0000000   2.4351543e-22
 160473.0000000   2.3751072e-22
 161191.0000000   2.4011283e-22
 161909.0000000   2.3450800e-22
 162627.0000000   2.2259701e-22
 163345.0000000   2.1318879e-22
 164063.0000000   2.0568214e-22
 164781.0000000   2.0027757e-22
 165499.0000000   2.0197885e-22
 166217.0000000   1.9897652e-22
 166935.0000000   1.9697501e-22
 167653.0000000   1.9367159e-22
 168371.0000000   1.8696544e-22
 169089.0000000   1.8446395e-22
 169807.0000000   1.8956827e-22
 170525.0000000   1.8486378e-22
 171243.0000000   1.8146118e-22
 171961.0000000   1.7825817e-22
 172679.0000000   1.7375421e-22
 173397.0000000   1.7385420e-22
 174115.0000000   1.7015060e-22
 174833.0000000   1.6744848e-22
 175551.0000000   1.6604752e-22
 176269.0000000   1.6234401e-22
 176987.0000000   1.6104306e-22
 177705.0000000   1.5523746e-22
 178423.0000000   1.5283526e-22
 179141.0000000   1.5213477e-22
 179859.0000000   1.5103366e-22
 180577.0000000   1.4823160e-22
 181295.0000000   1.4392770e-22
 182013.0000000   1.4242612e-22
 182731.0000000   1.4202573e-22
 183449.0000000   1.4072496e-22
 184167.0000000   1.3942387e-22
 184885.0000000   1.3752221e-22
 185603.0000000   1.3752221e-22
 186321.0000000   1.3511969e-22
 187039.0000000   1.3281805e-22
 187757.0000000   1.3071568e-22
 188475.0000000   1.2971489e-22
 189193.0000000   1.2961524e-22
 189911.0000000   1.2731282e-22
 190629.0000000   1.2511119e-22
 191347.0000000   1.2350939e-22
 192065.0000000   1.2130746e-22
 192783.0000000   1.2010674e-22
 193501.0000000   1.1860495e-22
 194219.0000000   1.1770462e-22
 194937.0000000   1.1680345e-22
 195655.0000000   1.1610278e-22
 196373.0000000   1.1440158e-22
 197091.0000000   1.1360050e-22
 197809.0000000   1.1199940e-22
 198527.0000000   1.1259963e-22
 199245.0000000   1.0919690e-22
 199963.0000000   1.1019753e-22
 200681.0000000   1.0739531e-22
 201399.0000000   1.0699467e-22
 202117.0000000   1.0459264e-22
 202835.0000000   1.0439256e-22
 203553.0000000   1.0259089e-22
 204271.0000000   1.0078933e-22
 204989.0000000   9.9728603e-23
 205707.0000000   9.8717625e-23
 206425.0000000   9.7036057e-23
 207143.0000000   9.5474504e-23
 207861.0000000   9.5954977e-23
 208579.0000000   9.4854270e-23
 209297.0000000   9.4373506e-23
 210015.0000000   9.3382766e-23
 210733.0000000   9.2531971e-23
 211451.0000000   9.1110898e-23
 212169.0000000   8.9679349e-23
 212887.0000000   8.8138186e-23
 213605.0000000   8.6997152e-23
 214323.0000000   8.6536817e-23
 215041.0000000   8.5215683e-23
 215759.0000000   8.3824461e-23
 216477.0000000   8.3203873e-23
 217195.0000000   8.2753440e-23
 217913.0000000   8.2353172e-23
 218631.0000000   8.1312021e-23
 219349.0000000   7.9950819e-23
 220067.0000000   7.8919929e-23
 220785.0000000   7.7989288e-23
 221503.0000000   7.6797957e-23
 222221.0000000   7.5266652e-23
 222939.0000000   7.4305945e-23
 223657.0000000   7.3535247e-23
 224375.0000000   7.2964875e-23
 225093.0000000   7.1703708e-23
 225811.0000000   7.0362303e-23
 226529.0000000   6.9371519e-23
 227247.0000000   6.8841001e-23
 227965.0000000   6.8500806e-23
 228683.0000000   6.8180554e-23
 229401.0000000   6.7099562e-23
 230478.0000000   6.5097843e-23
 231914.0000000   6.3316090e-23
 233350.0000000   6.2175265e-23
 234786.0000000   6.0813880e-23
 236222.0000000   5.8752221e-23
 237658.0000000   5.7110532e-23
 239094.0000000   5.6410055e-23
 240530.0000000   5.5439182e-23
 241966.0000000   5.4188143e-23
 243402.0000000   5.2626583e-23
 244838.0000000   5.1795834e-23
 246274.0000000   5.0765061e-23
 247710.0000000   4.8943370e-23
 249146.0000000   4.7802377e-23
 250582.0000000   4.6771513e-23
 252018.0000000   4.5940691e-23
 253454.0000000   4.4879748e-23
 254890.0000000   4.4069175e-23
 256326.0000000   4.3158227e-23
 257762.0000000   4.2507732e-23
 259198.0000000   4.1947111e-23
 260634.0000000   4.1326668e-23
 262070.0000000   4.0425865e-23
 263506.0000000   3.9525077e-23
 264942.0000000   3.8604158e-23
 266378.0000000   3.7853525e-23
 267814.0000000   3.7463209e-23
 269250.0000000   3.6742506e-23
 270686.0000000   3.6172030e-23
 272122.0000000   3.4981078e-23
 273558.0000000   3.4340384e-23
 274994.0000000   3.3349609e-23
 276430.0000000   3.3049252e-23
 277866.0000000   3.2588888e-23
 279302.0000000   3.2058398e-23
 280738.0000000   3.1307734e-23
 282174.0000000   3.0547137e-23
 283610.0000000   3.0056610e-23
 285046.0000000   2.9766426e-23
 286482.0000000   2.9225861e-23
 287918.0000000   2.8785490e-23
 289354.0000000   2.8144942e-23
 290790.0000000   2.7664547e-23
 292226.0000000   2.7094002e-23
 293662.0000000   2.6613655e-23
 295098.0000000   2.5912983e-23
 296534.0000000   2.5472585e-23
 297970.0000000   2.5062226e-23
 299406.0000000   2.4661835e-23
 300842.0000000   2.4391682e-23
 302278.0000000   2.3951250e-23
 303714.0000000   2.3520835e-23
 305150.0000000   2.3110535e-23
 306586.0000000   2.2830288e-23
 308022.0000000   2.2509996e-23
 309458.0000000   2.2149602e-23
 310894.0000000   2.1789331e-23
 312330.0000000   2.1428988e-23
 313766.0000000   2.1188760e-23
 315202.0000000   2.0998663e-23
 316638.0000000   2.0888562e-23
 318074.0000000   2.0598226e-23
 319510.0000000   2.0368026e-23
 320946.0000000   1.9977685e-23
 322382.0000000   1.9627380e-23
 323818.0000000   1.9387156e-23
 325254.0000000   1.8916741e-23
 326690.0000000   1.8556495e-23
 328126.0000000   1.8176108e-23
 329562.0000000   1.7885887e-23
 330998.0000000   1.7745753e-23
 332434.0000000   1.7745753e-23
 333870.0000000   1.7575581e-23
 335306.0000000   1.7145207e-23
 336742.0000000   1.6814930e-23
 338178.0000000   1.6494638e-23
 339614.0000000   1.6264445e-23
 341050.0000000   1.6244386e-23
 342486.0000000   1.6054238e-23
 343922.0000000   1.5764005e-23
 345358.0000000   1.5583791e-23
 346794.0000000   1.5253552e-23
 348230.0000000   1.4923232e-23
 349666.0000000   1.4883174e-23
 351102.0000000   1.4773117e-23
 352538.0000000   1.4562920e-23
 353974.0000000   1.4462851e-23
 355410.0000000   1.4322715e-23
 356846.0000000   1.4012429e-23
 358282.0000000   1.3672125e-23
 359718.0000000   1.3381869e-23
 718000.0000000   6.0623749e-25
1436000.0000000   3.8784460e-26
2154000.0000000   7.6888069e-27
2872000.0000000   2.4321618e-27
3590000.0000000   9.9438199e-28
4308000.0000000   4.7862455e-28
5026000.0000000   2.5782889e-28
5744000.0000000   1.5083346e-28
