    400.0359802   4.3687243e-23
    413.2239990   4.9978191e-23
    422.0159912   5.3457513e-23
    430.8079834   2.9999908e-22
    439.5999756   8.3070249e-22
    448.3919983   9.0099810e-22
    457.1839905   8.5581003e-22
    465.9759827   8.6944074e-22
    474.7680054   8.8737123e-22
    483.5599976   1.0136288e-21
    501.1439819   1.0516475e-21
    518.7279663   1.0215210e-21
    531.9160156   1.2941163e-21
    549.5000000   1.3436109e-21
    558.2919922   1.3723082e-21
    562.6879883   1.3938226e-21
    575.8759766   1.3443310e-21
    580.2719727   1.3909606e-21
    589.0639648   1.3285423e-21
    602.2520142   1.4770395e-21
    615.4400024   1.4806247e-21
    628.6279907   1.8701558e-21
    646.2119751   2.3256647e-21
    663.7959595   2.0817680e-21
    681.3800049   2.3493377e-21
    698.9639893   2.3586629e-21
    712.1519775   2.3622499e-21
    729.7359619   2.3773201e-21
    747.3200073   2.3751704e-21
    760.5079956   1.9519243e-21
    778.0919800   2.3930961e-21
    791.2799683   2.3966932e-21
    800.0719604   2.3966932e-21
    817.6560059   2.4002746e-21
    839.6359863   2.4031437e-21
    852.8239746   2.4174979e-21
    870.4079590   2.4110301e-21
    887.9920044   2.4196436e-21
    901.1799927   2.4167762e-21
    923.1599731   2.2657388e-21
    949.5360107   2.1746695e-21
    967.1199951   2.0828470e-21
    980.3079834   1.9867356e-21
    997.8919678   1.9260709e-21
   1011.0799561   2.3323339e-21
   1028.6639404   3.3289472e-21
   1055.0400391   3.3936930e-21
   1081.4160156   2.9646662e-21
   1107.7919922   2.8709109e-21
   1129.7719727   2.5111150e-21
   1142.9599609   2.5513231e-21
   1160.5439453   3.0856319e-21
   1182.5239258   3.0070350e-21
   1204.5040283   2.8995358e-21
   1226.4840088   2.3633083e-21
   1248.4639893   2.6698302e-21
   1274.8399658   2.6076013e-21
   1301.2159424   2.2558395e-21
   1323.1959229   1.9591728e-21
   1353.9680176   1.9689893e-21
   1397.9279785   1.7560772e-21
   1441.8879395   1.6483054e-21
   1485.8480225   1.4158669e-21
   1529.8079834   1.2195866e-21
   1569.3719482   1.5104430e-21
   1608.9359131   2.1233478e-21
   1648.5000000   1.9279668e-21
   1692.4599609   1.4006893e-21
   1736.4199219   1.9158711e-21
   1780.3800049   2.1842318e-21
   1819.9439697   2.0155619e-21
   1855.1119385   1.7147242e-21
   1890.2799072   1.5388803e-21
   1938.6359863   1.6554223e-21
   1982.5959473   1.5701062e-21
   2022.1599121   1.2953047e-21
   2066.1198730   1.2346007e-21
   2110.0800781   1.3029100e-21
   2154.0400391   1.0362744e-21
   2198.0000000   1.2096752e-21
   2224.3759766   1.0067653e-21
   2250.7519531   1.5358488e-21
   2285.9199219   1.4015015e-21
   2329.8798828   1.2331268e-21
   2373.8398438   9.6916820e-22
   2417.8000488   9.0262187e-22
   2461.7600098   1.1452225e-21
   2505.7199707   1.2426844e-21
   2549.6799316   1.1803389e-21
   2593.6398926   1.1733562e-21
   2637.5998535   9.6464577e-22
   2681.5600586   9.2196115e-22
   2725.5200195   1.1602227e-21
   2769.4799805   1.0862247e-21
   2813.4399414   1.1995599e-21
   2857.3999023   1.1600342e-21
   2892.5678711   1.0727324e-21
   2923.3398438   1.2263218e-21
   2967.3000488   1.3173868e-21
   3011.2600098   1.1573676e-21
   3055.2199707   1.3907957e-21
   3099.1799316   1.1674758e-21
   3147.5358887   1.5765116e-21
   3191.4958496   1.6835400e-21
   3231.0598145   1.7866812e-21
   3275.0200195   1.8471773e-21
   3318.9799805   1.9794369e-21
   3362.9399414   1.9306696e-21
   3406.8999023   2.3639519e-21
   3450.8598633   2.3930436e-21
   3494.8198242   2.8741911e-21
   3538.7800293   3.3664975e-21
   3582.7399902   3.9637380e-21
   3626.6999512   4.7628870e-21
   3670.6599121   4.5167264e-21
   3714.6198730   6.7102523e-21
   3758.5798340   8.0242093e-21
   3802.5400391   1.0220550e-20
   3846.5000000   1.2743872e-20
   3890.4599609   1.6013188e-20
   3934.4199219   2.0366419e-20
   3978.3798828   2.5599770e-20
   4022.3398438   3.2409909e-20
   4066.2998047   1.2674046e-19
   4110.2597656   2.4180076e-19
   4154.2197266   3.5907393e-19
   4198.1796875   4.7835989e-19
   4242.1401367   5.1226659e-19
   4286.1000977   2.5679944e-19
   4330.0600586   4.8980792e-19
   4374.0200195   4.7434522e-19
   4417.9799805   5.8741911e-19
   4461.9399414   6.0928309e-19
   4505.8999023   4.4386961e-19
   4549.8598633   7.3368801e-19
   4593.8198242   9.7515413e-19
   4637.7797852   9.3647278e-19
   4681.7397461   7.9757939e-19
   4725.6997070   8.7044940e-19
   4769.6596680   7.7162086e-19
   4813.6201172   8.9130055e-19
   4857.5800781   8.4404088e-19
   4901.5400391   8.2313415e-19
   4945.5000000   7.1830431e-19
   4989.4599609   8.4730928e-19
   5033.4199219   8.0519570e-19
   5077.3798828   8.0022140e-19
   5121.3398438   7.7978337e-19
   5165.2998047   5.2425663e-19
   5209.2597656   7.3816760e-19
   5253.2197266   6.5568425e-19
   5297.1796875   5.5910606e-19
   5341.1396484   4.6312633e-19
   5385.1000977   1.1521592e-18
   5429.0600586   1.3359439e-18
   5473.0200195   1.3594411e-18
   5516.9799805   1.3326974e-18
   5560.9399414   1.3227960e-18
   5604.8999023   1.4706831e-18
   5648.8598633   1.4947832e-18
   5692.8198242   1.3087827e-18
   5736.7797852   1.3362901e-18
   5780.7397461   1.5031900e-18
   5824.6997070   1.4433158e-18
   5868.6596680   1.3785239e-18
   5912.6201172   1.4728615e-18
   5956.5800781   1.4474038e-18
   6000.5400391   1.3625672e-18
   6044.5000000   1.3517076e-18
   6088.4599609   1.3398454e-18
   6132.4199219   9.9774184e-19
   6176.3798828   9.7505569e-19
   6220.3398438   1.2759608e-18
   6264.2998047   1.2382008e-18
   6308.2597656   1.3003033e-18
   6339.0317383   1.3148031e-18
   6361.0117188   1.3113834e-18
   6396.1796875   1.2745550e-18
   6440.1396484   1.2166389e-18
   6484.1000977   1.2426844e-18
   6528.0600586   1.2557087e-18
   6572.0200195   1.2443555e-18
   6615.9799805   1.1814902e-18
   6646.7519531   1.0950861e-18
   6668.7319336   1.1278575e-18
   6703.8999023   1.1278575e-18
   6747.8598633   9.7649126e-19
   6791.8198242   8.6791471e-19
   6835.7797852   8.7175779e-19
   6879.7397461   9.7843172e-19
   6923.6997070   1.0372079e-18
   6967.6596680   1.0530801e-18
   7011.6196289   1.0538898e-18
   7055.5800781   1.0363791e-18
   7099.5400391   1.0196340e-18
   7143.5000000   1.0106594e-18
   7187.4599609   1.0579243e-18
   7231.4199219   1.0592261e-18
   7275.3798828   1.0486541e-18
   7319.3398438   1.0764843e-18
   7350.1118164   1.0080484e-18
   7372.0917969   1.1221065e-18
   7407.2597656   1.1045290e-18
   7451.2197266   1.0577849e-18
   7495.1796875   1.0356466e-18
   7539.1396484   9.8232392e-19
   7583.0996094   9.6566305e-19
   7627.0600586   1.0113921e-18
   7671.0200195   9.9279820e-19
   7714.9799805   1.0068936e-18
   7758.9399414   9.8057826e-19
   7802.8999023   9.5160140e-19
   7846.8598633   9.7499572e-19
   7890.8198242   9.9285052e-19
   7934.7797852   9.9967176e-19
   7978.7397461   9.2540934e-19
   8022.6997070   9.4633763e-19
   8066.6596680   9.2735808e-19
   8110.6196289   8.6746121e-19
   8154.5795898   8.6767079e-19
   8198.5400391   8.7818281e-19
   8242.5000000   9.0883120e-19
   8286.4599609   8.3567172e-19
   8330.4199219   7.9764251e-19
   8374.3798828   8.4885497e-19
   8418.3398438   8.0535840e-19
   8462.2998047   7.7019893e-19
   8506.2597656   8.1529087e-19
   8550.2197266   8.2809082e-19
   8594.1796875   7.5850363e-19
   8646.9316406   8.1449993e-19
   8686.4960938   8.3704919e-19
   8721.6640625   7.9463199e-19
   8770.0195312   7.7814126e-19
   8813.9794922   8.0254076e-19
   8857.9394531   7.8943171e-19
   8901.8994141   8.1066006e-19
   8945.8593750   7.5742514e-19
   8989.8193359   7.6767624e-19
   9033.7802734   6.8291152e-19
   9077.7402344   7.1467614e-19
   9117.3037109   7.8604130e-19
   9134.8876953   7.3020020e-19
   9165.6601562   7.5592965e-19
   9209.6201172   7.2017746e-19
   9253.5800781   7.3511365e-19
   9297.5400391   7.4142644e-19
   9341.5000000   7.4209759e-19
   9385.4599609   7.2576579e-19
   9429.4199219   7.0582060e-19
   9473.3798828   7.2707056e-19
   9517.3398438   7.1392325e-19
   9561.2998047   7.1260447e-19
   9605.2597656   6.9262847e-19
   9649.2197266   7.0856932e-19
   9693.1796875   7.0114915e-19
   9737.1396484   6.8429855e-19
   9781.0996094   6.7223753e-19
   9825.0595703   6.7638952e-19
   9869.0195312   6.7211061e-19
   9912.9794922   6.5422878e-19
   9956.9394531   6.6472767e-19
  10000.8994141   6.6465761e-19
  10044.8593750   6.6357845e-19
  10088.8193359   6.2638200e-19
  10132.7802734   6.4012587e-19
  10176.7402344   6.2514247e-19
  10220.7001953   5.5299361e-19
  10264.6601562   6.0394152e-19
  10308.6201172   6.0374264e-19
  10352.5800781   6.0449615e-19
  10396.5400391   5.9226850e-19
  10440.5000000   5.8552600e-19
  10484.4599609   5.6865012e-19
  10528.4199219   5.7686040e-19
  10572.3798828   5.6475260e-19
  10616.3398438   5.6424683e-19
  10660.2998047   5.6713871e-19
  10704.2597656   5.5056790e-19
  10748.2197266   5.5685649e-19
  10792.1796875   5.5144388e-19
  10836.1396484   5.4470185e-19
  10880.0996094   5.3559738e-19
  10924.0595703   5.3136837e-19
  10968.0195312   4.5336989e-19
  11011.9794922   5.1941860e-19
  11047.1474609   4.9522848e-19
  11069.1279297   5.1467498e-19
  11099.8994141   5.0863263e-19
  11143.8593750   5.0692218e-19
  11187.8193359   4.9532857e-19
  11231.7792969   5.0101921e-19
  11275.7402344   4.9626706e-19
  11319.7001953   5.0033534e-19
  11363.6601562   4.9555051e-19
  11407.6201172   4.9019530e-19
  11451.5800781   4.8431689e-19
  11495.5400391   4.7799867e-19
  11539.5000000   4.7816240e-19
  11583.4599609   4.7684331e-19
  11627.4199219   4.7927460e-19
  11671.3798828   4.7724770e-19
  11715.3398438   4.6083974e-19
  11759.2998047   4.6271972e-19
  11803.2597656   4.6161352e-19
  11847.2197266   4.4978416e-19
  11891.1796875   4.4678967e-19
  11935.1396484   4.4231477e-19
  11979.0996094   4.4140855e-19
  12023.0595703   4.3977735e-19
  12067.0195312   4.2768596e-19
  12110.9794922   4.2575379e-19
  12154.9394531   4.2449723e-19
  12198.8994141   4.2844171e-19
  12242.8593750   4.2230672e-19
  12286.8193359   3.9996912e-19
  12330.7792969   4.0708262e-19
  12374.7392578   4.1414253e-19
  12418.7001953   4.0989922e-19
  12462.6601562   3.9587799e-19
  12506.6201172   3.9602233e-19
  12550.5800781   3.9204561e-19
  12594.5400391   3.9384553e-19
  12638.5000000   3.8888002e-19
  12682.4599609   3.8635541e-19
  12726.4199219   3.8163012e-19
  12792.3593750   3.7973254e-19
  12880.2792969   3.7441506e-19
  12968.2001953   3.6631500e-19
  13056.1201172   3.6299511e-19
  13144.0400391   3.5721319e-19
  13231.9599609   3.5039205e-19
  13319.8798828   3.4801642e-19
  13407.7998047   3.4368302e-19
  13495.7197266   3.3902072e-19
  13583.6396484   3.3198659e-19
  13671.5595703   3.2862115e-19
  13759.4794922   3.2214076e-19
  13847.3994141   3.1845805e-19
  13935.3193359   3.1173966e-19
  14023.2392578   3.0474381e-19
  14111.1601562   3.0108935e-19
  14199.0800781   2.9603207e-19
  14287.0000000   2.9237676e-19
  14374.9199219   2.8658344e-19
  14462.8398438   2.8209669e-19
  14550.7597656   2.7763384e-19
  14638.6796875   2.7206213e-19
  14726.5996094   2.6655539e-19
  14814.5195312   2.6200333e-19
  14902.4394531   2.5823806e-19
  14990.3593750   2.5422298e-19
  15078.2792969   2.4812526e-19
  15166.1992188   2.4392116e-19
  15254.1201172   2.4086807e-19
  15342.0400391   2.3695439e-19
  15429.9599609   2.3373071e-19
  15517.8798828   2.3023619e-19
  15605.7998047   2.2679690e-19
  15693.7197266   2.2268506e-19
  15781.6396484   2.1759115e-19
  15869.5595703   2.1442549e-19
  15957.4794922   2.1179552e-19
  16001.4394531   2.1045014e-19
  16045.3994141   2.0987510e-19
  16133.3193359   2.0594702e-19
  16221.2392578   1.9811416e-19
  16309.1591797   2.0109642e-19
  16397.0800781   1.9888831e-19
  16485.0000000   2.1580009e-19
  16572.9199219   2.1541660e-19
  16660.8398438   2.2687261e-19
  16748.7597656   2.3832265e-19
  16836.6796875   2.1038176e-19
  16924.5996094   2.3990523e-19
  17012.5195312   2.4154708e-19
  17100.4394531   1.9904473e-19
  17188.3593750   2.3976934e-19
  17276.2792969   2.2898978e-19
  17364.1992188   2.3053263e-19
  17452.1191406   1.8368384e-19
  17540.0390625   2.2681083e-19
  17627.9589844   2.2915173e-19
  17715.8789062   2.2251298e-19
  17803.7988281   2.2400532e-19
  17891.7187500   2.1665189e-19
  17979.6386719   2.0391389e-19
  18067.5605469   1.8112362e-19
  18155.4804688   2.0742571e-19
  18243.4003906   2.0802052e-19
  18331.3203125   2.0647138e-19
  18419.2402344   2.0490048e-19
  18507.1601562   2.0326030e-19
  18595.0800781   2.0030224e-19
  18683.0000000   1.9757632e-19
  18770.9199219   1.9228423e-19
  18858.8398438   1.9143571e-19
  18946.7597656   1.8541021e-19
  19034.6796875   1.7280374e-19
  19122.5996094   1.5901897e-19
  19210.5195312   1.8179225e-19
  19298.4394531   1.7881020e-19
  19386.3593750   1.7856928e-19
  19474.2792969   1.7776021e-19
  19562.1992188   1.7649532e-19
  19650.1191406   1.7181390e-19
  19738.0390625   1.7280146e-19
  19825.9589844   1.7359940e-19
  19913.8789062   1.6925179e-19
  20001.7988281   1.6710982e-19
  20089.7187500   1.6769577e-19
  20177.6386719   1.6419473e-19
  20265.5605469   1.6291759e-19
  20353.4804688   1.5983677e-19
  20441.4003906   1.5738689e-19
  20529.3203125   1.5774604e-19
  20617.2402344   1.5547016e-19
  20705.1601562   1.5157326e-19
  20793.0800781   1.5275410e-19
  20881.0000000   1.5193449e-19
  20968.9199219   1.5117305e-19
  21056.8398438   1.4885465e-19
  21144.7597656   1.4626635e-19
  21232.6796875   1.4464315e-19
  21320.5996094   1.3443427e-19
  21408.5195312   1.2023025e-19
  21496.4394531   1.3946737e-19
  21584.3593750   1.3899103e-19
  21672.2792969   1.3563578e-19
  21760.1992188   1.3671708e-19
  21848.1191406   1.3498329e-19
  21936.0390625   1.3186718e-19
  22023.9589844   1.2703583e-19
  22111.8789062   1.2902231e-19
  22199.7988281   1.2706707e-19
  22287.7187500   1.2826468e-19
  22375.6386719   1.2570715e-19
  22463.5585938   1.2485652e-19
  22551.4804688   1.2228583e-19
  22639.4003906   1.2030209e-19
  22727.3203125   1.1778377e-19
  22815.2402344   1.1724651e-19
  22903.1601562   1.1657440e-19
  22991.0800781   1.1669682e-19
  23079.0000000   1.1668453e-19
  23166.9199219   1.1321055e-19
  23254.8398438   1.1525741e-19
  23342.7597656   1.1490716e-19
  23430.6796875   1.1168359e-19
  23518.5996094   1.1259619e-19
  23606.5195312   1.1176996e-19
  23694.4394531   1.0986992e-19
  23782.3593750   1.0843420e-19
  23870.2792969   1.0766592e-19
  23958.1992188   1.0736466e-19
  24046.1191406   1.0531448e-19
  24134.0390625   1.0447100e-19
  24221.9589844   1.0355693e-19
  24309.8789062   1.0351737e-19
  24397.7988281   1.0327351e-19
  24485.7187500   1.0215121e-19
  24573.6386719   1.0041732e-19
  24661.5585938   1.0030316e-19
  24749.4785156   9.8833911e-20
  24837.4003906   9.8106936e-20
  24925.3203125   9.6902781e-20
  25013.2402344   9.7053554e-20
  25101.1601562   9.5777324e-20
  25189.0800781   9.7217368e-20
  25277.0000000   9.4985195e-20
  25364.9199219   9.4927228e-20
  25452.8398438   9.3097375e-20
  25540.7597656   9.3581909e-20
  25628.6796875   9.3657971e-20
  25716.5996094   9.2024993e-20
  25804.5195312   8.9910067e-20
  25892.4394531   8.7586019e-20
  25980.3593750   8.9092871e-20
  26068.2792969   8.8614056e-20
  26156.1992188   8.7790520e-20
  26244.1191406   8.8063923e-20
  26332.0390625   8.6619355e-20
  26419.9589844   8.6066094e-20
  26507.8789062   8.6405439e-20
  26595.7988281   8.6332227e-20
  26683.7187500   8.5982601e-20
  26771.6386719   8.4321835e-20
  26859.5585938   8.3899980e-20
  26947.4785156   8.1820351e-20
  27035.4003906   8.1187855e-20
  27123.3203125   7.9586142e-20
  27211.2402344   7.9919237e-20
  27299.1601562   7.8936579e-20
  27387.0800781   7.7259406e-20
  27475.0000000   7.5648762e-20
  27562.9199219   7.7019213e-20
  27650.8398438   7.7488102e-20
  27738.7597656   7.6429201e-20
  27826.6796875   7.6827999e-20
  27914.5996094   7.6044491e-20
  28002.5195312   7.5677339e-20
  28090.4394531   7.6005762e-20
  28178.3593750   7.5289139e-20
  28266.2792969   7.5128621e-20
  28354.1992188   7.4688761e-20
  28442.1191406   7.4457209e-20
  28530.0390625   7.3106979e-20
  28617.9589844   7.3502966e-20
  28705.8789062   7.2779577e-20
  28793.7988281   7.0303935e-20
  28881.7187500   6.4006680e-20
  28969.6386719   7.1022367e-20
  29057.5585938   7.1486764e-20
  29145.4785156   7.0828309e-20
  29233.3984375   7.0063510e-20
  29321.3203125   6.8601979e-20
  29409.2402344   6.8684884e-20
  29497.1601562   6.7332786e-20
  29585.0800781   6.7590550e-20
  29673.0000000   6.6658408e-20
  29760.9199219   6.6690035e-20
  29848.8398438   6.5903606e-20
  29936.7597656   6.6040362e-20
  30024.6796875   6.6078373e-20
  30112.5996094   6.5324682e-20
  30200.5195312   6.5609039e-20
  30288.4394531   6.6007016e-20
  30376.3593750   6.5746629e-20
  30464.2792969   6.5082131e-20
  30552.1992188   6.4409646e-20
  30640.1191406   6.4636630e-20
  30728.0390625   6.4161195e-20
  30815.9589844   6.3465045e-20
  30903.8789062   6.3456960e-20
  30991.7988281   6.2865836e-20
  31079.7187500   6.0873481e-20
  31167.6386719   5.9725232e-20
  31255.5585938   5.7821489e-20
  31343.4785156   5.6876506e-20
  31431.3984375   5.7055888e-20
  31519.3203125   5.7242120e-20
  31607.2402344   5.6886742e-20
  31695.1601562   5.7807776e-20
  31783.0800781   5.8072932e-20
  31871.0000000   5.8452136e-20
  31958.9199219   5.8403132e-20
  32046.8398438   5.7860605e-20
  32134.7597656   5.8705034e-20
  32222.6796875   5.8619757e-20
  32310.5996094   5.8734431e-20
  32398.5195312   5.9436876e-20
  32486.4394531   5.8648850e-20
  32574.3593750   5.8448033e-20
  32662.2792969   5.8526376e-20
  32750.1992188   5.8418267e-20
  32838.1210938   5.8223595e-20
  32926.0390625   5.7870777e-20
  33013.9609375   5.8106601e-20
  33101.8789062   5.8342367e-20
  33189.8007812   5.8312401e-20
  33277.7187500   5.7864418e-20
  33365.6406250   5.7128098e-20
  33453.5585938   5.6592453e-20
  33541.4804688   5.6114052e-20
  33629.3984375   5.5526909e-20
  33717.3203125   5.4231964e-20
  33805.2382812   5.4646298e-20
  33893.1601562   5.3941689e-20
  33981.0781250   5.3756277e-20
  34069.0000000   5.3476771e-20
  34156.9179688   5.3493208e-20
  34244.8398438   5.3697525e-20
  34332.7578125   5.3569383e-20
  34420.6796875   5.3397210e-20
  34508.5976562   5.2660114e-20
  34596.5195312   5.2566762e-20
  34684.4375000   5.1226659e-20
  34772.3593750   5.0494462e-20
  34860.2773438   5.0646598e-20
  34948.1992188   5.0196409e-20
  35036.1210938   5.1016287e-20
  35124.0390625   5.0827085e-20
  35211.9609375   5.1131581e-20
  35299.8789062   5.0985823e-20
  35387.8007812   5.0657723e-20
  35475.7187500   5.0234779e-20
  35563.6406250   4.9447435e-20
  35651.5585938   4.9140021e-20
  35739.4804688   4.9618856e-20
  35827.3984375   4.9515019e-20
  35915.3203125   4.9556791e-20
  36003.2382812   4.8971331e-20
  36091.1601562   4.8626068e-20
  36179.0781250   4.8827871e-20
  36267.0000000   4.8803430e-20
  36354.9179688   4.8873566e-20
  36442.8398438   4.8454460e-20
  36530.7578125   4.7259646e-20
  36618.6796875   4.7226659e-20
  36706.5976562   4.7054819e-20
  36794.5195312   4.7124098e-20
  36882.4375000   4.6527103e-20
  36970.3593750   4.7204054e-20
  37058.2773438   4.6481760e-20
  37146.1992188   4.6103609e-20
  37234.1210938   4.5798273e-20
  37322.0390625   4.6534254e-20
  37409.9609375   4.4416019e-20
  37497.8789062   4.6312023e-20
  37585.8007812   4.3075485e-20
  37673.7187500   4.7139621e-20
  37761.6406250   4.5584159e-20
  37849.5585938   4.5578556e-20
  37937.4804688   4.7279576e-20
  38025.3984375   4.6531397e-20
  38113.3203125   4.2396809e-20
  38201.2382812   4.5968550e-20
  38289.1601562   4.6971813e-20
  38377.0781250   4.6509739e-20
  38465.0000000   4.3909413e-20
  38552.9179688   4.6085389e-20
  38640.8398438   4.6684300e-20
  38728.7578125   4.6029153e-20
  38816.6796875   4.6045128e-20
  38904.5976562   4.5278287e-20
  38992.5195312   4.3041064e-20
  39080.4375000   4.5597776e-20
  39168.3593750   4.6115962e-20
  39256.2773438   4.5370055e-20
  39344.1992188   4.5341172e-20
  39432.1210938   4.5230588e-20
  39520.0390625   4.4750051e-20
  39607.9609375   4.2121759e-20
  39695.8789062   4.3676306e-20
  39783.8007812   4.5306139e-20
  39871.7187500   4.4705858e-20
  39959.6406250   4.3593711e-20
  40047.5585938   4.3667488e-20
  40135.4804688   4.4119339e-20
  40223.3984375   4.3740425e-20
  40311.3203125   4.3145912e-20
  40399.2382812   4.2847933e-20
  40487.1601562   4.1205253e-20
  40575.0781250   3.9108088e-20
  40663.0000000   4.0718812e-20
  40750.9179688   4.1438088e-20
  40838.8398438   4.1562753e-20
  40926.7578125   4.1709775e-20
  41014.6796875   4.1455016e-20
  41102.5976562   4.1378621e-20
  41190.5195312   4.0885105e-20
  41278.4375000   4.1046847e-20
  41366.3593750   4.0195194e-20
  41454.2773438   4.0841135e-20
  41542.1992188   4.0219919e-20
  41630.1171875   4.0530583e-20
  41718.0390625   4.0468328e-20
  41805.9609375   3.9913384e-20
  41893.8789062   3.9582062e-20
  41981.8007812   3.7376114e-20
  42069.7187500   3.9180121e-20
  42157.6406250   3.9961448e-20
  42245.5585938   3.9532377e-20
  42333.4804688   3.9491771e-20
  42421.3984375   3.9181840e-20
  42509.3203125   3.8953984e-20
  42597.2382812   3.9234702e-20
  42685.1601562   3.9021619e-20
  42773.0781250   3.8875876e-20
  42861.0000000   3.8602467e-20
  42948.9179688   3.8606199e-20
  43036.8398438   3.8145082e-20
  43124.7578125   3.8680875e-20
  43212.6796875   3.8384389e-20
  43300.5976562   3.8515426e-20
  43388.5195312   3.8263708e-20
  43476.4375000   3.8101884e-20
  43564.3593750   3.7909933e-20
  43652.2773438   3.7958078e-20
  43740.1992188   3.7863676e-20
  43828.1171875   3.7806513e-20
  43916.0390625   3.7568996e-20
  44069.8984375   3.6800813e-20
  44289.6992188   3.6039316e-20
  44509.5000000   3.6647109e-20
  44729.3007812   3.6276083e-20
  44949.0976562   3.6130758e-20
  45168.8984375   3.5968951e-20
  45388.6992188   3.5384056e-20
  45608.5000000   3.5032433e-20
  45828.3007812   3.4906191e-20
  46048.0976562   3.4493205e-20
  46267.8984375   3.4305872e-20
  46487.6992188   3.3883166e-20
  46707.5000000   3.3618139e-20
  46927.3007812   3.2996031e-20
  47147.0976562   3.2837445e-20
  47366.8984375   3.2501707e-20
  47586.6992188   3.1801359e-20
  47806.5000000   3.1237145e-20
  48026.3007812   3.0023635e-20
  48246.0976562   2.9776628e-20
  48465.8984375   2.9506376e-20
  48685.6992188   2.9190076e-20
  48905.5000000   2.9025167e-20
  49125.3007812   2.8844719e-20
  49345.0976562   2.8687053e-20
  49564.8984375   2.8406720e-20
  49784.6992188   2.8263860e-20
  50004.5000000   2.8120851e-20
  50224.3007812   2.7922348e-20
  50444.0976562   2.8024440e-20
  50663.8984375   2.7902366e-20
  50883.6992188   2.7620359e-20
  51103.5000000   2.7298133e-20
  51323.3007812   2.7183042e-20
  51543.0976562   2.7260273e-20
  51762.8984375   2.6929469e-20
  51982.6992188   2.6721528e-20
  52202.5000000   2.6328370e-20
  52422.3007812   2.6544090e-20
  52642.0976562   2.5840933e-20
  52861.8984375   2.6063534e-20
  53081.6992188   2.5777232e-20
  53301.5000000   2.5643654e-20
  53521.3007812   2.5587293e-20
  53741.0976562   2.5362190e-20
  53960.8984375   2.5166242e-20
  54180.6992188   2.4931481e-20
  54400.5000000   2.4804898e-20
  54620.3007812   2.4569625e-20
  54840.0976562   2.4427170e-20
  55059.8984375   2.4144845e-20
  55279.6992188   2.4025317e-20
  55499.5000000   2.3866096e-20
  55719.3007812   2.3621356e-20
  55939.0976562   2.3539544e-20
  56158.8984375   2.3395356e-20
  56378.6992188   2.2449381e-20
  56598.5000000   2.2951031e-20
  56818.2968750   2.2696628e-20
  57038.0976562   2.2770009e-20
  57257.8984375   2.2491917e-20
  57477.6992188   2.2502982e-20
  57697.5000000   2.2177640e-20
  57917.2968750   2.2078514e-20
  58137.0976562   2.2002623e-20
  58356.8984375   2.1699471e-20
  58576.6992188   2.1740681e-20
  58796.5000000   2.1507533e-20
  59016.2968750   2.1525298e-20
  59236.0976562   2.1354398e-20
  59455.8984375   2.1238234e-20
  59675.6992188   2.0941749e-20
  59895.5000000   2.0841008e-20
  60115.2968750   2.0802966e-20
  60335.0976562   2.0741297e-20
  60554.8984375   2.0616784e-20
  60774.6992188   2.0538610e-20
  60994.5000000   2.0311126e-20
  61214.2968750   2.0021167e-20
  61434.0976562   1.9958482e-20
  61653.8984375   1.9620403e-20
  61873.6992188   1.9486609e-20
  62093.5000000   1.9084976e-20
  62313.2968750   1.8974573e-20
  62533.0976562   1.8729503e-20
  62752.8984375   1.8524172e-20
  62972.6992188   1.8689324e-20
  63192.5000000   1.8696301e-20
  63412.2968750   1.8285002e-20
  63632.0976562   1.8489792e-20
  63851.8984375   1.8283475e-20
  64049.7187500   1.8321335e-20
  64269.5195312   1.8114272e-20
  64511.2968750   1.8050899e-20
  64731.0976562   1.7819873e-20
  64950.8984375   1.7858104e-20
  65170.6992188   1.7841094e-20
  65390.5000000   1.7752225e-20
  65610.2968750   1.7972664e-20
  65830.1015625   1.7812515e-20
  66049.8984375   1.7763691e-20
  66269.6953125   1.7627069e-20
  66489.5000000   1.7752147e-20
  66709.2968750   1.7774069e-20
  66929.1015625   1.7748483e-20
  67148.8984375   1.7722858e-20
  67368.6953125   1.7609813e-20
  67588.5000000   1.7719120e-20
  67808.2968750   1.7645270e-20
  68028.1015625   1.7658758e-20
  68247.8984375   1.7481973e-20
  68467.6953125   1.6708266e-20
  68687.5000000   1.6864263e-20
  68907.2968750   1.6870040e-20
  69127.1015625   1.7114816e-20
  69346.8984375   1.6099995e-20
  69566.6953125   1.5914333e-20
  69786.5000000   1.5934823e-20
  70006.2968750   1.6458676e-20
  70226.1015625   1.5897009e-20
  70555.7968750   1.6056427e-20
  70995.3984375   1.6265306e-20
  71435.0000000   1.5804145e-20
  71874.6015625   1.6188980e-20
  72314.1953125   1.5479226e-20
  72753.7968750   1.5776268e-20
  73193.3984375   1.5416944e-20
  73633.0000000   1.5313630e-20
  74072.6015625   1.4961624e-20
  74512.1953125   1.4993395e-20
  74951.7968750   1.4729132e-20
  75391.3984375   1.4551991e-20
  75831.0000000   1.4287159e-20
  76270.6015625   1.3916695e-20
  76710.1953125   1.3851450e-20
  77149.7968750   1.3657426e-20
  77589.3984375   1.3455182e-20
  78029.0000000   1.3212341e-20
  78468.6015625   1.3098292e-20
  78908.1953125   1.2862346e-20
  79347.7968750   1.2602778e-20
  79787.3984375   1.2374452e-20
  80227.0000000   1.2202510e-20
  80666.6015625   1.2006826e-20
  81106.1953125   1.1769794e-20
  81545.7968750   1.1629622e-20
  81985.3984375   1.1343700e-20
  82425.0000000   1.1098000e-20
  82864.6015625   1.1038308e-20
  83304.1953125   1.0694348e-20
  83743.7968750   1.0731706e-20
  84183.3984375   1.0525761e-20
  84623.0000000   1.0375860e-20
  85062.6015625   1.0129034e-20
  85502.1953125   9.8732819e-21
  85941.7968750   9.8447910e-21
  86381.3984375   9.6537050e-21
  86821.0000000   9.4549014e-21
  87260.6015625   9.3204555e-21
  87700.1953125   9.1858633e-21
  88139.7968750   9.1000143e-21
  88579.3984375   8.9647468e-21
  89019.0000000   8.7402731e-21
  89458.6015625   8.6052488e-21
  89898.1953125   8.5434913e-21
  90337.7968750   8.3833309e-21
  90777.3984375   8.2317024e-21
  91217.0000000   8.1235292e-21
  91656.6015625   7.9900283e-21
  92096.1953125   7.8510975e-21
  92535.7968750   7.7859934e-21
  92975.3984375   7.6407723e-21
  93415.0000000   7.5224031e-21
  93854.6015625   7.4542609e-21
  94294.1953125   7.3333043e-21
  94733.7968750   7.2155143e-21
  95173.3984375   7.0538368e-21
  95613.0000000   6.9776392e-21
  96052.6015625   6.8940245e-21
  96492.1953125   6.8087207e-21
  96931.7968750   6.6634992e-21
  97371.3984375   6.6252139e-21
  97811.0000000   6.4806604e-21
  98250.6015625   6.3983919e-21
  98690.1953125   6.3115654e-21
  99129.7968750   6.2299920e-21
  99569.3984375   6.1154844e-21
 100009.0000000   6.0748754e-21
 100448.6015625   5.9574339e-21
 100888.1953125   5.0328411e-21
 101327.7968750   5.3742583e-21
 101767.3984375   5.3379621e-21
 102207.0000000   4.5719092e-21
 102646.6015625   4.9472848e-21
 103086.1953125   4.6590698e-21
 103525.7968750   4.1908266e-21
 103965.3984375   4.5664312e-21
 104405.0000000   4.3025380e-21
 104844.6015625   3.9829857e-21
 105284.1953125   4.2788700e-21
 105723.7968750   4.1499462e-21
 106163.3984375   3.8583319e-21
 106603.0000000   4.0766050e-21
 107042.6015625   3.9384210e-21
 107482.1953125   3.8108744e-21
 107921.7968750   3.8409009e-21
 108361.3984375   3.8521514e-21
 108801.0000000   3.7682851e-21
 109240.6015625   3.4146234e-21
 109680.1953125   3.4048450e-21
 110119.7968750   3.4995835e-21
 110559.3984375   3.3906388e-21
 110999.0000000   3.5051055e-21
 111438.6015625   3.5361377e-21
 111878.1953125   3.5456548e-21
 112317.7968750   3.5510157e-21
 112757.3984375   3.5653140e-21
 113197.0000000   3.5881225e-21
 113636.5937500   3.4814485e-21
 114076.1953125   3.4824425e-21
 114515.7968750   3.4886270e-21
 114955.3984375   3.4117157e-21
 115395.0000000   3.3588769e-21
 115834.5937500   3.3706398e-21
 116274.1953125   3.3418674e-21
 116713.7968750   3.2872652e-21
 117153.3984375   3.2341231e-21
 117593.0000000   3.2502136e-21
 118032.5937500   3.2205306e-21
 118472.1953125   3.1399863e-21
 118911.7968750   3.1475525e-21
 119351.3984375   3.1111323e-21
 119791.0000000   3.0938552e-21
 120230.5937500   3.0146646e-21
 120670.1953125   3.0148633e-21
 121109.7968750   2.9850214e-21
 121549.3984375   2.9451354e-21
 121989.0000000   2.8883511e-21
 122428.5937500   2.8843325e-21
 122868.1953125   2.8669294e-21
 123307.7968750   2.8318033e-21
 123747.3984375   2.7809267e-21
 124187.0000000   2.7659934e-21
 124626.5937500   2.7493646e-21
 125066.1953125   2.7141529e-21
 125505.7968750   2.6791447e-21
 125945.3984375   2.6498430e-21
 126385.0000000   2.6130123e-21
 126824.5937500   2.5945897e-21
 127264.1953125   2.5652890e-21
 127703.7968750   2.5351498e-21
 128143.3984375   2.5116994e-21
 128583.0000000   2.4690019e-21
 129022.5937500   2.4572862e-21
 129462.1953125   2.4187724e-21
 129901.7968750   2.3911421e-21
 130341.3984375   2.3710431e-21
 130781.0000000   2.3425789e-21
 131220.5937500   2.3099275e-21
 131660.2031250   2.2831395e-21
 132099.7968750   2.2546708e-21
 132539.3906250   2.2337364e-21
 132979.0000000   2.2035987e-21
 133418.5937500   2.1659292e-21
 133858.2031250   2.1516886e-21
 134297.7968750   2.1274082e-21
 134737.3906250   2.1031340e-21
 135177.0000000   2.0821978e-21
 135616.5937500   2.0520578e-21
 136056.2031250   2.0294541e-21
 136495.7968750   2.0127136e-21
 136935.3906250   1.9808980e-21
 137375.0000000   1.9624797e-21
 137814.5937500   1.9407095e-21
 138254.2031250   1.9189447e-21
 138693.7968750   1.8955001e-21
 139133.3906250   1.8703775e-21
 139573.0000000   1.8544767e-21
 140012.5937500   1.8318678e-21
 140452.2031250   1.8117774e-21
 141111.5937500   1.7791249e-21
 141990.7968750   1.7389318e-21
 142870.0000000   1.7004230e-21
 143749.2031250   1.6610737e-21
 144628.3906250   1.6192108e-21
 145507.5937500   1.5873986e-21
 146386.7968750   1.5522319e-21
 147266.0000000   1.5220898e-21
 148145.2031250   1.4877622e-21
 149024.3906250   1.4551159e-21
 149903.5937500   1.4224612e-21
 150782.7968750   1.3948329e-21
 151662.0000000   1.3672008e-21
 152541.2031250   1.3378991e-21
 153420.3906250   1.3111069e-21
 154299.5937500   1.2859917e-21
 155178.7968750   1.2575244e-21
 156058.0000000   1.2332459e-21
 156937.2031250   1.2081302e-21
 157816.3906250   1.1838483e-21
 158695.5937500   1.1620789e-21
 159574.7968750   1.1394780e-21
 160454.0000000   1.1135202e-21
 161333.2031250   1.0925928e-21
 162212.3906250   1.0658010e-21
 163091.5937500   1.0440312e-21
 163970.7968750   1.0272843e-21
 164850.0000000   1.0004931e-21
 165729.2031250   9.8877325e-22
 166608.3906250   9.6951737e-22
 167487.5937500   9.5193575e-22
 168366.7968750   9.3602868e-22
 169246.0000000   9.2012070e-22
 170125.2031250   9.0002511e-22
 171004.3906250   8.8411915e-22
 171883.5937500   8.6821208e-22
 172762.7968750   8.5397775e-22
 173642.0000000   8.3489040e-22
 174521.2031250   8.2023995e-22
 175400.3906250   8.0206863e-22
 176279.5937500   7.8934503e-22
 177158.7968750   7.7619914e-22
 178038.0000000   7.6004090e-22
 178917.2031250   7.4848678e-22
 179796.3906250   7.3542682e-22
 180675.5937500   7.2311863e-22
 181554.7968750   7.1106322e-22
 182434.0000000   6.9775174e-22
 183313.2031250   6.8401909e-22
 184192.3906250   6.7313564e-22
 185071.5937500   6.6074596e-22
 185950.7968750   6.5187118e-22
 186830.0000000   6.3914540e-22
 187709.2031250   6.2934904e-22
 188588.3906250   6.0054807e-22
 189467.5937500   5.7568100e-22
 190346.7968750   5.7576698e-22
 191226.0000000   5.5123565e-22
 192105.2031250   5.3783910e-22
 192984.3906250   5.2620122e-22
 193863.5937500   5.0342781e-22
 194742.7968750   4.9949446e-22
 195622.0000000   4.8819080e-22
 196501.2031250   4.7153081e-22
 197380.3906250   4.7245119e-22
 198259.5937500   4.6014400e-22
 199138.7968750   4.4758504e-22
 200018.0000000   4.4624642e-22
 200897.2031250   4.3862772e-22
 201776.3906250   4.2481243e-22
 202655.5937500   4.2590148e-22
 203534.7968750   4.1618832e-22
 204414.0000000   4.0991002e-22
 205293.2031250   4.0614154e-22
 206172.3906250   3.9936004e-22
 207051.5937500   3.9190961e-22
 207930.7968750   3.9123894e-22
 208810.0000000   3.8328626e-22
 209689.2031250   3.7809502e-22
 210568.3906250   3.7248626e-22
 211447.5937500   3.6478344e-22
 212326.7968750   3.6486675e-22
 213206.0000000   3.5791831e-22
 214085.2031250   3.5113610e-22
 214964.3906250   3.4728510e-22
 215843.5937500   3.4150735e-22
 216722.7968750   3.3706989e-22
 217602.0000000   3.3129331e-22
 218481.2031250   3.2936816e-22
 219360.3906250   3.2333990e-22
 220239.5937500   3.2032647e-22
 221118.7968750   3.1588805e-22
 221998.0000000   3.0935833e-22
 222877.2031250   3.0634334e-22
 223756.3906250   3.0224197e-22
 224635.5937500   2.9738600e-22
 225514.7968750   2.9303237e-22
 226394.0000000   2.8918035e-22
 227273.1875000   2.8784103e-22
 228152.3906250   2.8290190e-22
 229031.5937500   2.7896608e-22
 229910.7968750   2.7503187e-22
 230790.0000000   2.7243636e-22
 231669.1875000   2.7118057e-22
 232548.3906250   2.6490055e-22
 233427.5937500   2.6079792e-22
 234306.7968750   2.5878869e-22
 235186.0000000   2.5544063e-22
 236065.1875000   2.5217467e-22
 236944.3906250   2.4941227e-22
 237823.5937500   2.4631423e-22
 238702.7968750   2.4221208e-22
 239582.0000000   2.4070519e-22
 240461.1875000   2.3626753e-22
 241340.3906250   2.3442566e-22
 242219.5937500   2.3032315e-22
 243098.7968750   2.3065823e-22
 243978.0000000   2.2521570e-22
 244857.1875000   2.2404369e-22
 245736.3906250   2.2035988e-22
 246615.5937500   2.1902068e-22
 247494.7968750   2.1475066e-22
 248374.0000000   2.1349429e-22
 249253.1875000   2.1064801e-22
 250132.3906250   2.0679717e-22
 251011.5937500   2.0579242e-22
 251890.7968750   2.0344785e-22
 252770.0000000   2.0068527e-22
 253649.1875000   1.9825691e-22
 254528.3906250   1.9649895e-22
 255407.5937500   1.9381967e-22
 256286.7968750   1.9164266e-22
 257166.0000000   1.8938275e-22
 258045.1875000   1.8636867e-22
 258924.3906250   1.8444292e-22
 259803.5937500   1.8193123e-22
 260682.7968750   1.8050740e-22
 261562.0000000   1.7782814e-22
 262441.1875000   1.7648911e-22
 263320.4062500   1.7439566e-22
 264199.5937500   1.7238682e-22
 265078.7812500   1.7029340e-22
 265958.0000000   1.6786526e-22
 266837.1875000   1.6602349e-22
 267716.4062500   1.6393029e-22
 268595.5937500   1.6192107e-22
 269474.7812500   1.6041415e-22
 270354.0000000   1.5873985e-22
 271233.1875000   1.5731641e-22
 272112.4062500   1.5522319e-22
 272991.5937500   1.5380020e-22
 273870.7812500   1.5162319e-22
 274750.0000000   1.4953019e-22
 275629.1875000   1.4793897e-22
 276508.4062500   1.4634860e-22
 277387.5937500   1.4459043e-22
 278266.7812500   1.4341790e-22
 279146.0000000   1.4157612e-22
 280025.1875000   1.4040398e-22
 280904.4062500   1.3839472e-22
 282223.1875000   1.3621783e-22
 283981.5937500   1.3303641e-22
 285740.0000000   1.3010631e-22
 287498.4062500   1.2717594e-22
 289256.7812500   1.2458046e-22
 291015.1875000   1.2173391e-22
 292773.5937500   1.1913852e-22
 294532.0000000   1.1654318e-22
 296290.4062500   1.1386375e-22
 298048.7812500   1.1151940e-22
 299807.1875000   1.0900765e-22
 301565.5937500   1.0683129e-22
 303324.0000000   1.0440312e-22
 305082.4062500   1.0222615e-22
 306840.7812500   1.0004931e-22
 308599.1875000   9.7956248e-23
 310357.5937500   9.5946987e-23
 312116.0000000   9.3853975e-23
 313874.4062500   9.1928454e-23
 315632.7812500   9.0002516e-23
 317391.1875000   8.8160659e-23
 319149.5937500   8.6318959e-23
 320908.0000000   8.4560664e-23
 322666.4062500   8.2844367e-23
 324424.7812500   8.1178230e-23
 326183.1875000   7.9453427e-23
 327941.5937500   7.7745467e-23
 329700.0000000   7.6188237e-23
 331458.4062500   7.4773437e-23
 333216.7812500   7.3341743e-23
 334975.1875000   7.1893236e-23
 336733.5937500   7.0478291e-23
 338492.0000000   6.9080272e-23
 340250.4062500   6.7740622e-23
 342008.7812500   6.6426077e-23
 343767.1875000   6.5136750e-23
 345525.5937500   6.3889283e-23
 347284.0000000   6.2658559e-23
 349042.4062500   6.1452883e-23
 350800.7812500   6.0297681e-23
 352559.1875000   5.9125491e-23
 354317.5937500   5.8012004e-23
 356076.0000000   5.6940233e-23
 357834.4062500   5.5860295e-23
 359592.7812500   5.4838878e-23
 361351.1875000   5.3834241e-23
 363109.5937500   5.2829447e-23
 364868.0000000   5.1866636e-23
 366626.4062500   5.0895441e-23
 368384.7812500   4.9974458e-23
 370143.1875000   4.9086961e-23
 371901.5937500   4.8199553e-23
 373660.0000000   4.7337129e-23
 375418.4062500   4.6491562e-23
 377176.7812500   4.5662709e-23
 378935.1875000   4.4859064e-23
 380693.5937500   4.4072087e-23
 382452.0000000   4.3301768e-23
 384210.4062500   4.2539864e-23
 385968.7812500   4.1803118e-23
 387727.1875000   4.1066322e-23
 389485.5937500   4.0354741e-23
 391244.0000000   3.9659846e-23
 393002.4062500   3.8998317e-23
 394760.7812500   3.8311800e-23
 396519.1875000   3.7683841e-23
 398277.5937500   3.7055927e-23
 400036.0000000   3.6402962e-23
 401794.4062500   3.5808495e-23
 403552.7812500   3.5222497e-23
 405311.1875000   3.4644723e-23
 407069.5937500   3.4066996e-23
 408828.0000000   3.3506116e-23
 410586.4062500   3.2953598e-23
 412344.7812500   3.2417740e-23
 414103.1875000   3.1890314e-23
 415861.5937500   3.1371193e-23
 417620.0000000   3.0860387e-23
 419378.4062500   3.0366431e-23
 421136.7812500   2.9889309e-23
 422895.1875000   2.9403664e-23
 424653.5937500   2.8943193e-23
 426412.0000000   2.8482675e-23
 428170.4062500   2.8013858e-23
 429928.7812500   2.7586901e-23
 431687.1875000   2.7159891e-23
 433445.5937500   2.6741252e-23
 435204.0000000   2.6331032e-23
 436962.4062500   2.5920726e-23
 438720.7812500   2.5518947e-23
 440479.1875000   2.5125379e-23
 879200.0000000   1.6912103e-24
1758400.0000000   1.0867305e-25
2637600.0000000   2.1600680e-26
3516800.0000000   6.8427151e-27
4396000.0000000   2.8022227e-27
5275200.0000000   1.3504614e-27
6154400.0000000   7.2789169e-28
7033600.0000000   4.2623646e-28
