    378.0140381   1.5497285e-23
    390.4760132   1.7645769e-23
    398.7840271   1.8819747e-23
    407.0920410   1.0206173e-22
    415.4000244   2.8110290e-22
    423.7080383   3.0490908e-22
    432.0160217   2.8960417e-22
    440.3240356   2.9437964e-22
    448.6320190   3.0036355e-22
    456.9400330   3.4303984e-22
    473.5560303   3.5579384e-22
    490.1720276   3.4532837e-22
    502.6340332   4.3721882e-22
    519.2500610   4.5389678e-22
    527.5580444   4.6370940e-22
    531.7120361   4.7090472e-22
    544.1740112   4.5422384e-22
    548.3280640   4.6992134e-22
    556.6360474   4.4899171e-22
    569.0980225   4.9902846e-22
    581.5600586   5.0033638e-22
    594.0220337   6.3179564e-22
    610.6380615   7.8647453e-22
    627.2540283   7.0406353e-22
    643.8700562   7.9431962e-22
    660.4860229   7.9759154e-22
    672.9480591   7.9857301e-22
    689.5640259   8.0347702e-22
    706.1800537   8.0315239e-22
    718.6420288   6.6057319e-22
    735.2580566   8.0903626e-22
    747.7200317   8.1034488e-22
    756.0280762   8.1034488e-22
    772.6440430   8.1165563e-22
    793.4140625   8.1230464e-22
    805.8760376   8.1721401e-22
    822.4920654   8.1524960e-22
    839.1080322   8.1819088e-22
    851.5700684   8.1721401e-22
    872.3400879   7.9203442e-22
    897.2640381   8.1656111e-22
    913.8800659   8.1581193e-22
    926.3420410   7.7850863e-22
    942.9580688   7.5787258e-22
    955.4200439   9.2051056e-22
    972.0360718   1.3229846e-21
    996.9600830   1.3581310e-21
   1021.8840942   1.1960536e-21
   1046.8081055   1.1641911e-21
   1067.5781250   1.0228519e-21
   1080.0400391   1.0442260e-21
   1096.6561279   1.2622745e-21
   1117.4260254   1.2366328e-21
   1138.1960449   1.1990568e-21
   1158.9660645   9.9009188e-22
   1179.7360840   1.1213255e-21
   1204.6600342   1.1018326e-21
   1229.5841064   9.5878947e-22
   1250.3541260   8.3935164e-22
   1279.4321289   8.4989375e-22
   1320.9720459   7.6804538e-22
   1362.5120850   7.2940361e-22
   1404.0521240   6.3504762e-22
   1445.5920410   5.5416911e-22
   1482.9781494   6.9146589e-22
   1520.3641357   9.7947838e-22
   1557.7501221   8.9958042e-22
   1599.2901611   6.6259262e-22
   1640.8300781   9.1536643e-22
   1682.3701172   1.0556384e-21
   1719.7561035   9.8498712e-22
   1752.9881592   8.4615447e-22
   1786.2200928   7.6670404e-22
   1831.9141846   8.3467209e-22
   1873.4541016   8.0061324e-22
   1910.8400879   6.6746130e-22
   1952.3801270   6.4297854e-22
   1993.9201660   6.8584945e-22
   2035.4600830   5.5141599e-22
   2077.0002441   6.4928104e-22
   2101.9240723   5.4397379e-22
   2126.8481445   8.3559267e-22
   2160.0800781   7.6836592e-22
   2201.6201172   6.8176217e-22
   2243.1601562   5.4074630e-22
   2284.7001953   5.0770522e-22
   2326.2402344   6.4917270e-22
   2367.7802734   7.0855522e-22
   2409.3200684   6.7737782e-22
   2450.8601074   6.7742841e-22
   2492.4001465   5.5950519e-22
   2533.9401855   5.3767957e-22
   2575.4802246   6.7893853e-22
   2617.0202637   6.3762993e-22
   2658.5600586   7.0570113e-22
   2700.1000977   6.8322786e-22
   2733.3322754   6.3236751e-22
   2762.4101562   7.2274543e-22
   2803.9501953   7.7613599e-22
   2845.4902344   6.8070305e-22
   2887.0302734   8.1600539e-22
   2928.5703125   6.8226835e-22
   2974.2641602   9.1764067e-22
   3015.8041992   9.7384654e-22
   3053.1901855   1.0271194e-21
   3094.7302246   1.0542623e-21
   3136.2702637   1.1195441e-21
   3177.8103027   1.0807689e-21
   3219.3500977   1.3088429e-21
   3260.8901367   1.3087049e-21
   3302.4301758   1.5492520e-21
   3343.9702148   1.7644065e-21
   3385.5102539   1.9921480e-21
   3427.0502930   2.2914819e-21
   3468.5903320   2.0778355e-21
   3510.1301270   2.9495164e-21
   3551.6701660   3.3619391e-21
   3593.2102051   4.0750382e-21
   3634.7502441   4.8251751e-21
   3676.2902832   5.7484844e-21
   3717.8303223   6.9234403e-21
   3759.3703613   8.2197980e-21
   3800.9101562   9.7916019e-21
   3842.4501953   3.4297807e-20
   3883.9902344   6.2121632e-20
   3925.5302734   8.9257544e-20
   3967.0703125   1.1461910e-19
   4008.6103516   1.2081486e-19
   4050.1503906   5.5562148e-20
   4091.6901855   1.0819705e-19
   4133.2304688   1.0310786e-19
   4174.7705078   1.2670344e-19
   4216.3100586   1.2763165e-19
   4257.8500977   8.7843919e-20
   4299.3901367   1.3736919e-19
   4340.9301758   1.8533977e-19
   4382.4702148   1.7602658e-19
   4424.0102539   1.4647687e-19
   4465.5502930   1.5890828e-19
   4507.0903320   1.3709735e-19
   4548.6303711   1.5845670e-19
   4590.1704102   1.4938083e-19
   4631.7104492   1.4361170e-19
   4673.2504883   1.2471922e-19
   4714.7905273   1.4600096e-19
   4756.3305664   1.3595393e-19
   4797.8701172   1.3480110e-19
   4839.4101562   1.3104994e-19
   4880.9501953   8.8404333e-20
   4922.4902344   1.2092155e-19
   4964.0302734   1.0063740e-19
   5005.5703125   8.4316452e-20
   5047.1103516   6.7323461e-20
   5088.6503906   1.5447000e-19
   5130.1904297   1.8757696e-19
   5171.7304688   1.9353342e-19
   5213.2705078   1.8712605e-19
   5254.8105469   1.7710989e-19
   5296.3505859   2.0154864e-19
   5337.8901367   2.0509628e-19
   5379.4301758   1.7479399e-19
   5420.9702148   1.7416946e-19
   5462.5102539   1.9931368e-19
   5504.0502930   1.9019249e-19
   5545.5903320   1.7643368e-19
   5587.1303711   1.9240964e-19
   5628.6704102   1.8645746e-19
   5670.2104492   1.7165511e-19
   5711.7504883   1.7222600e-19
   5753.2905273   1.7042095e-19
   5794.8305664   1.3238506e-19
   5836.3706055   1.2984457e-19
   5877.9101562   1.5774290e-19
   5919.4501953   1.5432488e-19
   5960.9902344   1.5816468e-19
   5990.0683594   1.6114742e-19
   6010.8383789   1.6146196e-19
   6044.0703125   1.5576299e-19
   6085.6103516   1.4634698e-19
   6127.1503906   1.4696917e-19
   6168.6904297   1.4809268e-19
   6210.2304688   1.4696853e-19
   6251.7705078   1.3914463e-19
   6280.8486328   1.2733381e-19
   6301.6186523   1.3246823e-19
   6334.8505859   1.2969012e-19
   6376.3906250   1.1188855e-19
   6417.9306641   1.0571462e-19
   6459.4702148   1.0364678e-19
   6501.0102539   1.1263796e-19
   6542.5502930   1.1899078e-19
   6584.0903320   1.2184220e-19
   6625.6303711   1.2217013e-19
   6667.1704102   1.1894846e-19
   6708.7104492   1.1723954e-19
   6750.2504883   1.1399809e-19
   6791.7905273   1.1907181e-19
   6833.3305664   1.1906187e-19
   6874.8706055   1.1474200e-19
   6916.4106445   1.1921204e-19
   6945.4882812   1.0909217e-19
   6966.2583008   1.2193106e-19
   6999.4902344   1.2197338e-19
   7041.0302734   1.1582090e-19
   7082.5703125   1.1210301e-19
   7124.1103516   1.0570301e-19
   7165.6503906   1.0379073e-19
   7207.1904297   1.0882134e-19
   7248.7304688   1.0643297e-19
   7290.2705078   1.0927102e-19
   7331.8105469   1.0385730e-19
   7373.3505859   1.0222008e-19
   7414.8906250   1.0401067e-19
   7456.4306641   1.0672177e-19
   7497.9707031   1.0641474e-19
   7539.5107422   9.8384571e-20
   7581.0502930   9.9909007e-20
   7622.5903320   9.7059725e-20
   7664.1303711   9.0126103e-20
   7705.6704102   8.9920123e-20
   7747.2104492   9.1115508e-20
   7788.7504883   9.5385867e-20
   7830.2905273   8.7709385e-20
   7871.8305664   8.3715751e-20
   7913.3706055   8.8515059e-20
   7954.9106445   8.4339788e-20
   7996.4506836   8.1216903e-20
   8037.9907227   8.5144421e-20
   8079.5307617   8.6578836e-20
   8121.0703125   7.9673028e-20
   8170.9184570   8.5624780e-20
   8208.3046875   8.7763708e-20
   8241.5361328   8.3045612e-20
   8287.2304688   8.0733610e-20
   8328.7705078   8.3020092e-20
   8370.3105469   8.0785393e-20
   8411.8505859   8.3386598e-20
   8453.3906250   7.7948363e-20
   8494.9306641   7.9306122e-20
   8536.4707031   7.1673326e-20
   8578.0107422   7.4008114e-20
   8615.3964844   8.0395700e-20
   8632.0126953   7.5292933e-20
   8661.0908203   7.7613258e-20
   8702.6308594   7.3613601e-20
   8744.1708984   7.4614160e-20
   8785.7109375   7.5033146e-20
   8827.2509766   7.5183564e-20
   8868.7910156   7.2107460e-20
   8910.3310547   7.1224296e-20
   8951.8710938   7.3259477e-20
   8993.4101562   7.1350474e-20
   9034.9501953   7.0787092e-20
   9076.4902344   6.8737229e-20
   9118.0302734   7.0693582e-20
   9159.5703125   6.9242617e-20
   9201.1103516   6.6886988e-20
   9242.6503906   6.5113719e-20
   9284.1904297   6.6505024e-20
   9325.7304688   6.4867678e-20
   9367.2705078   6.2822913e-20
   9408.8105469   6.3772239e-20
   9450.3505859   6.4041402e-20
   9491.8906250   6.4127519e-20
   9533.4306641   6.0506045e-20
   9574.9707031   6.0896332e-20
   9616.5107422   5.8908927e-20
   9658.0507812   5.0460644e-20
   9699.5908203   5.6231344e-20
   9741.1308594   5.5583384e-20
   9782.6708984   5.6586353e-20
   9824.2109375   5.4421996e-20
   9865.7509766   5.4225405e-20
   9907.2910156   5.1995607e-20
   9948.8310547   5.3535155e-20
   9990.3710938   5.1901380e-20
  10031.9111328   5.2107160e-20
  10073.4511719   5.2819812e-20
  10114.9902344   5.0999365e-20
  10156.5302734   5.2172886e-20
  10198.0703125   5.1364863e-20
  10239.6103516   5.0836569e-20
  10281.1503906   4.9525995e-20
  10322.6904297   4.9876551e-20
  10364.2304688   4.3869217e-20
  10405.7705078   4.9377225e-20
  10439.0029297   4.6441454e-20
  10459.7724609   4.8121814e-20
  10488.8505859   4.6893176e-20
  10530.3906250   4.6783532e-20
  10571.9306641   4.5640143e-20
  10613.4707031   4.6657749e-20
  10655.0107422   4.6029250e-20
  10696.5507812   4.6951079e-20
  10738.0908203   4.6429018e-20
  10779.6308594   4.5873857e-20
  10821.1708984   4.4885567e-20
  10862.7109375   4.4291638e-20
  10904.2509766   4.4624345e-20
  10945.7910156   4.4542303e-20
  10987.3310547   4.5477873e-20
  11028.8710938   4.5154071e-20
  11070.4111328   4.3091842e-20
  11111.9511719   4.3626168e-20
  11153.4912109   4.3290068e-20
  11195.0302734   4.2058993e-20
  11236.5703125   4.2025389e-20
  11278.1103516   4.1147828e-20
  11319.6503906   4.1051080e-20
  11361.1904297   4.1479870e-20
  11402.7304688   3.9218762e-20
  11444.2705078   3.9069198e-20
  11485.8105469   3.9243917e-20
  11527.3505859   3.9937492e-20
  11568.8906250   3.9261847e-20
  11610.4306641   3.5612995e-20
  11651.9707031   3.6799110e-20
  11693.5107422   3.8840802e-20
  11735.0507812   3.8655313e-20
  11776.5908203   3.7198512e-20
  11818.1308594   3.6885354e-20
  11859.6708984   3.6535175e-20
  11901.2109375   3.7112683e-20
  11942.7509766   3.6507746e-20
  11984.2910156   3.6401918e-20
  12025.8310547   3.5871689e-20
  12088.1406250   3.6291935e-20
  12171.2207031   3.5473443e-20
  12254.3007812   3.4708453e-20
  12337.3808594   3.4391326e-20
  12420.4609375   3.3864345e-20
  12503.5410156   3.3420649e-20
  12586.6210938   3.3051649e-20
  12669.7011719   3.2538907e-20
  12752.7812500   3.2039044e-20
  12835.8613281   3.1537027e-20
  12918.9404297   3.1047236e-20
  13002.0205078   3.0456115e-20
  13085.1005859   3.0158226e-20
  13168.1806641   2.9565196e-20
  13251.2607422   2.8704757e-20
  13334.3408203   2.8570812e-20
  13417.4208984   2.8002106e-20
  13500.5009766   2.7806882e-20
  13583.5810547   2.7450270e-20
  13666.6611328   2.7064569e-20
  13749.7412109   2.6705626e-20
  13832.8212891   2.6187734e-20
  13915.9013672   2.5663873e-20
  13998.9804688   2.5201909e-20
  14082.0605469   2.4864392e-20
  14165.1406250   2.4612984e-20
  14248.2207031   2.4130689e-20
  14331.3007812   2.3792364e-20
  14414.3808594   2.3487648e-20
  14497.4609375   2.3197529e-20
  14580.5410156   2.2998600e-20
  14663.6210938   2.2636746e-20
  14746.7011719   2.2414357e-20
  14829.7812500   2.1850903e-20
  14912.8613281   2.1446267e-20
  14995.9414062   2.1273003e-20
  15079.0214844   2.1071323e-20
  15120.5605469   2.0977693e-20
  15162.1005859   2.1062534e-20
  15245.1806641   2.0625973e-20
  15328.2607422   1.9538752e-20
  15411.3408203   2.0254692e-20
  15494.4208984   2.0050246e-20
  15577.5009766   2.2673659e-20
  15660.5810547   2.2968321e-20
  15743.6611328   2.5137683e-20
  15826.7412109   2.7063023e-20
  15909.8212891   2.2958839e-20
  15992.9013672   2.7671534e-20
  16075.9814453   2.8794403e-20
  16159.0615234   2.1480674e-20
  16242.1406250   2.8666584e-20
  16325.2207031   2.7098228e-20
  16408.3007812   2.7598713e-20
  16491.3808594   1.9656928e-20
  16574.4609375   2.7252309e-20
  16657.5410156   2.8239972e-20
  16740.6210938   2.7600409e-20
  16823.7011719   2.7616659e-20
  16906.7812500   2.6596308e-20
  16989.8613281   2.4045633e-20
  17072.9414062   2.0488201e-20
  17156.0214844   2.5282614e-20
  17239.1015625   2.5643370e-20
  17322.1816406   2.5428492e-20
  17405.2617188   2.5198476e-20
  17488.3417969   2.5021810e-20
  17571.4218750   2.4624551e-20
  17654.5019531   2.4349139e-20
  17737.5820312   2.3652238e-20
  17820.6621094   2.3468469e-20
  17903.7421875   2.2446569e-20
  17986.8203125   2.0129565e-20
  18069.9003906   1.8172958e-20
  18152.9804688   2.2351541e-20
  18236.0605469   2.2003828e-20
  18319.1406250   2.2057915e-20
  18402.2207031   2.1959902e-20
  18485.3007812   2.1871161e-20
  18568.3808594   2.1457853e-20
  18651.4609375   2.1422734e-20
  18734.5410156   2.1736810e-20
  18817.6210938   2.1026949e-20
  18900.7011719   2.0759747e-20
  18983.7812500   2.0979905e-20
  19066.8613281   2.0460686e-20
  19149.9414062   2.0419302e-20
  19233.0214844   1.9928831e-20
  19316.1015625   1.9798151e-20
  19399.1816406   1.9765917e-20
  19482.2617188   1.9432466e-20
  19565.3417969   1.8895943e-20
  19648.4218750   1.9120084e-20
  19731.5019531   1.9062482e-20
  19814.5820312   1.8950296e-20
  19897.6621094   1.8659918e-20
  19980.7421875   1.8294999e-20
  20063.8222656   1.8018857e-20
  20146.9023438   1.6009283e-20
  20229.9804688   1.3973682e-20
  20313.0605469   1.7238415e-20
  20396.1406250   1.7352886e-20
  20479.2207031   1.6996276e-20
  20562.3007812   1.7209821e-20
  20645.3808594   1.6971885e-20
  20728.4609375   1.6485622e-20
  20811.5410156   1.5904723e-20
  20894.6210938   1.6142722e-20
  20977.7011719   1.5884199e-20
  21060.7812500   1.6092322e-20
  21143.8613281   1.5694338e-20
  21226.9414062   1.5619183e-20
  21310.0214844   1.5300284e-20
  21393.1015625   1.5001001e-20
  21476.1816406   1.4631935e-20
  21559.2617188   1.4625894e-20
  21642.3417969   1.4619794e-20
  21725.4218750   1.4648522e-20
  21808.5019531   1.4707119e-20
  21891.5820312   1.4108110e-20
  21974.6621094   1.4535221e-20
  22057.7421875   1.4553875e-20
  22140.8222656   1.4009074e-20
  22223.9023438   1.4256850e-20
  22306.9824219   1.4145646e-20
  22390.0605469   1.3879672e-20
  22473.1406250   1.3683390e-20
  22556.2207031   1.3621752e-20
  22639.3007812   1.3674919e-20
  22722.3808594   1.3378490e-20
  22805.4609375   1.3281718e-20
  22888.5410156   1.3149849e-20
  22971.6210938   1.3167879e-20
  23054.7011719   1.3150830e-20
  23137.7812500   1.2993812e-20
  23220.8613281   1.2756666e-20
  23303.9414062   1.2824523e-20
  23387.0214844   1.2627181e-20
  23470.1015625   1.2554907e-20
  23553.1816406   1.2372412e-20
  23636.2617188   1.2440139e-20
  23719.3417969   1.2227481e-20
  23802.4218750   1.2500437e-20
  23885.5019531   1.2182454e-20
  23968.5820312   1.2179994e-20
  24051.6621094   1.1901848e-20
  24134.7421875   1.2019566e-20
  24217.8222656   1.2072098e-20
  24300.9023438   1.1828841e-20
  24383.9824219   1.1640581e-20
  24467.0625000   1.1221531e-20
  24550.1425781   1.1494626e-20
  24633.2207031   1.1441691e-20
  24716.3007812   1.1333465e-20
  24799.3808594   1.1375803e-20
  24882.4609375   1.1177116e-20
  24965.5410156   1.1078787e-20
  25048.6210938   1.1141144e-20
  25131.7011719   1.1143199e-20
  25214.7812500   1.1089984e-20
  25297.8613281   1.0830687e-20
  25380.9414062   1.0787392e-20
  25464.0214844   1.0482649e-20
  25547.1015625   1.0439279e-20
  25630.1816406   1.0244974e-20
  25713.2617188   1.0377568e-20
  25796.3417969   1.0263664e-20
  25879.4218750   1.0033995e-20
  25962.5019531   9.7891074e-21
  26045.5820312   9.9971781e-21
  26128.6621094   1.0049210e-20
  26211.7421875   9.8746899e-21
  26294.8222656   9.9166289e-21
  26377.9023438   9.7974091e-21
  26460.9824219   9.7435995e-21
  26544.0625000   9.8107135e-21
  26627.1425781   9.6913611e-21
  26710.2226562   9.6828535e-21
  26793.3027344   9.6088030e-21
  26876.3808594   9.5750599e-21
  26959.4609375   9.3799357e-21
  27042.5410156   9.4520143e-21
  27125.6210938   9.3324350e-21
  27208.7011719   8.8495231e-21
  27291.7812500   7.9426028e-21
  27374.8613281   9.0693116e-21
  27457.9414062   9.1918547e-21
  27541.0214844   9.1225622e-21
  27624.1015625   9.0532341e-21
  27707.1816406   8.8778629e-21
  27790.2617188   8.9297136e-21
  27873.3417969   8.7289745e-21
  27956.4218750   8.8060234e-21
  28039.5019531   8.6759638e-21
  28122.5820312   8.6822905e-21
  28205.6621094   8.5773831e-21
  28288.7421875   8.5735792e-21
  28371.8222656   8.5748216e-21
  28454.9023438   8.4394992e-21
  28537.9824219   8.4811515e-21
  28621.0625000   8.5228223e-21
  28704.1425781   8.4632912e-21
  28787.2226562   8.3734136e-21
  28870.3027344   8.2834707e-21
  28953.3828125   8.2997849e-21
  29036.4628906   8.2401834e-21
  29119.5410156   8.1097151e-21
  29202.6210938   8.1411891e-21
  29285.7011719   8.0966894e-21
  29368.7812500   7.8951998e-21
  29451.8613281   7.7645643e-21
  29534.9414062   7.5832203e-21
  29618.0214844   7.4626288e-21
  29701.1015625   7.4585333e-21
  29784.1816406   7.4747328e-21
  29867.2617188   7.3844481e-21
  29950.3417969   7.4867899e-21
  30033.4218750   7.5232117e-21
  30116.5019531   7.5343213e-21
  30199.5820312   7.5099082e-21
  30282.6621094   7.3992833e-21
  30365.7421875   7.4965949e-21
  30448.8222656   7.4772281e-21
  30531.9023438   7.4680055e-21
  30614.9824219   7.5602418e-21
  30698.0625000   7.4292411e-21
  30781.1425781   7.3946061e-21
  30864.2226562   7.4208925e-21
  30947.3027344   7.4014611e-21
  31030.3828125   7.3922029e-21
  31113.4628906   7.3372172e-21
  31196.5429688   7.3736560e-21
  31279.6230469   7.4049725e-21
  31362.7011719   7.4007785e-21
  31445.7812500   7.3356065e-21
  31528.8613281   7.2348544e-21
  31611.9414062   7.1797775e-21
  31695.0214844   7.1247142e-21
  31778.1015625   7.0492671e-21
  31861.1816406   6.8721834e-21
  31944.2617188   6.9542803e-21
  32027.3417969   6.8432103e-21
  32110.4218750   6.8287395e-21
  32193.5019531   6.7837219e-21
  32276.5820312   6.7844966e-21
  32359.6621094   6.8208263e-21
  32442.7421875   6.7910551e-21
  32525.8222656   6.7511178e-21
  32608.9023438   6.6602652e-21
  32691.9824219   6.6457140e-21
  32775.0625000   6.4886483e-21
  32858.1406250   6.3824634e-21
  32941.2226562   6.3984327e-21
  33024.3007812   6.3176513e-21
  33107.3828125   6.4354074e-21
  33190.4609375   6.4055461e-21
  33273.5429688   6.4367645e-21
  33356.6210938   6.4170624e-21
  33439.7031250   6.3667853e-21
  33522.7812500   6.3267026e-21
  33605.8632812   6.2152748e-21
  33688.9414062   6.1853206e-21
  33772.0234375   6.2522067e-21
  33855.1015625   6.2477323e-21
  33938.1835938   6.2483640e-21
  34021.2617188   6.1419554e-21
  34104.3437500   6.1068814e-21
  34187.4218750   6.1227796e-21
  34270.5039062   6.1233984e-21
  34353.5820312   6.1443832e-21
  34436.6640625   6.0889112e-21
  34519.7421875   5.9211886e-21
  34602.8242188   5.9166654e-21
  34685.9023438   5.8866256e-21
  34768.9804688   5.8922898e-21
  34852.0625000   5.7857172e-21
  34935.1406250   5.8730167e-21
  35018.2226562   5.7510859e-21
  35101.3007812   5.7159081e-21
  35184.3828125   5.6653992e-21
  35267.4609375   5.7578080e-21
  35350.5429688   5.4724706e-21
  35433.6210938   5.7486867e-21
  35516.7031250   5.2590423e-21
  35599.7812500   5.8518783e-21
  35682.8632812   5.6174821e-21
  35765.9414062   5.6026744e-21
  35849.0234375   5.8790040e-21
  35932.1015625   5.7671469e-21
  36015.1835938   5.1495192e-21
  36098.2617188   5.6864378e-21
  36181.3437500   5.8504655e-21
  36264.4218750   5.7589970e-21
  36347.5039062   5.3455743e-21
  36430.5820312   5.6884613e-21
  36513.6640625   5.8269769e-21
  36596.7421875   5.7201276e-21
  36679.8242188   5.7257575e-21
  36762.9023438   5.5677450e-21
  36845.9843750   5.2358816e-21
  36929.0625000   5.6096174e-21
  37012.1406250   5.7123700e-21
  37095.2226562   5.6259260e-21
  37178.3007812   5.6315127e-21
  37261.3828125   5.6064157e-21
  37344.4609375   5.5199022e-21
  37427.5429688   5.1064808e-21
  37510.6210938   5.3264046e-21
  37593.7031250   5.5980506e-21
  37676.7812500   5.5626854e-21
  37759.8632812   5.4249699e-21
  37842.9414062   5.4561277e-21
  37926.0234375   5.5179874e-21
  38009.1015625   5.4723745e-21
  38092.1835938   5.4164950e-21
  38175.2617188   5.3862023e-21
  38258.3437500   5.1357419e-21
  38341.4218750   4.8156064e-21
  38424.5039062   5.0520738e-21
  38507.5820312   5.1779572e-21
  38590.6640625   5.2090920e-21
  38673.7421875   5.2197637e-21
  38756.8242188   5.1945618e-21
  38839.9023438   5.1795954e-21
  38922.9843750   5.1169651e-21
  39006.0625000   5.1445234e-21
  39089.1445312   5.0224517e-21
  39172.2226562   5.1186732e-21
  39255.3007812   5.0160370e-21
  39338.3828125   5.0784572e-21
  39421.4609375   5.0614014e-21
  39504.5429688   4.9772172e-21
  39587.6210938   4.8945194e-21
  39670.7031250   4.5734251e-21
  39753.7812500   4.8455194e-21
  39836.8632812   4.9715154e-21
  39919.9414062   4.9262426e-21
  40003.0234375   4.9178981e-21
  40086.1015625   4.8690278e-21
  40169.1835938   4.8478398e-21
  40252.2617188   4.8876891e-21
  40335.3437500   4.8506081e-21
  40418.4218750   4.8196688e-21
  40501.5039062   4.7753593e-21
  40584.5820312   4.7870130e-21
  40667.6640625   4.7206430e-21
  40750.7421875   4.8010354e-21
  40833.8242188   4.7633987e-21
  40916.9023438   4.7663076e-21
  40999.9843750   4.7219908e-21
  41083.0625000   4.7007616e-21
  41166.1445312   4.6784972e-21
  41249.2226562   4.6901209e-21
  41332.3046875   4.6786406e-21
  41415.3828125   4.6671481e-21
  41498.4609375   4.6387235e-21
  41643.8515625   4.5073827e-21
  41851.5546875   4.3978212e-21
  42059.2539062   4.5050276e-21
  42266.9531250   4.4457678e-21
  42474.6523438   4.4317320e-21
  42682.3515625   4.4150830e-21
  42890.0546875   4.3490539e-21
  43097.7539062   4.2974101e-21
  43305.4531250   4.2714246e-21
  43513.1523438   4.2171820e-21
  43720.8515625   4.1844898e-21
  43928.5546875   4.1332571e-21
  44136.2539062   4.0979388e-21
  44343.9531250   4.0152405e-21
  44551.6523438   4.0030913e-21
  44759.3515625   3.9666719e-21
  44967.0546875   3.8808063e-21
  45174.7539062   3.8108990e-21
  45382.4531250   3.6564231e-21
  45590.1523438   3.6492999e-21
  45797.8515625   3.6514483e-21
  46005.5546875   3.6030844e-21
  46213.2539062   3.5923085e-21
  46420.9531250   3.5676086e-21
  46628.6523438   3.5511478e-21
  46836.3515625   3.4985766e-21
  47044.0546875   3.4717752e-21
  47251.7539062   3.4387849e-21
  47459.4531250   3.4005779e-21
  47667.1523438   3.4196882e-21
  47874.8515625   3.4129512e-21
  48082.5546875   3.3711499e-21
  48290.2539062   3.3272296e-21
  48497.9531250   3.3018857e-21
  48705.6523438   3.2987405e-21
  48913.3515625   3.2552916e-21
  49121.0546875   3.2232114e-21
  49328.7539062   3.1740730e-21
  49536.4531250   3.1884777e-21
  49744.1523438   3.0953430e-21
  49951.8515625   3.1376491e-21
  50159.5546875   3.0832949e-21
  50367.2539062   3.0795462e-21
  50574.9531250   3.0727102e-21
  50782.6523438   3.0493587e-21
  50990.3515625   3.0197460e-21
  51198.0546875   2.9828785e-21
  51405.7539062   2.9734348e-21
  51613.4531250   2.9355208e-21
  51821.1523438   2.9105265e-21
  52028.8554688   2.8819201e-21
  52236.5546875   2.8626199e-21
  52444.2539062   2.8577836e-21
  52651.9531250   2.8089436e-21
  52859.6523438   2.8118688e-21
  53067.3554688   2.7826919e-21
  53275.0546875   2.6488480e-21
  53482.7539062   2.7206746e-21
  53690.4531250   2.7116562e-21
  53898.1523438   2.7119896e-21
  54105.8554688   2.6869036e-21
  54313.5546875   2.6815281e-21
  54521.2539062   2.6403692e-21
  54728.9531250   2.6225254e-21
  54936.6523438   2.6134881e-21
  55144.3554688   2.5707303e-21
  55352.0546875   2.5741309e-21
  55559.7539062   2.5396571e-21
  55767.4531250   2.5544676e-21
  55975.1523438   2.5339973e-21
  56182.8554688   2.5218184e-21
  56390.5546875   2.4712308e-21
  56598.2539062   2.4528167e-21
  56805.9531250   2.4582626e-21
  57013.6523438   2.4403631e-21
  57221.3554688   2.4343899e-21
  57429.0546875   2.4258093e-21
  57636.7539062   2.3974984e-21
  57844.4531250   2.3639984e-21
  58052.1523438   2.3408662e-21
  58259.8554688   2.3130490e-21
  58467.5546875   2.2940596e-21
  58675.2539062   2.2454557e-21
  58882.9531250   2.2441246e-21
  59090.6523438   2.2209462e-21
  59298.3554688   2.2019392e-21
  59506.0546875   2.2130787e-21
  59713.7539062   2.2184798e-21
  59921.4531250   2.1589061e-21
  60129.1523438   2.1793974e-21
  60336.8554688   2.1442501e-21
  60523.7851562   2.1615908e-21
  60731.4843750   2.1352567e-21
  60959.9531250   2.1209198e-21
  61167.6523438   2.0898979e-21
  61375.3554688   2.0926898e-21
  61583.0546875   2.0980917e-21
  61790.7539062   2.0868252e-21
  61998.4531250   2.1140749e-21
  62206.1523438   2.0872011e-21
  62413.8554688   2.0639748e-21
  62621.5546875   2.0558235e-21
  62829.2539062   2.0560043e-21
  63036.9531250   2.0697115e-21
  63244.6562500   2.0553180e-21
  63452.3554688   2.0664236e-21
  63660.0546875   2.0431771e-21
  63867.7539062   2.0412667e-21
  64075.4531250   2.0377823e-21
  64283.1562500   2.0348221e-21
  64490.8554688   2.0073858e-21
  64698.5546875   1.9320308e-21
  64906.2539062   1.9649849e-21
  65113.9531250   1.9536952e-21
  65321.6562500   1.9762706e-21
  65529.3554688   1.8628148e-21
  65737.0546875   1.8619397e-21
  65944.7578125   1.8422633e-21
  66152.4531250   1.8992372e-21
  66360.1562500   1.8639277e-21
  66671.7031250   1.8724938e-21
  67087.1015625   1.8774591e-21
  67502.5078125   1.8308262e-21
  67917.9062500   1.8686408e-21
  68333.3046875   1.8016404e-21
  68748.7031250   1.8144247e-21
  69164.1015625   1.7724217e-21
  69579.5078125   1.7810283e-21
  69994.9062500   1.7165662e-21
  70410.3046875   1.7313987e-21
  70825.7031250   1.6951027e-21
  71241.1015625   1.6833144e-21
  71656.5078125   1.6381260e-21
  72071.9062500   1.5955095e-21
  72487.3046875   1.5910173e-21
  72902.7031250   1.5771174e-21
  73318.1015625   1.5423138e-21
  73733.5078125   1.5059420e-21
  74148.9062500   1.5071792e-21
  74564.3046875   1.4451582e-21
  74979.7031250   1.4260044e-21
  75395.1015625   1.4005507e-21
  75810.5078125   1.3667234e-21
  76225.9062500   1.3412788e-21
  76641.3046875   1.3351548e-21
  77056.7031250   1.3190974e-21
  77472.1015625   1.2768772e-21
  77887.5078125   1.2393568e-21
  78302.9062500   1.2389758e-21
  78718.3046875   1.2003793e-21
  79133.7031250   1.2266799e-21
  79549.1015625   1.1870475e-21
  79964.5078125   1.1798385e-21
  80379.9062500   1.1569380e-21
  80795.3046875   1.1047010e-21
  81210.7031250   1.1147605e-21
  81626.1093750   1.0954972e-21
  82041.5078125   1.0715292e-21
  82456.9062500   1.0464939e-21
  82872.3046875   1.0460758e-21
  83287.7031250   1.0341353e-21
  83703.1093750   1.0316041e-21
  84118.5078125   9.9607581e-22
  84533.9062500   9.7573880e-22
  84949.3046875   9.6430882e-22
  85364.7031250   9.4604865e-22
  85780.1093750   9.2727048e-22
  86195.5078125   9.1319821e-22
  86610.9062500   9.1747144e-22
  87026.3046875   8.8819962e-22
  87441.7031250   8.8513112e-22
  87857.1093750   8.6475473e-22
  88272.5078125   8.5696265e-22
  88687.9062500   8.4760870e-22
  89103.3046875   8.2827068e-22
  89518.7031250   8.1837768e-22
  89934.1093750   7.9639797e-22
  90349.5078125   7.8440138e-22
  90764.9062500   7.7554655e-22
  91180.3046875   7.6197092e-22
  91595.7031250   7.4104387e-22
  92011.1093750   7.3794876e-22
  92426.5078125   7.2856164e-22
  92841.9062500   7.1917700e-22
  93257.3046875   7.1502923e-22
  93672.7031250   6.9723848e-22
  94088.1093750   6.8522316e-22
  94503.5078125   6.8265503e-22
  94918.9062500   6.6800095e-22
  95334.3046875   5.7772361e-22
  95749.7031250   6.1979385e-22
  96165.1093750   6.2141282e-22
  96580.5078125   5.3531157e-22
  96995.9062500   5.8369396e-22
  97411.3046875   5.5169211e-22
  97826.7031250   4.9771519e-22
  98242.1093750   5.3496376e-22
  98657.5078125   5.1798228e-22
  99072.9062500   4.6866613e-22
  99488.3046875   5.0760491e-22
  99903.7031250   4.9145737e-22
 100319.1093750   4.4639238e-22
 100734.5078125   4.6398441e-22
 101149.9062500   4.5208833e-22
 101565.3046875   4.3414396e-22
 101980.7031250   4.3180883e-22
 102396.1093750   4.3352852e-22
 102811.5078125   4.2041634e-22
 103226.9062500   3.8399810e-22
 103642.3046875   3.8281602e-22
 104057.7109375   3.9221346e-22
 104473.1093750   3.7393761e-22
 104888.5078125   3.8506712e-22
 105303.9062500   3.8694208e-22
 105719.3046875   3.8476452e-22
 106134.7109375   3.8421908e-22
 106550.1093750   3.8487776e-22
 106965.5078125   3.8896449e-22
 107380.9062500   3.7694182e-22
 107796.3046875   3.7812736e-22
 108211.7109375   3.8126736e-22
 108627.1093750   3.7192633e-22
 109042.5078125   3.6869322e-22
 109457.9062500   3.7314358e-22
 109873.3046875   3.6696143e-22
 110288.7109375   3.6499090e-22
 110704.1093750   3.6259432e-22
 111119.5078125   3.6030685e-22
 111534.9062500   3.5354151e-22
 111950.3046875   3.4956736e-22
 112365.7109375   3.5022506e-22
 112781.1093750   3.4530108e-22
 113196.5078125   3.4975780e-22
 113611.9062500   3.4082181e-22
 114027.3046875   3.4512218e-22
 114442.7109375   3.3682200e-22
 114858.1093750   3.3105107e-22
 115273.5078125   3.2796436e-22
 115688.9062500   3.2946865e-22
 116104.3046875   3.2865356e-22
 116519.7109375   3.2229570e-22
 116935.1093750   3.1588868e-22
 117350.5078125   3.1507125e-22
 117765.9062500   3.0839854e-22
 118181.3046875   2.9686722e-22
 118596.7109375   3.0061694e-22
 119012.1093750   2.9924569e-22
 119427.5078125   2.9222846e-22
 119842.9062500   2.8901082e-22
 120258.3046875   2.8257341e-22
 120673.7109375   2.8357669e-22
 121089.1093750   2.7740404e-22
 121504.5078125   2.6948927e-22
 121919.9062500   2.6774919e-22
 122335.3046875   2.6236777e-22
 122750.7109375   2.5819887e-22
 123166.1093750   2.5529760e-22
 123581.5078125   2.5197368e-22
 123996.9062500   2.4791119e-22
 124412.3046875   2.4511582e-22
 124827.7109375   2.4237220e-22
 125243.1093750   2.3999739e-22
 125658.5078125   2.3667410e-22
 126073.9062500   2.3229540e-22
 126489.3125000   2.3123987e-22
 126904.7109375   2.2912905e-22
 127320.1093750   2.2686110e-22
 127735.5078125   2.2490876e-22
 128150.9062500   2.2163760e-22
 128566.3125000   2.1931664e-22
 128981.7109375   2.1789189e-22
 129397.1093750   2.1451541e-22
 129812.5078125   2.1266933e-22
 130227.9062500   2.1034799e-22
 130643.3125000   2.0807942e-22
 131058.7109375   2.0559952e-22
 131474.1093750   2.0296099e-22
 131889.5156250   2.0137877e-22
 132304.9062500   1.9932069e-22
 132720.3125000   1.9763313e-22
 133343.4062500   1.9420351e-22
 134174.2031250   1.9008810e-22
 135005.0156250   1.8650085e-22
 135835.8125000   1.8259680e-22
 136666.6093750   1.7821785e-22
 137497.4062500   1.7526366e-22
 138328.2031250   1.7251973e-22
 139159.0156250   1.7098998e-22
 139989.8125000   1.6661111e-22
 140820.6093750   1.6428957e-22
 141651.4062500   1.6223176e-22
 142482.2031250   1.6117644e-22
 143313.0156250   1.5801124e-22
 144143.8125000   1.5484562e-22
 144974.6093750   1.5041441e-22
 145805.4062500   1.4883143e-22
 146636.2031250   1.4534901e-22
 147467.0156250   1.4081184e-22
 148297.8125000   1.3922958e-22
 149128.6093750   1.3558902e-22
 149959.4062500   1.3374259e-22
 150790.2031250   1.2967986e-22
 151621.0156250   1.2646161e-22
 152451.8125000   1.2387691e-22
 153282.6093750   1.2007800e-22
 154113.4062500   1.1696542e-22
 154944.2031250   1.1464377e-22
 155775.0156250   1.1100362e-22
 156605.8125000   1.0963203e-22
 157436.6093750   1.0746868e-22
 158267.4062500   1.0541141e-22
 159098.2031250   1.0356488e-22
 159929.0156250   1.0182355e-22
 160759.8125000   9.9660528e-23
 161590.6093750   9.7866576e-23
 162421.4062500   9.6072845e-23
 163252.2187500   9.4754148e-23
 164083.0156250   9.2854602e-23
 164913.8125000   9.1377589e-23
 165744.6093750   8.9478113e-23
 166575.4062500   8.8106657e-23
 167406.2187500   8.6893098e-23
 168237.0156250   8.5363074e-23
 169067.8125000   8.4413532e-23
 169898.6093750   8.3358042e-23
 170729.4062500   8.2408714e-23
 171560.2187500   8.1089669e-23
 172391.0156250   7.9190225e-23
 173221.8125000   7.8135164e-23
 174052.6093750   7.7449133e-23
 174883.4062500   7.5866514e-23
 175714.2187500   7.5338918e-23
 176545.0156250   7.4020138e-23
 177375.8125000   7.3123184e-23
 178206.6093750   6.9588323e-23
 179037.4062500   6.6264499e-23
 179868.2187500   6.6211841e-23
 180699.0156250   6.2782366e-23
 181529.8125000   6.1041464e-23
 182360.6093750   5.9722469e-23
 183191.4062500   5.7348427e-23
 184022.2187500   5.6926349e-23
 184853.0156250   5.5554589e-23
 185683.8125000   5.3655201e-23
 186514.6093750   5.3971894e-23
 187345.4062500   5.2584190e-23
 188176.2187500   5.0669173e-23
 189007.0156250   5.0004419e-23
 189837.8125000   4.8906950e-23
 190668.6093750   4.7287355e-23
 191499.4062500   4.7598649e-23
 192330.2187500   4.6585679e-23
 193161.0156250   4.5899856e-23
 193991.8125000   4.5414404e-23
 194822.6093750   4.4459437e-23
 195653.4062500   4.3678698e-23
 196484.2187500   4.4021493e-23
 197315.0156250   4.3050793e-23
 198145.8125000   4.2422974e-23
 198976.6093750   4.1779345e-23
 199807.4062500   4.0845523e-23
 200638.2187500   4.0940534e-23
 201469.0156250   4.0101649e-23
 202299.8125000   3.9368208e-23
 203130.6093750   3.8983155e-23
 203961.4062500   3.8281432e-23
 204792.2187500   3.7833002e-23
 205623.0156250   3.6988852e-23
 206453.8125000   3.6682931e-23
 207284.6093750   3.6155278e-23
 208115.4218750   3.5859875e-23
 208946.2187500   3.5326990e-23
 209777.0156250   3.4498730e-23
 210607.8125000   3.4166260e-23
 211438.6093750   3.3818120e-23
 212269.4218750   3.3311624e-23
 213100.2187500   3.2868388e-23
 213931.0156250   3.2456981e-23
 214761.8125000   3.2377824e-23
 215592.6093750   3.1807992e-23
 216423.4218750   3.1333252e-23
 217254.2187500   3.0868853e-23
 218085.0156250   3.0615701e-23
 218915.8125000   3.0531243e-23
 219746.6093750   2.9834811e-23
 220577.4218750   2.9365265e-23
 221408.2187500   2.9117282e-23
 222239.0156250   2.8700599e-23
 223069.8125000   2.8362901e-23
 223900.6093750   2.8046290e-23
 224731.4218750   2.7745642e-23
 225562.2187500   2.7328777e-23
 226393.0156250   2.7181067e-23
 227223.8125000   2.6706331e-23
 228054.6093750   2.6500580e-23
 228885.4218750   2.6067937e-23
 229716.2187500   2.6157618e-23
 230547.0156250   2.5455866e-23
 231377.8125000   2.5450614e-23
 232208.6093750   2.4960017e-23
 233039.4218750   2.4828054e-23
 233870.2187500   2.4316333e-23
 234701.0156250   2.4210835e-23
 235531.8125000   2.3867927e-23
 236362.6093750   2.3429955e-23
 237193.4218750   2.3287562e-23
 238024.2187500   2.3029024e-23
 238855.0156250   2.2707243e-23
 239685.8125000   2.2390645e-23
 240516.6093750   2.2295658e-23
 241347.4218750   2.1989723e-23
 242178.2187500   2.1783927e-23
 243009.0156250   2.1530731e-23
 243839.8125000   2.1229978e-23
 244670.6093750   2.0971430e-23
 245501.4218750   2.0660152e-23
 246332.2187500   2.0470213e-23
 247163.0156250   2.0174791e-23
 247993.8125000   2.0042938e-23
 248824.6093750   1.9784417e-23
 249655.4218750   1.9520570e-23
 250486.2187500   1.9309534e-23
 251317.0156250   1.9077389e-23
 252147.8125000   1.8908560e-23
 252978.6250000   1.8665902e-23
 253809.4218750   1.8412686e-23
 254640.2187500   1.8217466e-23
 255471.0156250   1.8022261e-23
 256301.8125000   1.7827031e-23
 257132.6250000   1.7563275e-23
 257963.4218750   1.7378588e-23
 258794.2187500   1.7151721e-23
 259625.0156250   1.6945964e-23
 260455.8125000   1.6724378e-23
 261286.6250000   1.6508082e-23
 262117.4218750   1.6302312e-23
 262948.2187500   1.6175722e-23
 263779.0312500   1.6001621e-23
 264609.8125000   1.5885526e-23
 265440.6250000   1.5648157e-23
 266686.8125000   1.5336882e-23
 268348.4062500   1.4962246e-23
 270010.0312500   1.4650968e-23
 271671.6250000   1.4323879e-23
 273333.2187500   1.3970428e-23
 274994.8125000   1.3632763e-23
 276656.4062500   1.3368974e-23
 278318.0312500   1.3099872e-23
 279979.6250000   1.2804431e-23
 281641.2187500   1.2503732e-23
 283302.8125000   1.2250485e-23
 284964.4062500   1.1997257e-23
 286626.0312500   1.1691252e-23
 288287.6250000   1.1438023e-23
 289949.2187500   1.1195343e-23
 291610.8125000   1.0963202e-23
 293272.4062500   1.0736347e-23
 294934.0312500   1.0514740e-23
 296595.6250000   1.0298432e-23
 298257.2187500   1.0097963e-23
 299918.8125000   9.9080094e-24
 301580.4062500   9.7180864e-24
 303242.0312500   9.5176218e-24
 304903.6250000   9.3118411e-24
 306565.2187500   9.1219205e-24
 308226.8125000   8.9266948e-24
 309888.4062500   8.7578896e-24
 311550.0312500   8.5890686e-24
 313211.6250000   8.4413528e-24
 314873.2187500   8.2461208e-24
 316534.8125000   8.0825852e-24
 318196.4062500   7.9032140e-24
 319858.0312500   7.7713196e-24
 321519.6250000   7.6288506e-24
 323181.2187500   7.4916913e-24
 324842.8125000   7.3387004e-24
 326504.4375000   7.1856764e-24
 328166.0312500   7.0537891e-24
 329827.6250000   6.9377161e-24
 331489.2187500   6.8058344e-24
 333150.8125000   6.6792174e-24
 334812.4375000   6.5473021e-24
 336474.0312500   6.4312540e-24
 338135.6250000   6.3046241e-24
 339797.2187500   6.1938294e-24
 341458.8125000   6.0619358e-24
 343120.4375000   5.9511438e-24
 344782.0312500   5.8509017e-24
 346443.6250000   5.7453805e-24
 348105.2187500   5.6504154e-24
 349766.8125000   5.5501910e-24
 351428.4375000   5.4499489e-24
 353090.0312500   5.3549736e-24
 354751.6250000   5.2673868e-24
 356413.2187500   5.1798224e-24
 358074.8125000   5.0922372e-24
 359736.4375000   5.0057157e-24
 361398.0312500   4.9207719e-24
 363059.6250000   4.8437539e-24
 364721.2187500   4.7719841e-24
 366382.8125000   4.7055123e-24
 368044.4375000   4.6300731e-24
 369706.0312500   4.5588457e-24
 371367.6250000   4.4797143e-24
 373029.2187500   4.4011055e-24
 374690.8125000   4.3356848e-24
 376352.4375000   4.2544436e-24
 378014.0312500   4.1779344e-24
 379675.6250000   4.1051260e-24
 381337.2187500   4.0381241e-24
 382998.8125000   3.9822069e-24
 384660.4375000   3.9363023e-24
 386322.0312500   3.8803804e-24
 387983.6250000   3.8075701e-24
 389645.2187500   3.7426784e-24
 391306.8125000   3.6783113e-24
 392968.4375000   3.6218691e-24
 394630.0312500   3.5801809e-24
 396291.6250000   3.5279544e-24
 397953.2187500   3.4688644e-24
 399614.8125000   3.4187421e-24
 401276.4375000   3.3586037e-24
 402938.0312500   3.2989867e-24
 404599.6250000   3.2599411e-24
 406261.2187500   3.2187836e-24
 407922.8125000   3.1707850e-24
 409584.4375000   3.1306842e-24
 411246.0312500   3.0890010e-24
 412907.6250000   3.0341296e-24
 414569.2187500   2.9787417e-24
 416230.8437500   2.9270370e-24
 830800.0625000   1.7389125e-25
1661600.1250000   1.1131998e-26
2492400.2500000   2.2079335e-27
3323200.2500000   6.9851962e-28
4154000.2500000   2.8563407e-28
4984800.5000000   1.3748808e-28
5815600.5000000   7.4072824e-29
6646400.5000000   4.3341049e-29
