    248.8850098   6.5842995e-23
    257.0900269   7.5352158e-23
    262.5599976   8.0577755e-23
    268.0299988   4.5146144e-22
    273.5000000   1.2493579e-21
    278.9700012   1.3557534e-21
    284.4400024   1.2873959e-21
    289.9100037   1.3086418e-21
    295.3800049   1.3353661e-21
    300.8500061   1.5255463e-21
    311.7900085   1.5827726e-21
    322.7300110   1.5370262e-21
    330.9350281   1.9480489e-21
    341.8750305   2.0217280e-21
    347.3450317   2.0645552e-21
    350.0800171   2.0971157e-21
    358.2850037   2.0234423e-21
    361.0200195   2.0936830e-21
    366.4900208   1.9994496e-21
    374.6950073   2.2238939e-21
    382.9000244   2.2290375e-21
    391.1050110   2.8167144e-21
    402.0450134   3.5037586e-21
    412.9850159   3.1370984e-21
    423.9250183   3.5397344e-21
    434.8650208   3.5551585e-21
    443.0700073   3.5602993e-21
    454.0100098   3.5825721e-21
    464.9500122   3.5791435e-21
    473.1550293   2.9417806e-21
    484.0950317   3.6065519e-21
    492.3000183   3.6116879e-21
    497.7700195   3.6116879e-21
    508.7100220   3.6168303e-21
    522.3850098   3.6219804e-21
    530.5900269   3.6425270e-21
    541.5300293   3.6339628e-21
    552.4700317   3.6459520e-21
    560.6750488   3.6425270e-21
    574.3500366   3.5311634e-21
    590.7600098   3.6391056e-21
    601.7000122   3.6528118e-21
    609.9050293   3.6082628e-21
    620.8450317   3.6613724e-21
    629.0500488   4.5848687e-21
    639.9900513   6.8567489e-21
    656.4000244   7.4718126e-21
    672.8100586   6.9715283e-21
    689.2200317   7.1976798e-21
    702.8950195   6.6288663e-21
    711.1000366   6.9595366e-21
    722.0400391   8.7328091e-21
    735.7150269   8.9572884e-21
    749.3900146   9.0909266e-21
    763.0650635   7.8487356e-21
    776.7400513   9.2930898e-21
    793.1500244   9.6254880e-21
    809.5600586   8.8544612e-21
    823.2350464   8.0886228e-21
    842.3800659   8.6899976e-21
    869.7300415   8.5272418e-21
    897.0800171   8.7773742e-21
    924.4300537   8.1323640e-21
    951.7800293   7.4451813e-21
    976.3950195   9.7107910e-21
   1001.0100708   1.4383957e-20
   1025.6250000   1.3797323e-20
   1052.9750977   1.0637178e-20
   1080.3250732   1.5391270e-20
   1107.6750488   1.8575947e-20
   1132.2900391   1.8046893e-20
   1154.1700439   1.6052162e-20
   1176.0500488   1.5042037e-20
   1206.1350098   1.7143890e-20
   1233.4851074   1.7045616e-20
   1258.1000977   1.4707250e-20
   1285.4500732   1.4704861e-20
   1312.8000488   1.6238575e-20
   1340.1500244   1.3508144e-20
   1367.5001221   1.6433793e-20
   1383.9100342   1.4022556e-20
   1400.3200684   2.1930894e-20
   1422.2000732   2.0629779e-20
   1449.5500488   1.8796292e-20
   1476.9000244   1.5275510e-20
   1504.2501221   1.4673186e-20
   1531.6000977   1.9141848e-20
   1558.9500732   2.1295721e-20
   1586.3000488   2.0680580e-20
   1613.6500244   2.0942533e-20
   1641.0001221   1.7497450e-20
   1668.3500977   1.6943735e-20
   1695.7000732   2.1521564e-20
   1723.0500488   2.0260033e-20
   1750.4001465   2.2404812e-20
   1777.7501221   2.1626070e-20
   1799.6301270   1.9908451e-20
   1818.7751465   2.2613696e-20
   1846.1251221   2.3996474e-20
   1873.4750977   2.0729957e-20
   1900.8250732   2.4385635e-20
   1928.1750488   1.9931284e-20
   1958.2601318   2.6015557e-20
   1985.6101074   2.6781153e-20
   2010.2250977   2.7364330e-20
   2037.5750732   2.7016239e-20
   2064.9250488   2.7468723e-20
   2092.2751465   2.5287947e-20
   2119.6250000   2.9035687e-20
   2146.9750977   2.7400167e-20
   2174.3251953   3.0480203e-20
   2201.6750488   3.2884565e-20
   2229.0251465   3.5548462e-20
   2256.3750000   3.8929611e-20
   2283.7250977   3.3373132e-20
   2311.0751953   4.4573228e-20
   2338.4250488   4.7507177e-20
   2365.7751465   5.3549272e-20
   2393.1250000   5.8598521e-20
   2420.4750977   6.4117671e-20
   2447.8251953   7.0364326e-20
   2475.1750488   7.5714407e-20
   2502.5251465   7.9829249e-20
   2529.8752441   2.0414373e-19
   2557.2250977   3.3868365e-19
   2584.5751953   4.6847684e-19
   2611.9250488   5.6742646e-19
   2639.2751465   6.2316747e-19
   2666.6252441   2.6555576e-19
   2693.9750977   5.2965936e-19
   2721.3251953   5.2527877e-19
   2748.6750488   6.6954299e-19
   2776.0251465   7.0686755e-19
   2803.3752441   5.1618371e-19
   2830.7250977   6.9245662e-19
   2858.0751953   9.4803687e-19
   2885.4250488   9.2285439e-19
   2912.7751465   7.9246943e-19
   2940.1252441   8.8055599e-19
   2967.4750977   7.8612588e-19
   2994.8251953   9.2744979e-19
   3022.1750488   8.8910129e-19
   3049.5251465   8.7760637e-19
   3076.8752441   7.7626904e-19
   3104.2250977   9.3451919e-19
   3131.5751953   8.9850654e-19
   3158.9250488   9.0928832e-19
   3186.2751465   9.0197397e-19
   3213.6252441   6.1363215e-19
   3240.9750977   8.8180989e-19
   3268.3251953   7.8648152e-19
   3295.6750488   6.7442134e-19
   3323.0251465   5.6407964e-19
   3350.3752441   8.7971713e-19
   3377.7250977   1.0346669e-18
   3405.0751953   1.0575875e-18
   3432.4250488   1.0365771e-18
   3459.7751465   1.0249610e-18
   3487.1252441   1.1525817e-18
   3514.4750977   1.1750296e-18
   3541.8251953   1.0223266e-18
   3569.1752930   1.0470779e-18
   3596.5251465   1.1869798e-18
   3623.8752441   1.1398108e-18
   3651.2250977   1.0867805e-18
   3678.5751953   1.1702195e-18
   3705.9252930   1.1517923e-18
   3733.2751465   1.0831306e-18
   3760.6252441   1.0784931e-18
   3787.9750977   1.0718352e-18
   3815.3251953   8.0401366e-19
   3842.6752930   7.9221538e-19
   3870.0251465   1.0234272e-18
   3897.3752441   9.9775280e-19
   3924.7250977   1.0474091e-18
   3943.8701172   1.0625131e-18
   3957.5451660   1.0608764e-18
   3979.4252930   1.0321662e-18
   4006.7751465   9.8497431e-19
   4034.1252441   1.0073912e-18
   4061.4750977   1.0192691e-18
   4088.8251953   1.0128745e-18
   4116.1752930   9.6113362e-19
   4135.3203125   8.8846891e-19
   4148.9951172   9.1725396e-19
   4170.8750000   9.1844717e-19
   4198.2250977   7.9535644e-19
   4225.5751953   7.1470597e-19
   4252.9252930   7.1618905e-19
   4280.2753906   8.0041998e-19
   4307.6250000   8.4889410e-19
   4334.9750977   8.6343036e-19
   4362.3251953   8.6522968e-19
   4389.6752930   8.5254812e-19
   4417.0253906   8.4048416e-19
   4444.3750000   8.3208088e-19
   4471.7250977   8.7359940e-19
   4499.0751953   8.7559291e-19
   4526.4252930   8.6556412e-19
   4553.7753906   8.9199549e-19
   4572.9204102   8.3644457e-19
   4586.5952148   9.2882353e-19
   4608.4750977   9.1688349e-19
   4635.8251953   8.7757163e-19
   4663.1752930   8.5888815e-19
   4690.5253906   8.1445521e-19
   4717.8750000   8.0168649e-19
   4745.2250977   8.4101593e-19
   4772.5751953   8.2493094e-19
   4799.9252930   8.3928909e-19
   4827.2753906   8.1634248e-19
   4854.6250000   7.9375125e-19
   4881.9750977   8.1460545e-19
   4909.3251953   8.3185796e-19
   4936.6752930   8.3841228e-19
   4964.0253906   7.7481460e-19
   4991.3750000   7.9412787e-19
   5018.7250977   7.7778423e-19
   5046.0751953   7.2666990e-19
   5073.4252930   7.2624560e-19
   5100.7753906   7.3626871e-19
   5128.1254883   7.6502574e-19
   5155.4750977   7.0177915e-19
   5182.8251953   6.6910500e-19
   5210.1752930   7.1409417e-19
   5237.5253906   6.7664051e-19
   5264.8754883   6.4819843e-19
   5292.2250977   6.8640698e-19
   5319.5751953   6.9759693e-19
   5346.9252930   6.3911035e-19
   5379.7451172   6.8801564e-19
   5404.3603516   7.0791451e-19
   5426.2402344   6.7146888e-19
   5456.3251953   6.5758320e-19
   5483.6752930   6.7911156e-19
   5511.0253906   6.6750539e-19
   5538.3754883   6.8762899e-19
   5565.7250977   6.4131752e-19
   5593.0751953   6.5131746e-19
   5620.4252930   5.8300486e-19
   5647.7753906   6.0900082e-19
   5672.3901367   6.6839130e-19
   5683.3300781   6.1957343e-19
   5702.4750977   6.4293347e-19
   5729.8251953   6.1211133e-19
   5757.1752930   6.2536628e-19
   5784.5253906   6.3097492e-19
   5811.8754883   6.3218152e-19
   5839.2250977   6.1789683e-19
   5866.5751953   6.0127774e-19
   5893.9252930   6.2083731e-19
   5921.2753906   6.1000734e-19
   5948.6254883   6.0862921e-19
   5975.9750977   5.9143021e-19
   6003.3251953   6.0581038e-19
   6030.6752930   5.9988772e-19
   6058.0253906   5.8538585e-19
   6085.3754883   5.7520206e-19
   6112.7250977   5.8017735e-19
   6140.0751953   5.7625651e-19
   6167.4252930   5.6129204e-19
   6194.7753906   5.7099880e-19
   6222.1254883   5.7167129e-19
   6249.4750977   5.7155828e-19
   6276.8251953   5.4030006e-19
   6304.1752930   5.5181818e-19
   6331.5253906   5.3852803e-19
   6358.8754883   4.7364470e-19
   6386.2250977   5.2045191e-19
   6413.5751953   5.2014797e-19
   6440.9252930   5.2187099e-19
   6468.2753906   5.1081417e-19
   6495.6254883   5.0559368e-19
   6522.9750977   4.9134947e-19
   6550.3251953   4.9924114e-19
   6577.6752930   4.8804178e-19
   6605.0253906   4.8809110e-19
   6632.3754883   4.9089008e-19
   6659.7250977   4.7647180e-19
   6687.0751953   4.8258115e-19
   6714.4252930   4.7814881e-19
   6741.7753906   4.7221782e-19
   6769.1254883   4.6403540e-19
   6796.4750977   4.6163683e-19
   6823.8251953   3.9637642e-19
   6851.1752930   4.5205069e-19
   6873.0551758   4.3093931e-19
   6886.7304688   4.4789866e-19
   6905.8754883   4.4174500e-19
   6933.2250977   4.4055345e-19
   6960.5751953   4.3053445e-19
   6987.9252930   4.3644381e-19
   7015.2753906   4.3222818e-19
   7042.6254883   4.3649364e-19
   7069.9755859   4.3257193e-19
   7097.3251953   4.2824510e-19
   7124.6752930   4.2285698e-19
   7152.0253906   4.1763020e-19
   7179.3754883   4.1803576e-19
   7206.7255859   4.1718477e-19
   7234.0751953   4.2006018e-19
   7261.4252930   4.1849316e-19
   7288.7753906   4.0396678e-19
   7316.1254883   4.0628157e-19
   7343.4755859   4.0520882e-19
   7370.8251953   3.9494803e-19
   7398.1752930   3.9259093e-19
   7425.5253906   3.8859231e-19
   7452.8754883   3.8789495e-19
   7480.2255859   3.8727025e-19
   7507.5751953   3.7572872e-19
   7534.9252930   3.7425146e-19
   7562.2753906   3.7351912e-19
   7589.6254883   3.7738911e-19
   7616.9755859   3.7208484e-19
   7644.3251953   3.5170329e-19
   7671.6752930   3.5840511e-19
   7699.0253906   3.6526355e-19
   7726.3754883   3.6157665e-19
   7753.7255859   3.4897533e-19
   7781.0751953   3.4906880e-19
   7808.4252930   3.4579890e-19
   7835.7753906   3.4784147e-19
   7863.1254883   3.4343634e-19
   7890.4755859   3.4131168e-19
   7917.8251953   3.3730019e-19
   7958.8505859   3.3606107e-19
   8013.5502930   3.3140606e-19
   8068.2504883   3.2450572e-19
   8122.9501953   3.2197031e-19
   8177.6503906   3.1709385e-19
   8232.3505859   3.1147072e-19
   8287.0507812   3.0973969e-19
   8341.7500000   3.0603069e-19
   8396.4501953   3.0205420e-19
   8451.1503906   2.9609253e-19
   8505.8505859   2.9312440e-19
   8560.5507812   2.8762810e-19
   8615.2500000   2.8443487e-19
   8669.9501953   2.7864466e-19
   8724.6503906   2.7231494e-19
   8779.3505859   2.6942537e-19
   8834.0507812   2.6481156e-19
   8888.7500000   2.6167386e-19
   8943.4501953   2.5674699e-19
   8998.1503906   2.5278733e-19
   9052.8505859   2.4888650e-19
   9107.5507812   2.4391098e-19
   9162.2500000   2.3911367e-19
   9216.9501953   2.3504885e-19
   9271.6503906   2.3164345e-19
   9326.3505859   2.2814303e-19
   9381.0507812   2.2266697e-19
   9435.7500000   2.1900000e-19
   9490.4501953   2.1631485e-19
   9545.1503906   2.1287774e-19
   9599.8505859   2.1004432e-19
   9654.5507812   2.0692573e-19
   9709.2500000   2.0395644e-19
   9763.9501953   2.0024815e-19
   9818.6503906   1.9570446e-19
   9873.3505859   1.9293007e-19
   9928.0507812   1.9062818e-19
   9955.4003906   1.8958955e-19
   9982.7500000   1.8902585e-19
  10037.4501953   1.8553931e-19
  10092.1503906   1.7821867e-19
  10146.8505859   1.8113198e-19
  10201.5507812   1.7920920e-19
  10256.2509766   1.9520571e-19
  10310.9501953   1.9512857e-19
  10365.6503906   2.0614927e-19
  10420.3505859   2.1699519e-19
  10475.0507812   1.9106572e-19
  10529.7509766   2.1886729e-19
  10584.4501953   2.2088163e-19
  10639.1503906   1.8079579e-19
  10693.8505859   2.1947948e-19
  10748.5507812   2.0942255e-19
  10803.2509766   2.1114771e-19
  10857.9501953   1.6692681e-19
  10912.6503906   2.0797987e-19
  10967.3505859   2.1051992e-19
  11022.0507812   2.0454039e-19
  11076.7509766   2.0604246e-19
  11131.4501953   1.9929358e-19
  11186.1503906   1.8727982e-19
  11240.8505859   1.6593054e-19
  11295.5507812   1.9092563e-19
  11350.2509766   1.9173987e-19
  11404.9501953   1.9036298e-19
  11459.6503906   1.8904660e-19
  11514.3505859   1.8764124e-19
  11569.0507812   1.8490400e-19
  11623.7509766   1.8256074e-19
  11678.4501953   1.7764431e-19
  11733.1503906   1.7698316e-19
  11787.8505859   1.7135536e-19
  11842.5507812   1.5940249e-19
  11897.2509766   1.4656312e-19
  11951.9501953   1.6831964e-19
  12006.6503906   1.6559422e-19
  12061.3505859   1.6551424e-19
  12116.0507812   1.6484899e-19
  12170.7509766   1.6383276e-19
  12225.4501953   1.5945291e-19
  12280.1503906   1.6051526e-19
  12334.8505859   1.6149319e-19
  12389.5507812   1.5731744e-19
  12444.2509766   1.5548961e-19
  12498.9501953   1.5610886e-19
  12553.6503906   1.5290276e-19
  12608.3505859   1.5181008e-19
  12663.0507812   1.4891643e-19
  12717.7509766   1.4686531e-19
  12772.4501953   1.4710804e-19
  12827.1503906   1.4512388e-19
  12881.8505859   1.4141237e-19
  12936.5507812   1.4258230e-19
  12991.2509766   1.4185961e-19
  13045.9501953   1.4121688e-19
  13100.6503906   1.3910309e-19
  13155.3505859   1.3671858e-19
  13210.0507812   1.3519184e-19
  13264.7509766   1.2533367e-19
  13319.4501953   1.1197508e-19
  13374.1503906   1.3038803e-19
  13428.8505859   1.3005003e-19
  13483.5507812   1.2700541e-19
  13538.2509766   1.2813997e-19
  13592.9501953   1.2647828e-19
  13647.6503906   1.2349667e-19
  13702.3505859   1.1901588e-19
  13757.0507812   1.2101402e-19
  13811.7509766   1.1915080e-19
  13866.4501953   1.2035836e-19
  13921.1503906   1.1795692e-19
  13975.8505859   1.1722154e-19
  14030.5507812   1.1480652e-19
  14085.2509766   1.1291287e-19
  14139.9511719   1.1048323e-19
  14194.6503906   1.1008364e-19
  14249.3505859   1.0950500e-19
  14304.0507812   1.0972260e-19
  14358.7509766   1.0985037e-19
  14413.4511719   1.0650453e-19
  14468.1503906   1.0858741e-19
  14522.8505859   1.0835398e-19
  14577.5507812   1.0525831e-19
  14632.2509766   1.0618133e-19
  14686.9511719   1.0549202e-19
  14741.6503906   1.0363541e-19
  14796.3505859   1.0240117e-19
  14851.0507812   1.0170244e-19
  14905.7509766   1.0145083e-19
  14960.4511719   9.9486925e-20
  15015.1503906   9.8690118e-20
  15069.8505859   9.7890227e-20
  15124.5507812   9.7900548e-20
  15179.2509766   9.7728714e-20
  15233.9511719   9.6651376e-20
  15288.6503906   9.5026703e-20
  15343.3505859   9.5030877e-20
  15398.0507812   9.3580875e-20
  15452.7509766   9.2946007e-20
  15507.4511719   9.1762467e-20
  15562.1503906   9.2032878e-20
  15616.8505859   9.0845007e-20
  15671.5507812   9.2298816e-20
  15726.2509766   9.0158189e-20
  15780.9511719   9.0150667e-20
  15835.6503906   8.8404728e-20
  15890.3505859   8.8952308e-20
  15945.0507812   8.9088367e-20
  15999.7509766   8.7490480e-20
  16054.4511719   8.5530831e-20
  16109.1503906   8.3254876e-20
  16163.8505859   8.4799603e-20
  16218.5507812   8.4358315e-20
  16273.2509766   8.3565514e-20
  16327.9511719   8.3868114e-20
  16382.6503906   8.2537309e-20
  16437.3515625   8.2016606e-20
  16492.0507812   8.2381218e-20
  16546.7500000   8.2366749e-20
  16601.4511719   8.2101657e-20
  16656.1503906   8.0436684e-20
  16710.8515625   8.0085249e-20
  16765.5507812   7.8062114e-20
  16820.2500000   7.7493375e-20
  16874.9511719   7.5947200e-20
  16929.6503906   7.6351866e-20
  16984.3515625   7.5397177e-20
  17039.0507812   7.3760535e-20
  17093.7500000   7.2232668e-20
  17148.4511719   7.3613937e-20
  17203.1503906   7.4137271e-20
  17257.8515625   7.3100077e-20
  17312.5507812   7.3557702e-20
  17367.2500000   7.2826732e-20
  17421.9511719   7.2459522e-20
  17476.6503906   7.2822584e-20
  17531.3515625   7.2163547e-20
  17586.0507812   7.2028335e-20
  17640.7500000   7.1648795e-20
  17695.4511719   7.1409100e-20
  17750.1503906   7.0095977e-20
  17804.8515625   7.0579115e-20
  17859.5507812   6.9884800e-20
  17914.2500000   6.7472948e-20
  17968.9511719   6.1443842e-20
  18023.6503906   6.8190301e-20
  18078.3515625   6.8700419e-20
  18133.0507812   6.8057461e-20
  18187.7500000   6.7356296e-20
  18242.4511719   6.5943995e-20
  18297.1503906   6.6064001e-20
  18351.8515625   6.4724259e-20
  18406.5507812   6.5023421e-20
  18461.2500000   6.4117109e-20
  18515.9511719   6.4177958e-20
  18570.6503906   6.3421437e-20
  18625.3515625   6.3576772e-20
  18680.0507812   6.3646611e-20
  18734.7500000   6.2915971e-20
  18789.4511719   6.3222875e-20
  18844.1503906   6.3653888e-20
  18898.8515625   6.3417256e-20
  18953.5507812   6.2779066e-20
  19008.2500000   6.2139649e-20
  19062.9511719   6.2398085e-20
  19117.6503906   6.1948642e-20
  19172.3515625   6.1268686e-20
  19227.0507812   6.1296410e-20
  19281.7500000   6.0729681e-20
  19336.4511719   5.8781270e-20
  19391.1503906   5.7645900e-20
  19445.8515625   5.5788828e-20
  19500.5507812   5.4861158e-20
  19555.2500000   5.5056909e-20
  19609.9511719   5.5262095e-20
  19664.6503906   5.4928664e-20
  19719.3515625   5.5855752e-20
  19774.0507812   5.6167179e-20
  19828.7500000   5.6546364e-20
  19883.4511719   5.6520540e-20
  19938.1503906   5.6002641e-20
  19992.8515625   5.6854902e-20
  20047.5507812   5.6790014e-20
  20102.2519531   5.6918356e-20
  20156.9511719   5.7636530e-20
  20211.6503906   5.6874632e-20
  20266.3515625   5.6683120e-20
  20321.0507812   5.6791507e-20
  20375.7519531   5.6705777e-20
  20430.4511719   5.6532703e-20
  20485.1503906   5.6194321e-20
  20539.8515625   5.6447613e-20
  20594.5507812   5.6700795e-20
  20649.2519531   5.6682371e-20
  20703.9511719   5.6254822e-20
  20758.6503906   5.5544836e-20
  20813.3515625   5.5018962e-20
  20868.0507812   5.4560323e-20
  20922.7519531   5.3993950e-20
  20977.4511719   5.2715300e-20
  21032.1503906   5.3151653e-20
  21086.8515625   5.2446734e-20
  21141.5507812   5.2287583e-20
  21196.2519531   5.2020736e-20
  21250.9511719   5.2056621e-20
  21305.6503906   5.2268069e-20
  21360.3515625   5.2157082e-20
  21415.0507812   5.1996525e-20
  21469.7519531   5.1277863e-20
  21524.4511719   5.1214623e-20
  21579.1503906   4.9906136e-20
  21633.8515625   4.9184822e-20
  21688.5507812   4.9345799e-20
  21743.2519531   4.8908030e-20
  21797.9511719   4.9736564e-20
  21852.6503906   4.9563648e-20
  21907.3515625   4.9871957e-20
  21962.0507812   4.9747925e-20
  22016.7519531   4.9436469e-20
  22071.4511719   4.9026310e-20
  22126.1503906   4.8260874e-20
  22180.8515625   4.7967787e-20
  22235.5507812   4.8462861e-20
  22290.2519531   4.8366543e-20
  22344.9511719   4.8418187e-20
  22399.6503906   4.7847645e-20
  22454.3515625   4.7523455e-20
  22509.0507812   4.7742274e-20
  22563.7519531   4.7724037e-20
  22618.4511719   4.7814455e-20
  22673.1503906   4.7410051e-20
  22727.8515625   4.6223328e-20
  22782.5507812   4.6203840e-20
  22837.2519531   4.6045636e-20
  22891.9511719   4.6124974e-20
  22946.6503906   4.5520240e-20
  23001.3515625   4.6214397e-20
  23056.0507812   4.5469892e-20
  23110.7519531   4.5112049e-20
  23165.4511719   4.4823124e-20
  23220.1503906   4.5527640e-20
  23274.8515625   4.3469346e-20
  23329.5507812   4.5317180e-20
  23384.2519531   4.2152568e-20
  23438.9511719   4.6161047e-20
  23493.6503906   4.4646696e-20
  23548.3515625   4.4655129e-20
  23603.0507812   4.6327381e-20
  23657.7519531   4.5598677e-20
  23712.4511719   4.1528176e-20
  23767.1503906   4.5037025e-20
  23821.8515625   4.6053119e-20
  23876.5507812   4.5612296e-20
  23931.2519531   4.3093173e-20
  23985.9511719   4.5208842e-20
  24040.6503906   4.5806419e-20
  24095.3515625   4.5154471e-20
  24150.0507812   4.5182043e-20
  24204.7519531   4.4449096e-20
  24259.4511719   4.2273627e-20
  24314.1503906   4.4763913e-20
  24368.8515625   4.5292307e-20
  24423.5507812   4.4547786e-20
  24478.2519531   4.4534677e-20
  24532.9511719   4.4431335e-20
  24587.6503906   4.3966433e-20
  24642.3515625   4.1402884e-20
  24697.0507812   4.2924874e-20
  24751.7519531   4.4538396e-20
  24806.4511719   4.3951954e-20
  24861.1503906   4.2852169e-20
  24915.8515625   4.2938451e-20
  24970.5507812   4.3397052e-20
  25025.2519531   4.3030385e-20
  25079.9511719   4.2441985e-20
  25134.6503906   4.2165344e-20
  25189.3515625   4.0538148e-20
  25244.0507812   3.8526509e-20
  25298.7519531   4.0063104e-20
  25353.4511719   4.0783510e-20
  25408.1503906   4.0909083e-20
  25462.8515625   4.1075069e-20
  25517.5507812   4.0827057e-20
  25572.2519531   4.0750565e-20
  25626.9511719   4.0259591e-20
  25681.6503906   4.0435370e-20
  25736.3515625   3.9589972e-20
  25791.0507812   4.0241031e-20
  25845.7519531   3.9617279e-20
  25900.4511719   3.9944865e-20
  25955.1503906   3.9887538e-20
  26009.8515625   3.9344012e-20
  26064.5507812   3.9023073e-20
  26119.2519531   3.6877098e-20
  26173.9511719   3.8623580e-20
  26228.6503906   3.9407479e-20
  26283.3515625   3.8984360e-20
  26338.0507812   3.8956804e-20
  26392.7519531   3.8644793e-20
  26447.4511719   3.8413815e-20
  26502.1503906   3.8711038e-20
  26556.8515625   3.8510266e-20
  26611.5507812   3.8360368e-20
  26666.2519531   3.8088081e-20
  26720.9511719   3.8100459e-20
  26775.6503906   3.7644557e-20
  26830.3515625   3.8196293e-20
  26885.0507812   3.7892869e-20
  26939.7519531   3.8037594e-20
  26994.4511719   3.7794974e-20
  27049.1503906   3.7633648e-20
  27103.8515625   3.7441584e-20
  27158.5507812   3.7494242e-20
  27213.2519531   3.7414297e-20
  27267.9511719   3.7354536e-20
  27322.6503906   3.7131433e-20
  27418.3769531   3.6368524e-20
  27555.1269531   3.5633496e-20
  27691.8769531   3.6237626e-20
  27828.6269531   3.5880045e-20
  27965.3769531   3.5737091e-20
  28102.1269531   3.5592674e-20
  28238.8769531   3.5016669e-20
  28375.6269531   3.4676154e-20
  28512.3769531   3.4560149e-20
  28649.1269531   3.4167164e-20
  28785.8769531   3.3988612e-20
  28922.6269531   3.3572770e-20
  29059.3769531   3.3320115e-20
  29196.1269531   3.2705678e-20
  29332.8769531   3.2556491e-20
  29469.6269531   3.2229005e-20
  29606.3769531   3.1539799e-20
  29743.1269531   3.0984173e-20
  29879.8769531   2.9804561e-20
  30016.6269531   2.9557024e-20
  30153.3769531   2.9298669e-20
  30290.1269531   2.8987908e-20
  30426.8769531   2.8831865e-20
  30563.6269531   2.8654629e-20
  30700.3769531   2.8508395e-20
  30837.1269531   2.8226459e-20
  30973.8769531   2.8090178e-20
  31110.6269531   2.7953574e-20
  31247.3769531   2.7762834e-20
  31384.1269531   2.7876584e-20
  31520.8769531   2.7758689e-20
  31657.6269531   2.7475117e-20
  31794.3769531   2.7168301e-20
  31931.1269531   2.7049601e-20
  32067.8769531   2.7130025e-20
  32204.6269531   2.6801390e-20
  32341.3769531   2.6598295e-20
  32478.1269531   2.6216276e-20
  32614.8769531   2.6432933e-20
  32751.6269531   2.5744591e-20
  32888.3750000   2.5970809e-20
  33025.1250000   2.5682255e-20
  33161.8750000   2.5560280e-20
  33298.6250000   2.5511830e-20
  33435.3750000   2.5285725e-20
  33572.1250000   2.5089267e-20
  33708.8750000   2.4861010e-20
  33845.6250000   2.4738045e-20
  33982.3750000   2.4509323e-20
  34119.1250000   2.4375462e-20
  34255.8750000   2.4093206e-20
  34392.6250000   2.3980145e-20
  34529.3750000   2.3823735e-20
  34666.1250000   2.3582330e-20
  34802.8750000   2.3499826e-20
  34939.6250000   2.3364090e-20
  35076.3750000   2.2421055e-20
  35213.1250000   2.2922170e-20
  35349.8750000   2.2668285e-20
  35486.6250000   2.2755165e-20
  35623.3750000   2.2468864e-20
  35760.1250000   2.2491868e-20
  35896.8750000   2.2173208e-20
  36033.6250000   2.2067415e-20
  36170.3750000   2.1993493e-20
  36307.1250000   2.1694660e-20
  36443.8750000   2.1737958e-20
  36580.6250000   2.1513436e-20
  36717.3750000   2.1535274e-20
  36854.1250000   2.1363918e-20
  36990.8750000   2.1256571e-20
  37127.6250000   2.0956517e-20
  37264.3750000   2.0859550e-20
  37401.1250000   2.0826871e-20
  37537.8750000   2.0772609e-20
  37674.6250000   2.0643284e-20
  37811.3750000   2.0577569e-20
  37948.1250000   2.0340005e-20
  38084.8750000   2.0059936e-20
  38221.6250000   1.9993707e-20
  38358.3750000   1.9658828e-20
  38495.1250000   1.9527946e-20
  38631.8750000   1.9127981e-20
  38768.6250000   1.9029025e-20
  38905.3750000   1.8789358e-20
  39042.1250000   1.8571622e-20
  39178.8750000   1.8752425e-20
  39315.6250000   1.8760335e-20
  39452.3750000   1.8347543e-20
  39589.1250000   1.8550102e-20
  39725.8750000   1.8341985e-20
  39848.9531250   1.8392240e-20
  39985.7031250   1.8183336e-20
  40136.1289062   1.8116459e-20
  40272.8789062   1.7885616e-20
  40409.6289062   1.7936352e-20
  40546.3789062   1.7911477e-20
  40683.1289062   1.7831731e-20
  40819.8789062   1.8055933e-20
  40956.6289062   1.7889542e-20
  41093.3789062   1.7842856e-20
  41230.1289062   1.7719626e-20
  41366.8789062   1.7845834e-20
  41503.6289062   1.7863555e-20
  41640.3789062   1.7837998e-20
  41777.1289062   1.7823120e-20
  41913.8789062   1.7699715e-20
  42050.6289062   1.7815215e-20
  42187.3789062   1.7745481e-20
  42324.1289062   1.7762636e-20
  42460.8789062   1.7584501e-20
  42597.6289062   1.6807586e-20
  42734.3789062   1.6965478e-20
  42871.1289062   1.6972037e-20
  43007.8789062   1.7229259e-20
  43144.6289062   1.6199256e-20
  43281.3789062   1.6031025e-20
  43418.1289062   1.6047084e-20
  43554.8789062   1.6577176e-20
  43691.6289062   1.6014840e-20
  43896.7539062   1.6176577e-20
  44170.2539062   1.6394649e-20
  44443.7539062   1.5925064e-20
  44717.2539062   1.6318432e-20
  44990.7539062   1.5596221e-20
  45264.2539062   1.5902211e-20
  45537.7539062   1.5539609e-20
  45811.2539062   1.5428967e-20
  46084.7539062   1.5087556e-20
  46358.2539062   1.5118267e-20
  46631.7539062   1.4853238e-20
  46905.2539062   1.4674861e-20
  47178.7539062   1.4409123e-20
  47452.2539062   1.4031982e-20
  47725.7539062   1.3974050e-20
  47999.2539062   1.3772682e-20
  48272.7539062   1.3571056e-20
  48546.2539062   1.3325013e-20
  48819.7539062   1.3211267e-20
  49093.2539062   1.2974938e-20
  49366.7539062   1.2717118e-20
  49640.2539062   1.2480251e-20
  49913.7539062   1.2309596e-20
  50187.2539062   1.2106292e-20
  50460.7539062   1.1879864e-20
  50734.2539062   1.1730753e-20
  51007.7539062   1.1448378e-20
  51281.2539062   1.1199033e-20
  51554.7539062   1.1138210e-20
  51828.2539062   1.0794408e-20
  52101.7539062   1.0837778e-20
  52375.2539062   1.0626484e-20
  52648.7539062   1.0476667e-20
  52922.2539062   1.0224927e-20
  53195.7539062   9.9689424e-21
  53469.2539062   9.9377753e-21
  53742.7539062   9.7449696e-21
  54016.2539062   9.5470117e-21
  54289.7539062   9.4163414e-21
  54563.2539062   9.2788161e-21
  54836.7539062   9.1880621e-21
  55110.2539062   9.0542293e-21
  55383.7539062   8.8313922e-21
  55657.2539062   8.6933952e-21
  55930.7539062   8.6335450e-21
  56204.2539062   8.4690184e-21
  56477.7539062   8.3194571e-21
  56751.2539062   8.2095535e-21
  57024.7539062   8.0737876e-21
  57298.2539062   7.9339230e-21
  57571.7539062   7.8697212e-21
  57845.2539062   7.7235494e-21
  58118.7539062   7.6041979e-21
  58392.2539062   7.5357786e-21
  58665.7539062   7.4128808e-21
  58939.2539062   7.2943896e-21
  59212.7539062   7.1315078e-21
  59486.2539062   7.0544095e-21
  59759.7539062   6.9705177e-21
  60033.2539062   6.8843278e-21
  60306.7539062   6.7372568e-21
  60580.2539062   6.6999893e-21
  60853.7539062   6.5538913e-21
  61127.2539062   6.4707492e-21
  61400.7539062   6.3826605e-21
  61674.2539062   6.3005285e-21
  61947.7539062   6.1845067e-21
  62221.2539062   6.1451401e-21
  62494.7539062   6.0251751e-21
  62768.2539062   5.0865606e-21
  63041.7539062   5.4343185e-21
  63315.2539062   5.3987784e-21
  63588.7539062   4.6205873e-21
  63862.2539062   5.0024854e-21
  64135.7539062   4.7124407e-21
  64409.2539062   4.2362282e-21
  64682.7539062   4.6183957e-21
  64956.2539062   4.3516716e-21
  65229.7539062   4.0266845e-21
  65503.2539062   4.3275622e-21
  65776.7500000   4.1976698e-21
  66050.2500000   3.9008848e-21
  66323.7500000   4.1234671e-21
  66597.2500000   3.9842717e-21
  66870.7500000   3.8540554e-21
  67144.2500000   3.8848481e-21
  67417.7500000   3.8977171e-21
  67691.2500000   3.8116693e-21
  67964.7500000   3.4536786e-21
  68238.2500000   3.4445594e-21
  68511.7500000   3.5403718e-21
  68785.2500000   3.4289977e-21
  69058.7500000   3.5463168e-21
  69332.2500000   3.5784524e-21
  69605.7500000   3.5878151e-21
  69879.2500000   3.5937762e-21
  70152.7500000   3.6086275e-21
  70426.2500000   3.6317131e-21
  70699.7500000   3.5235107e-21
  70973.2500000   3.5257863e-21
  71246.7500000   3.5317219e-21
  71520.2500000   3.4542247e-21
  71793.7500000   3.4006829e-21
  72067.2500000   3.4132219e-21
  72340.7500000   3.3836399e-21
  72614.2500000   3.3288668e-21
  72887.7500000   3.2749805e-21
  73161.2500000   3.2922859e-21
  73434.7500000   3.2626201e-21
  73708.2500000   3.1801989e-21
  73981.7500000   3.1892482e-21
  74255.2500000   3.1514737e-21
  74528.7500000   3.1343443e-21
  74802.2500000   3.0538355e-21
  75075.7500000   3.0550294e-21
  75349.2500000   3.0251887e-21
  75622.7500000   2.9849756e-21
  75896.2500000   2.9273074e-21
  76169.7500000   2.9238383e-21
  76443.2500000   2.9054184e-21
  76716.7500000   2.8706651e-21
  76990.2500000   2.8188181e-21
  77263.7500000   2.8037798e-21
  77537.2500000   2.7875849e-21
  77810.7500000   2.7515933e-21
  78084.2500000   2.7160308e-21
  78357.7500000   2.6860663e-21
  78631.2500000   2.6491739e-21
  78904.7500000   2.6307276e-21
  79178.2500000   2.6007562e-21
  79451.7500000   2.5707760e-21
  79725.2500000   2.5465710e-21
  79998.7500000   2.5027638e-21
  80272.2578125   2.4912382e-21
  80545.7578125   2.4531939e-21
  80819.2578125   2.4243717e-21
  81092.7578125   2.4036241e-21
  81366.2578125   2.3748000e-21
  81639.7578125   2.3425224e-21
  81913.2578125   2.3148581e-21
  82186.7578125   2.2860340e-21
  82460.2578125   2.2652860e-21
  82733.7578125   2.2353116e-21
  83007.2578125   2.1961161e-21
  83280.7578125   2.1822806e-21
  83554.2578125   2.1569159e-21
  83827.7578125   2.1327077e-21
  84101.2578125   2.1119593e-21
  84374.7578125   2.0808312e-21
  84648.2578125   2.0577749e-21
  84921.7578125   2.0404872e-21
  85195.2578125   2.0082061e-21
  85468.7578125   1.9909151e-21
  85742.2578125   1.9678609e-21
  86015.7578125   1.9459541e-21
  86289.2578125   1.9217490e-21
  86562.7578125   1.8963867e-21
  86836.2578125   1.8802401e-21
  87109.7578125   1.8583372e-21
  87383.2578125   1.8375930e-21
  87793.5078125   1.8041585e-21
  88340.5078125   1.7638102e-21
  88887.5078125   1.7234631e-21
  89434.5078125   1.6842686e-21
  89981.5078125   1.6416120e-21
  90528.5078125   1.6093314e-21
  91075.5078125   1.5747504e-21
  91622.5078125   1.5436219e-21
  92169.5078125   1.5078812e-21
  92716.5078125   1.4756033e-21
  93263.5078125   1.4421720e-21
  93810.5078125   1.4145088e-21
  94357.5078125   1.3868402e-21
  94904.5078125   1.3568672e-21
  95451.5078125   1.3303495e-21
  95998.5078125   1.3038345e-21
  96545.5078125   1.2750169e-21
  97092.5078125   1.2508071e-21
  97639.5078125   1.2242904e-21
  98186.5078125   1.2000842e-21
  98733.5078125   1.1781766e-21
  99280.5078125   1.1551205e-21
  99827.5078125   1.1292973e-21
 100374.5078125   1.1077425e-21
 100921.5078125   1.0809968e-21
 101468.5078125   1.0590935e-21
 102015.5078125   1.0414552e-21
 102562.5078125   1.0147089e-21
 103109.5078125   1.0030647e-21
 103656.5078125   9.8323684e-22
 104203.5078125   9.6583050e-22
 104750.5078125   9.4969119e-22
 105297.5078125   9.3274368e-22
 105844.5078125   9.1280128e-22
 106391.5078125   8.9654746e-22
 106938.5078125   8.8017712e-22
 107485.5078125   8.6576558e-22
 108032.5078125   8.4663036e-22
 108579.5078125   8.3175565e-22
 109126.5078125   8.1331140e-22
 109673.5078125   8.0040241e-22
 110220.5078125   7.8714500e-22
 110767.5078125   7.7088750e-22
 111314.5078125   7.5901515e-22
 111861.5078125   7.4587306e-22
 112408.5078125   7.3330622e-22
 112955.5078125   7.2108733e-22
 113502.5078125   7.0759748e-22
 114049.5078125   6.9376558e-22
 114596.5078125   6.8269704e-22
 115143.5078125   6.7001660e-22
 115690.5078125   6.6113925e-22
 116237.5078125   6.4811302e-22
 116784.5078125   6.3831373e-22
 117331.5078125   6.0891797e-22
 117878.5078125   5.8355568e-22
 118425.5078125   5.8355568e-22
 118972.5078125   5.5865569e-22
 119519.5078125   5.4505245e-22
 120066.5078125   5.3317884e-22
 120613.5078125   5.1012139e-22
 121160.5078125   5.0597130e-22
 121707.5078125   4.9467309e-22
 122254.5078125   4.7772684e-22
 122801.5078125   4.7864879e-22
 123348.5078125   4.6619862e-22
 123895.5078125   4.5340272e-22
 124442.5078125   4.5213408e-22
 124989.5078125   4.4441091e-22
 125536.5078125   4.3034733e-22
 126083.5078125   4.3149990e-22
 126630.5078125   4.2169975e-22
 127177.5078125   4.1536021e-22
 127724.5078125   4.1155605e-22
 128271.5078125   4.0463796e-22
 128818.5078125   3.9714487e-22
 129365.5078125   3.9645304e-22
 129912.5078125   3.8838417e-22
 130459.5078125   3.8319622e-22
 131006.5078125   3.7743223e-22
 131553.5000000   3.6970828e-22
 132100.5000000   3.6982357e-22
 132647.5000000   3.6267558e-22
 133194.5000000   3.5587515e-22
 133741.5000000   3.5195515e-22
 134288.5000000   3.4619091e-22
 134835.5000000   3.4158010e-22
 135382.5000000   3.3581617e-22
 135929.5000000   3.3385593e-22
 136476.5000000   3.2774553e-22
 137023.5000000   3.2463260e-22
 137570.5000000   3.2013730e-22
 138117.5000000   3.1356658e-22
 138664.5000000   3.1056921e-22
 139211.5000000   3.0630363e-22
 139758.5000000   3.0134666e-22
 140305.5000000   2.9696506e-22
 140852.5000000   2.9304590e-22
 141399.5000000   2.9177837e-22
 141946.5000000   2.8670489e-22
 142493.5000000   2.8278573e-22
 143040.5000000   2.7875113e-22
 143587.5000000   2.7621511e-22
 144134.5000000   2.7494675e-22
 144681.5000000   2.6849104e-22
 145228.5000000   2.6434093e-22
 145775.5000000   2.6238160e-22
 146322.5000000   2.5892225e-22
 146869.5000000   2.5557920e-22
 147416.5000000   2.5281283e-22
 147963.5000000   2.4969997e-22
 148510.5000000   2.4555006e-22
 149057.5000000   2.4405135e-22
 149604.5000000   2.3955515e-22
 150151.5000000   2.3771062e-22
 150698.5000000   2.3356089e-22
 151245.5000000   2.3390680e-22
 151792.5000000   2.2825729e-22
 152339.5000000   2.2722009e-22
 152886.5000000   2.2341631e-22
 153433.5000000   2.2203221e-22
 153980.5000000   2.1776754e-22
 154527.5000000   2.1649923e-22
 155074.5000000   2.1361667e-22
 155621.5000000   2.0969774e-22
 156168.5000000   2.0865964e-22
 156715.5000000   2.0623891e-22
 157262.5000000   2.0358772e-22
 157809.5000000   2.0105093e-22
 158356.5000000   1.9932159e-22
 158903.5000000   1.9655549e-22
 159450.5000000   1.9436480e-22
 159997.5000000   1.9205929e-22
 160544.5156250   1.8906155e-22
 161091.5156250   1.8710224e-22
 161638.5156250   1.8445061e-22
 162185.5156250   1.8306735e-22
 162732.5156250   1.8041585e-22
 163279.5156250   1.7903218e-22
 163826.5156250   1.7695752e-22
 164373.5156250   1.7476714e-22
 164920.5156250   1.7269183e-22
 165467.5156250   1.7027135e-22
 166014.5156250   1.6842685e-22
 166561.5156250   1.6623617e-22
 167108.5156250   1.6427660e-22
 167655.5156250   1.6266270e-22
 168202.5156250   1.6093314e-22
 168749.5156250   1.5954957e-22
 169296.5156250   1.5747504e-22
 169843.5156250   1.5597591e-22
 170390.5156250   1.5378568e-22
 170937.5156250   1.5171078e-22
 171484.5156250   1.4998169e-22
 172031.5156250   1.4836742e-22
 172578.5156250   1.4663844e-22
 173125.5156250   1.4548570e-22
 173672.5156250   1.4352596e-22
 174219.5156250   1.4237268e-22
 174766.5156250   1.4041291e-22
 175587.0156250   1.3822250e-22
 176681.0156250   1.3487929e-22
 177775.0156250   1.3199727e-22
 178869.0156250   1.2899994e-22
 179963.0156250   1.2634892e-22
 181057.0156250   1.2346684e-22
 182151.0156250   1.2081541e-22
 183245.0156250   1.1816380e-22
 184339.0156250   1.1551206e-22
 185433.0156250   1.1306819e-22
 186527.0156250   1.1060119e-22
 187621.0156250   1.0833019e-22
 188715.0156250   1.0592097e-22
 189809.0156250   1.0370735e-22
 190903.0156250   1.0150565e-22
 191997.0156250   9.9326701e-23
 193091.0156250   9.7297883e-23
 194185.0156250   9.5222636e-23
 195279.0156250   9.3274371e-23
 196373.0156250   9.1314613e-23
 197467.0156250   8.9435698e-23
 198561.0156250   8.7579672e-23
 199655.0156250   8.5803984e-23
 200749.0156250   8.4028858e-23
 201843.0156250   8.2345769e-23
 202937.0156250   8.0593331e-23
 204031.0156250   7.8864331e-23
 205125.0156250   7.7284690e-23
 206219.0156250   7.5843871e-23
 207313.0156250   7.4391350e-23
 208407.0156250   7.2915714e-23
 209501.0156250   7.1486291e-23
 210595.0156250   7.0068279e-23
 211689.0156250   6.8707955e-23
 212783.0156250   6.7382037e-23
 213877.0156250   6.6068066e-23
 214971.0156250   6.4799919e-23
 216065.0156250   6.3554718e-23
 217159.0156250   6.2332892e-23
 218253.0156250   6.1156852e-23
 219347.0156250   5.9969547e-23
 220441.0156250   5.8839639e-23
 221535.0156250   5.7756136e-23
 222629.0156250   5.6660963e-23
 223723.0156250   5.5623441e-23
 224817.0156250   5.4597480e-23
 225911.0156250   5.3582910e-23
 227005.0156250   5.2614457e-23
 228099.0156250   5.1623133e-23
 229193.0156250   5.0689431e-23
 230287.0156250   4.9790108e-23
 231381.0156250   4.8890851e-23
 232475.0156250   4.8014789e-23
 233569.0156250   4.7161677e-23
 234663.0156250   4.6320262e-23
 235757.0156250   4.5501652e-23
 236851.0156250   4.4706149e-23
 237945.0156250   4.3922239e-23
 239039.0156250   4.3149985e-23
 240133.0156250   4.2400627e-23
 241227.0156250   4.1651285e-23
 242321.0156250   4.0936580e-23
 243415.0156250   4.0233254e-23
 244509.0156250   3.9553126e-23
 245603.0156250   3.8861453e-23
 246697.0156250   3.8227341e-23
 247791.0156250   3.7581782e-23
 248885.0156250   3.6924743e-23
 249979.0156250   3.6313782e-23
 251073.0156250   3.5725791e-23
 252167.0156250   3.5137906e-23
 253261.0156250   3.4549984e-23
 254355.0156250   3.3985030e-23
 255449.0156250   3.3420215e-23
 256543.0156250   3.2878356e-23
 257637.0156250   3.2347980e-23
 258731.0156250   3.1817774e-23
 259825.0156250   3.1310558e-23
 260919.0156250   3.0803308e-23
 262013.0156250   3.0319058e-23
 263107.0000000   2.9823417e-23
 264201.0000000   2.9362302e-23
 265295.0000000   2.8889538e-23
 266389.0000000   2.8416893e-23
 267483.0000000   2.7978877e-23
 268577.0000000   2.7552333e-23
 269671.0000000   2.7125736e-23
 270765.0000000   2.6710792e-23
 271859.0000000   2.6295725e-23
 272953.0000000   2.5892226e-23
 274047.0000000   2.5488760e-23
 547000.0000000   1.7153907e-24
1094000.0000000   1.1026703e-25
1641000.1250000   2.1915007e-26
2188000.0000000   6.9434166e-27
2735000.2500000   2.8428500e-27
3282000.2500000   1.3695476e-27
3829000.2500000   7.3861026e-28
4376000.0000000   4.3242188e-28
