    327.0540161   2.5752380e-23
    337.8359985   2.9471455e-23
    345.0240173   3.1515274e-23
    352.2120056   1.7657470e-22
    359.4000244   4.8864634e-22
    366.5880127   5.3025958e-22
    373.7760010   5.0352151e-22
    380.9640198   5.1183113e-22
    388.1520081   5.2228575e-22
    395.3399963   5.9666607e-22
    409.7160034   6.1904816e-22
    424.0920105   6.0115598e-22
    434.8740234   7.6191710e-22
    449.2500000   7.9073075e-22
    456.4380188   8.0748469e-22
    460.0320129   8.2021607e-22
    470.8140259   7.9140126e-22
    474.4080200   8.1887715e-22
    481.5960083   7.8202076e-22
    492.3780212   8.6980495e-22
    503.1600037   8.7181666e-22
    513.9420166   1.1016628e-21
    528.3179932   1.3710454e-21
    542.6940308   1.2269757e-21
    557.0700073   1.3851228e-21
    571.4460449   1.3904804e-21
    582.2280273   1.3924910e-21
    596.6040039   1.4012023e-21
    610.9800415   1.3998613e-21
    621.7620239   1.1505833e-21
    636.1380005   1.4105874e-21
    646.9200439   1.4125960e-21
    654.1080322   1.4125960e-21
    668.4840088   1.4146075e-21
    686.4540405   1.4166156e-21
    697.2360229   1.4246580e-21
    711.6119995   1.4213082e-21
    725.9880371   1.4259976e-21
    736.7700195   1.4246580e-21
    754.7400513   1.3811016e-21
    776.3040161   1.4233196e-21
    790.6799927   1.4286806e-21
    801.4620361   1.4112567e-21
    815.8380127   1.4320288e-21
    826.6199951   1.7932167e-21
    840.9960327   2.6817860e-21
    862.5599976   2.9223602e-21
    884.1240234   2.7266783e-21
    905.6880493   2.8151422e-21
    923.6580200   2.5264620e-21
    934.4400024   2.5966233e-21
    948.8160400   3.1707834e-21
    966.7860107   3.1448357e-21
    984.7560425   3.0868704e-21
   1002.7260132   2.5817609e-21
   1020.6960449   2.9632392e-21
   1042.2600098   2.9527294e-21
   1063.8239746   2.6188411e-21
   1081.7940674   2.3222290e-21
   1106.9520264   2.3951081e-21
   1142.8920898   2.2208477e-21
   1178.8320312   2.1644112e-21
   1214.7720947   1.9327426e-21
   1250.7120361   1.7226299e-21
   1283.0579834   2.1982472e-21
   1315.4040527   3.1836211e-21
   1347.7500000   2.9872034e-21
   1383.6900635   2.2527343e-21
   1419.6300049   3.1849495e-21
   1455.5700684   3.7584074e-21
   1487.9160156   3.5802110e-21
   1516.6680908   3.1307104e-21
   1545.4200439   2.8854903e-21
   1584.9541016   3.2170583e-21
   1620.8940430   3.1496178e-21
   1653.2399902   2.6734483e-21
   1689.1800537   2.6269625e-21
   1725.1199951   2.8534306e-21
   1761.0600586   2.3368591e-21
   1797.0000000   2.8015380e-21
   1818.5640869   2.3706098e-21
   1840.1280518   3.6780836e-21
   1868.8800049   3.4251279e-21
   1904.8200684   3.0844989e-21
   1940.7600098   2.4803303e-21
   1976.7000732   2.3600967e-21
   2012.6400146   3.0533646e-21
   2048.5800781   3.3729257e-21
   2084.5200195   3.2563625e-21
   2120.4599609   3.2826107e-21
   2156.4001465   2.7338127e-21
   2192.3400879   2.6424563e-21
   2228.2800293   3.3550789e-21
   2264.2199707   3.1618557e-21
   2300.1601562   3.5057732e-21
   2336.1000977   3.3982175e-21
   2364.8520508   3.1425712e-21
   2390.0100098   3.5870098e-21
   2425.9499512   3.8385292e-21
   2461.8901367   3.3499991e-21
   2497.8300781   3.9884537e-21
   2533.7700195   3.3056133e-21
   2573.3039551   4.3912183e-21
   2609.2441406   4.6030040e-21
   2641.5900879   4.7889246e-21
   2677.5300293   4.8336998e-21
   2713.4699707   5.0355686e-21
   2749.4101562   4.7606151e-21
   2785.3500977   5.6264425e-21
   2821.2900391   5.4783360e-21
   2857.2299805   6.3034309e-21
   2893.1701660   7.0521138e-21
   2929.1101074   7.9258039e-21
   2965.0500488   9.0481418e-21
   3000.9899902   8.1083580e-21
   3036.9301758   1.1352440e-20
   3072.8701172   1.2720575e-20
   3108.8100586   1.5119188e-20
   3144.7500000   1.7498977e-20
   3180.6901855   2.0314729e-20
   3216.6301270   2.3729325e-20
   3252.5700684   2.7266784e-20
   3288.5100098   3.0993818e-20
   3324.4501953   9.3705437e-20
   3360.3901367   1.6452343e-19
   3396.3300781   2.3511479e-19
   3432.2700195   2.9716843e-19
   3468.2102051   3.2441008e-19
   3504.1501465   1.4529854e-19
   3540.0900879   2.9039243e-19
   3576.0300293   2.8643290e-19
   3611.9702148   3.6369785e-19
   3647.9101562   3.8079029e-19
   3683.8500977   2.7407009e-19
   3719.7900391   4.0108326e-19
   3755.7302246   5.5127529e-19
   3791.6701660   5.3573004e-19
   3827.6101074   4.5778641e-19
   3863.5500488   5.0772284e-19
   3899.4899902   4.5018410e-19
   3935.4301758   5.3058337e-19
   3971.3701172   5.0710333e-19
   4007.3100586   4.9813049e-19
   4043.2500000   4.3975873e-19
   4079.1901855   5.2765076e-19
   4115.1298828   5.0436914e-19
   4151.0703125   5.0919667e-19
   4187.0102539   5.0384667e-19
   4222.9501953   3.4272044e-19
   4258.8901367   4.8819585e-19
   4294.8300781   4.2816965e-19
   4330.7700195   3.6490579e-19
   4366.7099609   3.0131077e-19
   4402.6499023   5.6981603e-19
   4438.5903320   6.7868184e-19
   4474.5302734   6.9654346e-19
   4510.4702148   6.8186064e-19
   4546.4101562   6.6943091e-19
   4582.3500977   7.5907144e-19
   4618.2900391   7.7533846e-19
   4654.2299805   6.7187854e-19
   4690.1699219   6.8701584e-19
   4726.1103516   7.8211007e-19
   4762.0502930   7.5129398e-19
   4797.9902344   7.1346055e-19
   4833.9301758   7.7295174e-19
   4869.8701172   7.6030921e-19
   4905.8100586   7.1354512e-19
   4941.7500000   7.1279653e-19
   4977.6899414   7.0948910e-19
   5013.6303711   5.3688416e-19
   5049.5703125   5.3007791e-19
   5085.5102539   6.7694042e-19
   5121.4501953   6.6149902e-19
   5157.3901367   6.9310130e-19
   5182.5483398   7.0439418e-19
   5200.5180664   7.0374479e-19
   5229.2700195   6.8492504e-19
   5265.2099609   6.5312454e-19
   5301.1503906   6.6705080e-19
   5337.0903320   6.7547036e-19
   5373.0302734   6.7196115e-19
   5408.9702148   6.3777254e-19
   5434.1279297   5.8908903e-19
   5452.0981445   6.0914764e-19
   5480.8500977   6.0875447e-19
   5516.7900391   5.2780834e-19
   5552.7299805   4.7868218e-19
   5588.6699219   4.7811070e-19
   5624.6103516   5.3179876e-19
   5660.5502930   5.6394553e-19
   5696.4902344   5.7413924e-19
   5732.4301758   5.7599047e-19
   5768.3701172   5.6722933e-19
   5804.3100586   5.5994740e-19
   5840.2500000   5.5307953e-19
   5876.1899414   5.8066900e-19
   5912.1303711   5.8270759e-19
   5948.0703125   5.7394764e-19
   5984.0102539   5.9333686e-19
   6009.1679688   5.5562373e-19
   6027.1381836   6.1623250e-19
   6055.8901367   6.1014900e-19
   6091.8300781   5.8367580e-19
   6127.7700195   5.7067759e-19
   6163.7099609   5.4060125e-19
   6199.6503906   5.3252564e-19
   6235.5903320   5.5867991e-19
   6271.5302734   5.4818981e-19
   6307.4702148   5.5867748e-19
   6343.4101562   5.4202762e-19
   6379.3500977   5.2865046e-19
   6415.2900391   5.4216095e-19
   6451.2299805   5.5460956e-19
   6487.1704102   5.5865540e-19
   6523.1103516   5.1620387e-19
   6559.0502930   5.2931024e-19
   6594.9902344   5.1770231e-19
   6630.9301758   4.8351225e-19
   6666.8701172   4.8265084e-19
   6702.8100586   4.8943455e-19
   6738.7500000   5.1014576e-19
   6774.6904297   4.6811671e-19
   6810.6303711   4.4628638e-19
   6846.5703125   4.7609497e-19
   6882.5102539   4.5120148e-19
   6918.4501953   4.3272560e-19
   6954.3901367   4.5787487e-19
   6990.3300781   4.6576043e-19
   7026.2700195   4.2675788e-19
   7069.3984375   4.5978317e-19
   7101.7441406   4.7324316e-19
   7130.4960938   4.4865051e-19
   7170.0302734   4.3917779e-19
   7205.9702148   4.5369931e-19
   7241.9101562   4.4533285e-19
   7277.8500977   4.5929881e-19
   7313.7900391   4.2838221e-19
   7349.7299805   4.3553406e-19
   7385.6704102   3.9087029e-19
   7421.6103516   4.0757166e-19
   7453.9560547   4.4667071e-19
   7468.3320312   4.1442524e-19
   7493.4902344   4.3011280e-19
   7529.4301758   4.0906904e-19
   7565.3701172   4.1796576e-19
   7601.3100586   4.2197184e-19
   7637.2500000   4.2281032e-19
   7673.1904297   4.1267617e-19
   7709.1303711   4.0246310e-19
   7745.0703125   4.1540010e-19
   7781.0102539   4.0783129e-19
   7816.9501953   4.0666337e-19
   7852.8901367   3.9536956e-19
   7888.8300781   4.0536702e-19
   7924.7700195   4.0094235e-19
   7960.7104492   3.9102482e-19
   7996.6503906   3.8393555e-19
   8032.5903320   3.8824242e-19
   8068.5302734   3.8489957e-19
   8104.4702148   3.7475126e-19
   8140.4101562   3.8135932e-19
   8176.3500977   3.8219262e-19
   8212.2900391   3.8260073e-19
   8248.2304688   3.6192277e-19
   8284.1699219   3.6887605e-19
   8320.1103516   3.5971851e-19
   8356.0498047   3.1477650e-19
   8391.9902344   3.4735123e-19
   8427.9306641   3.4688933e-19
   8463.8701172   3.4862737e-19
   8499.8105469   3.4065110e-19
   8535.7500000   3.3758750e-19
   8571.6904297   3.2766620e-19
   8607.6298828   3.3365641e-19
   8643.5703125   3.2576071e-19
   8679.5097656   3.2605697e-19
   8715.4501953   3.2831442e-19
   8751.3906250   3.1839425e-19
   8787.3300781   3.2309202e-19
   8823.2705078   3.1984060e-19
   8859.2099609   3.1607729e-19
   8895.1503906   3.1027048e-19
   8931.0898438   3.0953825e-19
   8967.0302734   2.6729199e-19
   9002.9707031   3.0368083e-19
   9031.7226562   2.8910337e-19
   9049.6923828   3.0046372e-19
   9074.8505859   2.9577523e-19
   9110.7900391   2.9509146e-19
   9146.7304688   2.8834759e-19
   9182.6699219   2.9270357e-19
   9218.6103516   2.8983943e-19
   9254.5498047   2.9327104e-19
   9290.4902344   2.9063740e-19
   9326.4306641   2.8791104e-19
   9362.3701172   2.8396040e-19
   9398.3105469   2.8053055e-19
   9434.2500000   2.8099912e-19
   9470.1904297   2.8053794e-19
   9506.1298828   2.8305645e-19
   9542.0703125   2.8192745e-19
   9578.0107422   2.7195145e-19
   9613.9501953   2.7385955e-19
   9649.8906250   2.7299974e-19
   9685.8300781   2.6613003e-19
   9721.7705078   2.6479163e-19
   9757.7099609   2.6179558e-19
   9793.6503906   2.6129821e-19
   9829.5898438   2.6136478e-19
   9865.5302734   2.5287599e-19
   9901.4707031   2.5187071e-19
   9937.4101562   2.5169377e-19
   9973.3505859   2.5449372e-19
  10009.2900391   2.5102809e-19
  10045.2304688   2.3637586e-19
  10081.1699219   2.4129512e-19
  10117.1103516   2.4666539e-19
  10153.0498047   2.4423027e-19
  10188.9902344   2.3560371e-19
  10224.9306641   2.3541030e-19
  10260.8701172   2.3337311e-19
  10296.8105469   2.3505286e-19
  10332.7500000   2.3198743e-19
  10368.6904297   2.3069000e-19
  10404.6298828   2.2800869e-19
  10458.5400391   2.2757150e-19
  10530.4199219   2.2429907e-19
  10602.3007812   2.1972724e-19
  10674.1806641   2.1808901e-19
  10746.0605469   2.1490665e-19
  10817.9404297   2.1138235e-19
  10889.8203125   2.1020938e-19
  10961.7001953   2.0766850e-19
  11033.5800781   2.0495391e-19
  11105.4599609   2.0114622e-19
  11177.3398438   1.9906341e-19
  11249.2207031   1.9535313e-19
  11321.1005859   1.9325306e-19
  11392.9804688   1.8939138e-19
  11464.8603516   1.8498676e-19
  11536.7402344   1.8321042e-19
  11608.6201172   1.8008643e-19
  11680.5000000   1.7804958e-19
  11752.3798828   1.7481539e-19
  11824.2607422   1.7215030e-19
  11896.1406250   1.6956903e-19
  11968.0205078   1.6624995e-19
  12039.9003906   1.6294719e-19
  12111.7802734   1.6015956e-19
  12183.6601562   1.5789046e-19
  12255.5400391   1.5555990e-19
  12327.4199219   1.5191605e-19
  12399.3007812   1.4947790e-19
  12471.1806641   1.4761989e-19
  12543.0605469   1.4532917e-19
  12614.9404297   1.4347294e-19
  12686.8203125   1.4133841e-19
  12758.7001953   1.3939657e-19
  12830.5800781   1.3678758e-19
  12902.4599609   1.3374254e-19
  12974.3408203   1.3192706e-19
  13046.2207031   1.3041487e-19
  13082.1601562   1.2970659e-19
  13118.1005859   1.2940048e-19
  13189.9804688   1.2703435e-19
  13261.8603516   1.2177421e-19
  13333.7402344   1.2399497e-19
  13405.6201172   1.2268032e-19
  13477.5000000   1.3426219e-19
  13549.3808594   1.3447819e-19
  13621.2607422   1.4258973e-19
  13693.1406250   1.5049561e-19
  13765.0205078   1.3199256e-19
  13836.9003906   1.5209697e-19
  13908.7802734   1.5401405e-19
  13980.6601562   1.2479203e-19
  14052.5400391   1.5313049e-19
  14124.4199219   1.4607401e-19
  14196.3007812   1.4736079e-19
  14268.1806641   1.1515237e-19
  14340.0605469   1.4519583e-19
  14411.9404297   1.4741257e-19
  14483.8203125   1.4326388e-19
  14555.7001953   1.4436035e-19
  14627.5800781   1.3966496e-19
  14699.4599609   1.3072510e-19
  14771.3408203   1.1534116e-19
  14843.2207031   1.3368383e-19
  14915.1005859   1.3444098e-19
  14986.9804688   1.3348670e-19
  15058.8603516   1.3256945e-19
  15130.7402344   1.3159433e-19
  15202.6201172   1.2971399e-19
  15274.5000000   1.2813708e-19
  15346.3808594   1.2465016e-19
  15418.2607422   1.2414699e-19
  15490.1406250   1.2009534e-19
  15562.0205078   1.1135905e-19
  15633.9003906   1.0220971e-19
  15705.7802734   1.1827486e-19
  15777.6601562   1.1628670e-19
  15849.5400391   1.1636384e-19
  15921.4208984   1.1585240e-19
  15993.3007812   1.1516956e-19
  16065.1806641   1.1217240e-19
  16137.0605469   1.1287116e-19
  16208.9404297   1.1378596e-19
  16280.8203125   1.1075571e-19
  16352.7001953   1.0944243e-19
  16424.5800781   1.0996471e-19
  16496.4609375   1.0771433e-19
  16568.3398438   1.0697795e-19
  16640.2207031   1.0492501e-19
  16712.0996094   1.0357484e-19
  16783.9804688   1.0374601e-19
  16855.8613281   1.0232783e-19
  16927.7402344   9.9639042e-20
  16999.6210938   1.0056755e-19
  17071.5000000   1.0006441e-19
  17143.3808594   9.9667929e-20
  17215.2597656   9.8163559e-20
  17287.1406250   9.6430842e-20
  17359.0195312   9.5356509e-20
  17430.9003906   8.8064058e-20
  17502.7812500   7.8473184e-20
  17574.6601562   9.1987570e-20
  17646.5410156   9.1839421e-20
  17718.4199219   8.9624386e-20
  17790.3007812   9.0585195e-20
  17862.1796875   8.9365763e-20
  17934.0605469   8.7189709e-20
  18005.9414062   8.4053170e-20
  18077.8203125   8.5454562e-20
  18149.7011719   8.4160296e-20
  18221.5800781   8.5055428e-20
  18293.4609375   8.3303841e-20
  18365.3398438   8.2786672e-20
  18437.2207031   8.1138088e-20
  18509.0996094   7.9766480e-20
  18580.9804688   7.8107680e-20
  18652.8613281   7.7804343e-20
  18724.7402344   7.7442639e-20
  18796.6210938   7.7647664e-20
  18868.5000000   7.7738085e-20
  18940.3808594   7.5264143e-20
  19012.2597656   7.6833182e-20
  19084.1406250   7.6749210e-20
  19156.0214844   7.4491020e-20
  19227.9003906   7.5204004e-20
  19299.7812500   7.4713816e-20
  19371.6601562   7.3476302e-20
  19443.5410156   7.2522201e-20
  19515.4199219   7.2025136e-20
  19587.3007812   7.1929358e-20
  19659.1796875   7.0564820e-20
  19731.0605469   7.0062392e-20
  19802.9414062   6.9442058e-20
  19874.8203125   6.9513764e-20
  19946.7011719   6.9352761e-20
  20018.5800781   6.8612628e-20
  20090.4609375   6.7405979e-20
  20162.3398438   6.7473213e-20
  20234.2207031   6.6494193e-20
  20306.0996094   6.6036122e-20
  20377.9804688   6.5227314e-20
  20449.8613281   6.5464657e-20
  20521.7402344   6.4536037e-20
  20593.6210938   6.5647192e-20
  20665.5000000   6.4131998e-20
  20737.3808594   6.4133122e-20
  20809.2597656   6.2846617e-20
  20881.1406250   6.3255335e-20
  20953.0214844   6.3430316e-20
  21024.9003906   6.2255164e-20
  21096.7812500   6.0901392e-20
  21168.6601562   5.9250883e-20
  21240.5410156   6.0362167e-20
  21312.4199219   6.0061500e-20
  21384.3007812   5.9524221e-20
  21456.1796875   5.9752619e-20
  21528.0605469   5.8782265e-20
  21599.9414062   5.8406816e-20
  21671.8203125   5.8680639e-20
  21743.7011719   5.8682448e-20
  21815.5800781   5.8488183e-20
  21887.4609375   5.7267859e-20
  21959.3398438   5.7023912e-20
  22031.2207031   5.5567745e-20
  22103.1015625   5.5202635e-20
  22174.9804688   5.4110718e-20
  22246.8613281   5.4469320e-20
  22318.7402344   5.3797459e-20
  22390.6210938   5.2623673e-20
  22462.5000000   5.1506928e-20
  22534.3808594   5.2526001e-20
  22606.2597656   5.2895005e-20
  22678.1406250   5.2122017e-20
  22750.0214844   5.2448779e-20
  22821.9003906   5.1919371e-20
  22893.7812500   5.1652360e-20
  22965.6601562   5.1936473e-20
  23037.5410156   5.1446795e-20
  23109.4199219   5.1364161e-20
  23181.3007812   5.1089240e-20
  23253.1796875   5.0915422e-20
  23325.0605469   4.9970811e-20
  23396.9414062   5.0331588e-20
  23468.8203125   4.9824862e-20
  23540.7011719   4.8031848e-20
  23612.5800781   4.3682710e-20
  23684.4609375   4.8624439e-20
  23756.3398438   4.9014658e-20
  23828.2207031   4.8570653e-20
  23900.1015625   4.8095173e-20
  23971.9804688   4.7098107e-20
  24043.8613281   4.7214497e-20
  24115.7402344   4.6239345e-20
  24187.6210938   4.6488371e-20
  24259.5000000   4.5832957e-20
  24331.3808594   4.5875043e-20
  24403.2597656   4.5339453e-20
  24475.1406250   4.5441917e-20
  24547.0214844   4.5489641e-20
  24618.9003906   4.4939792e-20
  24690.7812500   4.5169716e-20
  24762.6601562   4.5473059e-20
  24834.5410156   4.5281741e-20
  24906.4199219   4.4821528e-20
  24978.3007812   4.4366378e-20
  25050.1816406   4.4546781e-20
  25122.0605469   4.4219121e-20
  25193.9414062   4.3707274e-20
  25265.8203125   4.3758362e-20
  25337.7011719   4.3386357e-20
  25409.5800781   4.2038110e-20
  25481.4609375   4.1246780e-20
  25553.3398438   3.9963089e-20
  25625.2207031   3.9304446e-20
  25697.1015625   3.9425981e-20
  25768.9804688   3.9572046e-20
  25840.8613281   3.9287186e-20
  25912.7402344   3.9950633e-20
  25984.6210938   4.0170731e-20
  26056.5000000   4.0428071e-20
  26128.3808594   4.0389384e-20
  26200.2597656   3.9992412e-20
  26272.1406250   4.0589433e-20
  26344.0214844   4.0544180e-20
  26415.9003906   4.0616180e-20
  26487.7812500   4.1127575e-20
  26559.6601562   4.0561813e-20
  26631.5410156   4.0410675e-20
  26703.4199219   4.0494708e-20
  26775.3007812   4.0442279e-20
  26847.1816406   4.0321326e-20
  26919.0605469   4.0075928e-20
  26990.9414062   4.0258861e-20
  27062.8203125   4.0435525e-20
  27134.7011719   4.0425764e-20
  27206.5800781   4.0117135e-20
  27278.4609375   3.9615344e-20
  27350.3398438   3.9255969e-20
  27422.2207031   3.8946006e-20
  27494.1015625   3.8554413e-20
  27565.9804688   3.7632304e-20
  27637.8613281   3.7963477e-20
  27709.7402344   3.7458341e-20
  27781.6210938   3.7339754e-20
  27853.5000000   3.7145932e-20
  27925.3808594   3.7176941e-20
  27997.2617188   3.7333033e-20
  28069.1406250   3.7245087e-20
  28141.0214844   3.7113155e-20
  28212.9003906   3.6598597e-20
  28284.7812500   3.6572563e-20
  28356.6601562   3.5643177e-20
  28428.5410156   3.5120764e-20
  28500.4199219   3.5225496e-20
  28572.3007812   3.4896899e-20
  28644.1816406   3.5510369e-20
  28716.0605469   3.5376343e-20
  28787.9414062   3.5581710e-20
  28859.8203125   3.5485114e-20
  28931.7011719   3.5262335e-20
  29003.5800781   3.4976379e-20
  29075.4609375   3.4419111e-20
  29147.3398438   3.4226918e-20
  29219.2207031   3.4570456e-20
  29291.1015625   3.4497958e-20
  29362.9804688   3.4532519e-20
  29434.8613281   3.4105978e-20
  29506.7402344   3.3881140e-20
  29578.6210938   3.4041629e-20
  29650.5000000   3.4031464e-20
  29722.3808594   3.4116163e-20
  29794.2617188   3.3814840e-20
  29866.1406250   3.2961903e-20
  29938.0214844   3.2951050e-20
  30009.9003906   3.2832159e-20
  30081.7812500   3.2890902e-20
  30153.6601562   3.2435594e-20
  30225.5410156   3.2931808e-20
  30297.4199219   3.2380796e-20
  30369.3007812   3.2146856e-20
  30441.1816406   3.1938019e-20
  30513.0605469   3.2428330e-20
  30584.9414062   3.0940911e-20
  30656.8203125   3.2277292e-20
  30728.7011719   2.9961115e-20
  30800.5800781   3.2883535e-20
  30872.4609375   3.1782282e-20
  30944.3417969   3.1776282e-20
  31016.2207031   3.2987824e-20
  31088.1015625   3.2459107e-20
  31159.9804688   2.9492430e-20
  31231.8613281   3.2044941e-20
  31303.7402344   3.2792102e-20
  31375.6210938   3.2466661e-20
  31447.5000000   3.0632634e-20
  31519.3808594   3.2166488e-20
  31591.2617188   3.2607702e-20
  31663.1406250   3.2140642e-20
  31735.0214844   3.2165920e-20
  31806.9003906   3.1614946e-20
  31878.7812500   3.0044919e-20
  31950.6601562   3.1863766e-20
  32022.5410156   3.2254331e-20
  32094.4218750   3.1721485e-20
  32166.3007812   3.1707972e-20
  32238.1816406   3.1630227e-20
  32310.0605469   3.1289099e-20
  32381.9414062   2.9406035e-20
  32453.8203125   3.0509381e-20
  32525.7011719   3.1697112e-20
  32597.5800781   3.1297480e-20
  32669.4609375   3.0504961e-20
  32741.3417969   3.0580483e-20
  32813.2226562   3.0920128e-20
  32885.1015625   3.0654570e-20
  32956.9804688   3.0253465e-20
  33028.8593750   3.0071056e-20
  33100.7421875   2.8902211e-20
  33172.6210938   2.7442059e-20
  33244.5000000   2.8555241e-20
  33316.3828125   2.9081741e-20
  33388.2617188   2.9176027e-20
  33460.1406250   2.9296211e-20
  33532.0195312   2.9119191e-20
  33603.9023438   2.9064888e-20
  33675.7812500   2.8706508e-20
  33747.6601562   2.8832989e-20
  33819.5390625   2.8215415e-20
  33891.4218750   2.8697687e-20
  33963.3007812   2.8241449e-20
  34035.1796875   2.8484349e-20
  34107.0625000   2.8442347e-20
  34178.9414062   2.8050221e-20
  34250.8203125   2.7787459e-20
  34322.6992188   2.6233768e-20
  34394.5820312   2.7488378e-20
  34466.4609375   2.8075117e-20
  34538.3398438   2.7772941e-20
  34610.2226562   2.7743318e-20
  34682.1015625   2.7512173e-20
  34753.9804688   2.7358786e-20
  34825.8593750   2.7575801e-20
  34897.7421875   2.7422301e-20
  34969.6210938   2.7314244e-20
  35041.5000000   2.7121436e-20
  35113.3828125   2.7130251e-20
  35185.2617188   2.6793962e-20
  35257.1406250   2.7193356e-20
  35329.0195312   2.6980652e-20
  35400.9023438   2.7073949e-20
  35472.7812500   2.6900078e-20
  35544.6601562   2.6784785e-20
  35616.5390625   2.6649730e-20
  35688.4218750   2.6684162e-20
  35760.3007812   2.6620835e-20
  35832.1796875   2.6583449e-20
  35904.0625000   2.6415396e-20
  36029.8515625   2.5857099e-20
  36209.5507812   2.5323608e-20
  36389.2500000   2.5771274e-20
  36568.9492188   2.5512040e-20
  36748.6523438   2.5416199e-20
  36928.3515625   2.5312822e-20
  37108.0507812   2.4893884e-20
  37287.7500000   2.4651809e-20
  37467.4492188   2.4573009e-20
  37647.1523438   2.4284091e-20
  37826.8515625   2.4158673e-20
  38006.5507812   2.3861629e-20
  38186.2500000   2.3682060e-20
  38365.9492188   2.3231266e-20
  38545.6523438   2.3130986e-20
  38725.3515625   2.2896700e-20
  38905.0507812   2.2417793e-20
  39084.7500000   2.2030894e-20
  39264.4492188   2.1198292e-20
  39444.1523438   2.1041444e-20
  39623.8515625   2.0890986e-20
  39803.5507812   2.0673849e-20
  39983.2500000   2.0555517e-20
  40162.9492188   2.0417052e-20
  40342.6523438   2.0311607e-20
  40522.3515625   2.0099432e-20
  40702.0507812   2.0006959e-20
  40881.7500000   1.9901009e-20
  41061.4492188   1.9753587e-20
  41241.1523438   1.9834432e-20
  41420.8515625   1.9746908e-20
  41600.5507812   1.9540118e-20
  41780.2500000   1.9311561e-20
  41959.9531250   1.9230227e-20
  42139.6523438   1.9289606e-20
  42319.3515625   1.9046992e-20
  42499.0507812   1.8904899e-20
  42678.7500000   1.8628140e-20
  42858.4531250   1.8788110e-20
  43038.1523438   1.8281496e-20
  43217.8515625   1.8447645e-20
  43397.5507812   1.8243960e-20
  43577.2500000   1.8153406e-20
  43756.9531250   1.8116768e-20
  43936.6523438   1.7959754e-20
  44116.3515625   1.7821622e-20
  44296.0507812   1.7656306e-20
  44475.7500000   1.7565119e-20
  44655.4531250   1.7406232e-20
  44835.1523438   1.7308048e-20
  45014.8515625   1.7101394e-20
  45194.5507812   1.7023238e-20
  45374.2500000   1.6917328e-20
  45553.9531250   1.6736643e-20
  45733.6523438   1.6684756e-20
  45913.3515625   1.6585249e-20
  46093.0507812   1.5894452e-20
  46272.7500000   1.6263547e-20
  46452.4531250   1.6088288e-20
  46632.1523438   1.6151580e-20
  46811.8515625   1.5941990e-20
  46991.5507812   1.5964411e-20
  47171.2500000   1.5727245e-20
  47350.9531250   1.5653511e-20
  47530.6523438   1.5607039e-20
  47710.3515625   1.5389233e-20
  47890.0507812   1.5417714e-20
  48069.7500000   1.5254317e-20
  48249.4531250   1.5269063e-20
  48429.1523438   1.5153291e-20
  48608.8515625   1.5071652e-20
  48788.5507812   1.4859820e-20
  48968.2500000   1.4784828e-20
  49147.9531250   1.4764583e-20
  49327.6523438   1.4723723e-20
  49507.3515625   1.4634820e-20
  49687.0507812   1.4586501e-20
  49866.7500000   1.4421459e-20
  50046.4531250   1.4229196e-20
  50226.1523438   1.4180598e-20
  50405.8515625   1.3946331e-20
  50585.5507812   1.3863219e-20
  50765.2500000   1.3580411e-20
  50944.9531250   1.3517692e-20
  51124.6523438   1.3344215e-20
  51304.3515625   1.3184829e-20
  51484.0507812   1.3314944e-20
  51663.7500000   1.3320559e-20
  51843.4531250   1.3015567e-20
  52023.1523438   1.3173369e-20
  52202.8515625   1.3020026e-20
  52364.5820312   1.3052719e-20
  52544.2812500   1.2912627e-20
  52741.9531250   1.2863554e-20
  52921.6523438   1.2695570e-20
  53101.3515625   1.2728566e-20
  53281.0507812   1.2706225e-20
  53460.7500000   1.2648821e-20
  53640.4531250   1.2806620e-20
  53820.1523438   1.2686765e-20
  53999.8515625   1.2643545e-20
  54179.5507812   1.2544373e-20
  54359.2500000   1.2639493e-20
  54538.9531250   1.2651321e-20
  54718.6523438   1.2628451e-20
  54898.3515625   1.2619413e-20
  55078.0507812   1.2533966e-20
  55257.7500000   1.2608334e-20
  55437.4531250   1.2557162e-20
  55617.1523438   1.2568583e-20
  55796.8515625   1.2434235e-20
  55976.5507812   1.1902784e-20
  56156.2500000   1.2025052e-20
  56335.9531250   1.2015760e-20
  56515.6523438   1.2187747e-20
  56695.3515625   1.1473338e-20
  56875.0507812   1.1366160e-20
  57054.7500000   1.1348851e-20
  57234.4531250   1.1723331e-20
  57414.1523438   1.1349948e-20
  57683.7031250   1.1467997e-20
  58043.1015625   1.1594299e-20
  58402.5000000   1.1287611e-20
  58761.9023438   1.1539993e-20
  59121.3007812   1.1036678e-20
  59480.7031250   1.1247133e-20
  59840.1015625   1.0987781e-20
  60199.5000000   1.0903608e-20
  60558.9023438   1.0650727e-20
  60918.3007812   1.0677986e-20
  61277.7031250   1.0480941e-20
  61637.1015625   1.0360305e-20
  61996.5000000   1.0169836e-20
  62355.9023438   9.8938726e-21
  62715.3007812   9.8573102e-21
  63074.7031250   9.7148809e-21
  63434.1015625   9.5722811e-21
  63793.5000000   9.4012946e-21
  64152.9023438   9.3148639e-21
  64512.3007812   9.1499634e-21
  64871.7031250   8.9642888e-21
  65231.1015625   8.7990215e-21
  65590.5000000   8.6760745e-21
  65949.8984375   8.5393789e-21
  66309.3046875   8.3736301e-21
  66668.7031250   8.2715436e-21
  67028.1015625   8.0699894e-21
  67387.5000000   7.8895469e-21
  67746.8984375   7.8509723e-21
  68106.3046875   7.6057642e-21
  68465.7031250   7.6381341e-21
  68825.1015625   7.4855378e-21
  69184.5000000   7.3821427e-21
  69543.8984375   7.2007744e-21
  69903.3046875   7.0194830e-21
  70262.7031250   7.0027018e-21
  70622.1015625   6.8675039e-21
  70981.5000000   6.7269054e-21
  71340.8984375   6.6357075e-21
  71700.3046875   6.5387363e-21
  72059.7031250   6.4759481e-21
  72419.1015625   6.3819561e-21
  72778.5000000   6.2232202e-21
  73137.8984375   6.1258702e-21
  73497.3046875   6.0857006e-21
  73856.7031250   5.9691768e-21
  74216.1015625   5.8629891e-21
  74575.5000000   5.7857144e-21
  74934.8984375   5.6897332e-21
  75294.3046875   5.5904561e-21
  75653.7031250   5.5459734e-21
  76013.1015625   5.4418868e-21
  76372.5000000   5.3578411e-21
  76731.8984375   5.3099595e-21
  77091.3046875   5.2243483e-21
  77450.7031250   5.1400947e-21
  77810.1015625   5.0223612e-21
  78169.5000000   4.9696143e-21
  78528.8984375   4.9110759e-21
  78888.3046875   4.8503508e-21
  79247.7031250   4.7456063e-21
  79607.1015625   4.7204960e-21
  79966.5000000   4.6163452e-21
  80325.8984375   4.5582834e-21
  80685.3046875   4.4962695e-21
  81044.7031250   4.4381184e-21
  81404.1015625   4.3561056e-21
  81763.5000000   4.3289096e-21
  82122.8984375   4.2436183e-21
  82482.3046875   3.5890268e-21
  82841.7031250   3.8318928e-21
  83201.1015625   3.8049270e-21
  83560.5000000   3.2623173e-21
  83919.9062500   3.5277670e-21
  84279.3046875   3.3307516e-21
  84638.7031250   2.9921271e-21
  84998.1015625   3.2592096e-21
  85357.5000000   3.0763546e-21
  85716.9062500   2.8431357e-21
  86076.3046875   3.0538741e-21
  86435.7031250   2.9665336e-21
  86795.1015625   2.7542517e-21
  87154.5000000   2.9090940e-21
  87513.9062500   2.8157727e-21
  87873.3046875   2.7209361e-21
  88232.7031250   2.7407252e-21
  88592.1015625   2.7519665e-21
  88951.5000000   2.6904568e-21
  89310.9062500   2.4433114e-21
  89670.3046875   2.4390119e-21
  90029.7031250   2.5069649e-21
  90389.1015625   2.4219547e-21
  90748.5000000   2.5043677e-21
  91107.9062500   2.5264842e-21
  91467.3046875   2.5296597e-21
  91826.7031250   2.5313712e-21
  92186.1015625   2.5416758e-21
  92545.5000000   2.5579918e-21
  92904.9062500   2.4786318e-21
  93264.3046875   2.4816271e-21
  93623.7031250   2.4862416e-21
  93983.1015625   2.4308954e-21
  94342.5000000   2.3930579e-21
  94701.9062500   2.4026200e-21
  95061.3046875   2.3823199e-21
  95420.7031250   2.3429533e-21
  95780.1015625   2.3048849e-21
  96139.5000000   2.3175016e-21
  96498.9062500   2.2964075e-21
  96858.3046875   2.2386209e-21
  97217.7031250   2.2444787e-21
  97577.1015625   2.2189269e-21
  97936.5000000   2.2065659e-21
  98295.9062500   2.1499822e-21
  98655.3046875   2.1500862e-21
  99014.7031250   2.1288604e-21
  99374.1015625   2.1010046e-21
  99733.5000000   2.0604960e-21
 100092.9062500   2.0583525e-21
 100452.3046875   2.0458969e-21
 100811.7031250   2.0207770e-21
 101171.1015625   1.9847242e-21
 101530.5000000   1.9737022e-21
 101889.9062500   1.9619401e-21
 102249.3046875   1.9367533e-21
 102608.7031250   1.9118060e-21
 102968.1015625   1.8911544e-21
 103327.5000000   1.8645984e-21
 103686.9062500   1.8513223e-21
 104046.3046875   1.8306727e-21
 104405.7031250   1.8092833e-21
 104765.1015625   1.7923192e-21
 105124.5000000   1.7620750e-21
 105483.9062500   1.7539602e-21
 105843.3046875   1.7259317e-21
 106202.7031250   1.7060210e-21
 106562.1015625   1.6920078e-21
 106921.5000000   1.6720920e-21
 107280.9062500   1.6492278e-21
 107640.3046875   1.6293145e-21
 107999.7031250   1.6093941e-21
 108359.1015625   1.5946472e-21
 108718.5000000   1.5725173e-21
 109077.9062500   1.5452286e-21
 109437.3046875   1.5356421e-21
 109796.7031250   1.5179400e-21
 110156.1015625   1.5009759e-21
 110515.5000000   1.4862233e-21
 110874.9062500   1.4640927e-21
 111234.3046875   1.4478703e-21
 111593.7031250   1.4360659e-21
 111953.1015625   1.4132041e-21
 112312.5000000   1.4006608e-21
 112671.9062500   1.3851716e-21
 113031.3046875   1.3689455e-21
 113390.7031250   1.3527193e-21
 113750.1015625   1.3342808e-21
 114109.5000000   1.3232166e-21
 114468.9062500   1.3077276e-21
 114828.3046875   1.2929765e-21
 115367.4062500   1.2693731e-21
 116086.2031250   1.2406088e-21
 116805.0000000   1.2133166e-21
 117523.8046875   1.1852914e-21
 118242.6015625   1.1550490e-21
 118961.4062500   1.1321820e-21
 119680.2031250   1.1078440e-21
 120399.0000000   1.0857162e-21
 121117.8046875   1.0613745e-21
 121836.6015625   1.0377746e-21
 122555.4062500   1.0141693e-21
 123274.2031250   9.9499549e-22
 123993.0000000   9.7507863e-22
 124711.8046875   9.5442819e-22
 125430.6015625   9.3524956e-22
 126149.4062500   9.1754767e-22
 126868.2031250   8.9689744e-22
 127587.0000000   8.7993317e-22
 128305.8046875   8.6149053e-22
 129024.6015625   8.4379021e-22
 129743.4062500   8.2829946e-22
 130462.2031250   8.1281108e-22
 131181.0000000   7.9437157e-22
 131899.7968750   7.7888445e-22
 132618.6093750   7.5970511e-22
 133337.4062500   7.4421698e-22
 134056.2031250   7.3204767e-22
 134775.0000000   7.1301883e-22
 135493.7968750   7.0505030e-22
 136212.6093750   6.9111036e-22
 136931.4062500   6.7879509e-22
 137650.2031250   6.6750800e-22
 138369.0000000   6.5563348e-22
 139087.7968750   6.4154536e-22
 139806.6093750   6.3003859e-22
 140525.4062500   6.1853455e-22
 141244.2031250   6.0842840e-22
 141963.0000000   5.9493123e-22
 142681.7968750   5.8445813e-22
 143400.6093750   5.7140237e-22
 144119.4062500   5.6233050e-22
 144838.2031250   5.5303582e-22
 145557.0000000   5.4153032e-22
 146275.7968750   5.3326987e-22
 146994.6093750   5.2405032e-22
 147713.4062500   5.1519822e-22
 148432.2031250   5.0664252e-22
 149151.0000000   4.9705527e-22
 149869.7968750   4.8731757e-22
 150588.6093750   4.7950066e-22
 151307.4062500   4.7064815e-22
 152026.2031250   4.6445308e-22
 152745.0000000   4.5530815e-22
 153463.7968750   4.4829988e-22
 154182.6093750   4.2735243e-22
 154901.4062500   4.0906187e-22
 155620.2031250   4.0935661e-22
 156339.0000000   3.9143377e-22
 157057.7968750   3.8177154e-22
 157776.6093750   3.7351069e-22
 158495.4062500   3.5706162e-22
 159214.2031250   3.5418474e-22
 159933.0000000   3.4621964e-22
 160651.7968750   3.3412271e-22
 161370.6093750   3.3493517e-22
 162089.4062500   3.2615723e-22
 162808.2031250   3.1708530e-22
 163527.0000000   3.1627446e-22
 164245.7968750   3.1096349e-22
 164964.6093750   3.0085852e-22
 165683.4062500   3.0189093e-22
 166402.2031250   2.9495800e-22
 167121.0000000   2.9053273e-22
 167839.8125000   2.8795023e-22
 168558.6093750   2.8308255e-22
 169277.4062500   2.7784653e-22
 169996.2031250   2.7747704e-22
 170715.0000000   2.7179742e-22
 171433.8125000   2.6811032e-22
 172152.6093750   2.6412727e-22
 172871.4062500   2.5859481e-22
 173590.2031250   2.5881638e-22
 174309.0000000   2.5387417e-22
 175027.8125000   2.4900663e-22
 175746.6093750   2.4635142e-22
 176465.4062500   2.4222099e-22
 177184.2031250   2.3904949e-22
 177903.0000000   2.3499298e-22
 178621.8125000   2.3366540e-22
 179340.6093750   2.2931321e-22
 180059.4062500   2.2724793e-22
 180778.2031250   2.2407653e-22
 181497.0000000   2.1942927e-22
 182215.8125000   2.1729069e-22
 182934.6093750   2.1441454e-22
 183653.4062500   2.1087422e-22
 184372.2031250   2.0785009e-22
 185091.0000000   2.0512052e-22
 185809.8125000   2.0423599e-22
 186528.6093750   2.0069530e-22
 187247.4062500   1.9789274e-22
 187966.2031250   1.9508991e-22
 188685.0000000   1.9331928e-22
 189403.8125000   1.9250845e-22
 190122.6093750   1.8793475e-22
 190841.4062500   1.8505826e-22
 191560.2031250   1.8365673e-22
 192279.0000000   1.8129662e-22
 192997.8125000   1.7893698e-22
 193716.6093750   1.7701883e-22
 194435.4062500   1.7487991e-22
 195154.2031250   1.7185568e-22
 195873.0000000   1.7089682e-22
 196591.8125000   1.6772551e-22
 197310.6093750   1.6639750e-22
 198029.4062500   1.6352141e-22
 198748.2031250   1.6381613e-22
 199467.0000000   1.5983352e-22
 200185.8125000   1.5909605e-22
 200904.6093750   1.5644027e-22
 201623.4062500   1.5555512e-22
 202342.2031250   1.5245743e-22
 203061.0000000   1.5164609e-22
 203779.8125000   1.4958100e-22
 204498.6093750   1.4685168e-22
 205217.4062500   1.4618824e-22
 205936.2031250   1.4449164e-22
 206655.0000000   1.4257408e-22
 207373.8125000   1.4080373e-22
 208092.6093750   1.3962387e-22
 208811.4062500   1.3770618e-22
 209530.2031250   1.3615704e-22
 210249.0000000   1.3453431e-22
 210967.8125000   1.3239547e-22
 211686.6093750   1.3099408e-22
 212405.4062500   1.2922385e-22
 213124.2031250   1.2826490e-22
 213843.0000000   1.2634719e-22
 214561.8125000   1.2538866e-22
 215280.6093750   1.2391331e-22
 215999.4062500   1.2243810e-22
 216718.2031250   1.2096293e-22
 217437.0000000   1.1926645e-22
 218155.8125000   1.1793873e-22
 218874.6093750   1.1646355e-22
 219593.4062500   1.1506238e-22
 220312.2031250   1.1395599e-22
 221031.0000000   1.1277602e-22
 221749.8125000   1.1174314e-22
 222468.6093750   1.1034157e-22
 223187.4062500   1.0930938e-22
 223906.2031250   1.0768643e-22
 224625.0000000   1.0628532e-22
 225343.8125000   1.0510488e-22
 226062.6093750   1.0399875e-22
 226781.4062500   1.0274484e-22
 227500.2031250   1.0185973e-22
 228219.0000000   1.0060554e-22
 228937.8125000   9.9794508e-23
 229656.6093750   9.8319313e-23
 230734.8125000   9.6770249e-23
 232172.4062500   9.4483991e-23
 233610.0000000   9.2418829e-23
 235047.6093750   9.0353553e-23
 236485.2031250   8.8509569e-23
 237922.8125000   8.6517979e-23
 239360.4062500   8.4600176e-23
 240798.0000000   8.2829947e-23
 242235.6093750   8.0912479e-23
 243673.2031250   7.9215929e-23
 245110.8125000   7.7445700e-23
 246548.4062500   7.5896813e-23
 247986.0000000   7.4200421e-23
 249423.6093750   7.2636640e-23
 250861.2031250   7.1095199e-23
 252298.8125000   6.9568438e-23
 253736.4062500   6.8152237e-23
 255174.0000000   6.6691898e-23
 256611.6093750   6.5327376e-23
 258049.2031250   6.3955364e-23
 259486.8125000   6.2642700e-23
 260924.4062500   6.1337040e-23
 262362.0000000   6.0090520e-23
 263799.5937500   5.8844000e-23
 265237.2187500   5.7663845e-23
 266674.8125000   5.6432212e-23
 268112.4062500   5.5215246e-23
 269550.0000000   5.4108815e-23
 270987.5937500   5.3105655e-23
 272425.2187500   5.2095245e-23
 273862.8125000   5.1062547e-23
 275300.4062500   5.0052076e-23
 276738.0000000   4.9056439e-23
 278175.5937500   4.8104889e-23
 279613.2187500   4.7175529e-23
 281050.8125000   4.6260873e-23
 282488.4062500   4.5368533e-23
 283926.0000000   4.4490670e-23
 285363.5937500   4.3642631e-23
 286801.2187500   4.2816401e-23
 288238.8125000   4.1982944e-23
 289676.4062500   4.1193739e-23
 291114.0000000   4.0434110e-23
 292551.5937500   3.9667050e-23
 293989.2187500   3.8944125e-23
 295426.8125000   3.8221276e-23
 296864.4062500   3.7513327e-23
 298302.0000000   3.6827230e-23
 299739.5937500   3.6133988e-23
 301177.2187500   3.5484958e-23
 302614.8125000   3.4850644e-23
 304052.4062500   3.4223610e-23
 305490.0000000   3.3604023e-23
 306927.5937500   3.3006666e-23
 308365.2187500   3.2423912e-23
 309802.8125000   3.1848656e-23
 311240.4062500   3.1288139e-23
 312678.0000000   3.0742342e-23
 314115.5937500   3.0203812e-23
 315553.2187500   2.9672763e-23
 316990.8125000   2.9149130e-23
 318428.4062500   2.8647566e-23
 319866.0000000   2.8153401e-23
 321303.5937500   2.7681366e-23
 322741.2187500   2.7194547e-23
 324178.8125000   2.6751987e-23
 325616.4062500   2.6302063e-23
 327054.0000000   2.5837345e-23
 328491.5937500   2.5416980e-23
 329929.2187500   2.4996538e-23
 331366.8125000   2.4590822e-23
 332804.4062500   2.4177781e-23
 334242.0000000   2.3786922e-23
 335679.6250000   2.3388614e-23
 337117.2187500   2.3012434e-23
 338554.8125000   2.2636338e-23
 339992.4062500   2.2260132e-23
 341430.0000000   2.1906046e-23
 342867.6250000   2.1552010e-23
 344305.2187500   2.1212727e-23
 345742.8125000   2.0873468e-23
 347180.4062500   2.0541531e-23
 348618.0000000   2.0217003e-23
 350055.6250000   1.9885107e-23
 351493.2187500   1.9582729e-23
 352930.8125000   1.9272926e-23
 354368.4062500   1.8977938e-23
 355806.0000000   1.8682870e-23
 357243.6250000   1.8395219e-23
 358681.2187500   1.8107542e-23
 360118.8125000   1.7834619e-23
 718800.0000000   1.1985666e-24
1437600.0000000   7.6929413e-26
2156400.0000000   1.5289999e-26
2875200.0000000   4.8429431e-27
3594000.0000000   1.9826158e-27
4312800.0000000   9.5516621e-28
5031600.0000000   5.1490416e-28
5750400.0000000   3.0144841e-28
