    376.1939697   3.0567590e-23
    388.5959778   3.4982062e-23
    396.8639832   3.7408037e-23
    405.1319885   2.0958992e-22
    413.3999939   5.8001148e-22
    421.6679688   6.2940533e-22
    429.9359741   5.9767051e-22
    438.2039795   6.0753392e-22
    446.4719849   6.1994057e-22
    454.7399902   7.0823139e-22
    471.2759705   7.3479851e-22
    487.8119812   7.1356081e-22
    500.2139893   9.0437720e-22
    516.7500000   9.3858251e-22
    525.0180054   9.5846484e-22
    529.1519775   9.7358108e-22
    541.5539551   9.3937839e-22
    545.6879883   9.7198750e-22
    553.9559937   9.2823983e-22
    566.3579712   1.0324376e-21
    578.7599487   1.0348255e-21
    591.1619873   1.3076530e-21
    607.6979980   1.6266119e-21
    624.2339478   1.4563906e-21
    640.7699585   1.6433136e-21
    657.3059692   1.6504740e-21
    669.7079468   1.6528605e-21
    686.2439575   1.6632007e-21
    702.7799683   1.6616091e-21
    715.1819458   1.3657148e-21
    731.7179565   1.6743334e-21
    744.1199951   1.6767175e-21
    752.3879395   1.6767175e-21
    768.9239502   1.6791051e-21
    789.5939941   1.6814961e-21
    801.9959717   1.6910348e-21
    818.5319824   1.6870586e-21
    835.0679932   1.6926248e-21
    847.4699707   1.6910348e-21
    868.1399536   1.6393344e-21
    892.9439697   1.6894461e-21
    909.4799805   1.6958095e-21
    921.8819580   1.6302020e-21
    938.4179688   1.5861051e-21
    950.8199463   1.9268694e-21
    967.3559570   2.7716282e-21
    992.1599731   2.8470218e-21
   1016.9639282   2.5087711e-21
   1041.7679443   2.4435903e-21
   1062.4379883   2.1479815e-21
   1074.8399658   2.1934738e-21
   1091.3759766   2.6532246e-21
   1112.0458984   2.6006633e-21
   1132.7159424   2.5236232e-21
   1153.3859863   2.0842599e-21
   1174.0559082   2.3619633e-21
   1198.8599854   2.3226981e-21
   1223.6639404   2.0226416e-21
   1244.3339844   1.7712459e-21
   1273.2719727   1.7952182e-21
   1314.6119385   1.6238495e-21
   1355.9519043   1.5441229e-21
   1397.2919922   1.3456208e-21
   1438.6319580   1.1753438e-21
   1475.8378906   1.4684266e-21
   1513.0439453   2.0825853e-21
   1550.2498779   1.9140660e-21
   1591.5899658   1.4110893e-21
   1632.9299316   1.9510020e-21
   1674.2698975   2.2523486e-21
   1711.4759521   2.1043570e-21
   1744.5479736   1.8092518e-21
   1777.6198730   1.6400186e-21
   1823.0938721   1.7880343e-21
   1864.4339600   1.7162641e-21
   1901.6398926   1.4317772e-21
   1942.9798584   1.3808287e-21
   1984.3199463   1.4730256e-21
   2025.6599121   1.1855517e-21
   2067.0000000   1.3977727e-21
   2091.8039551   1.1713965e-21
   2116.6079102   1.8004927e-21
   2149.6799316   1.6565742e-21
   2191.0200195   1.4705951e-21
   2232.3598633   1.1667447e-21
   2273.6999512   1.0963487e-21
   2315.0397949   1.4021010e-21
   2356.3798828   1.5325766e-21
   2397.7199707   1.4656368e-21
   2439.0598145   1.4651412e-21
   2480.3999023   1.2114317e-21
   2521.7399902   1.1639554e-21
   2563.0798340   1.4709051e-21
   2604.4199219   1.3815142e-21
   2645.7597656   1.5287380e-21
   2687.0998535   1.4810173e-21
   2720.1718750   1.3704795e-21
   2749.1098633   1.5664584e-21
   2790.4499512   1.6818727e-21
   2831.7897949   1.4751425e-21
   2873.1298828   1.7681060e-21
   2914.4699707   1.4778855e-21
   2959.9438477   1.9858926e-21
   3001.2839355   2.1077422e-21
   3038.4899902   2.2213647e-21
   3079.8298340   2.2789656e-21
   3121.1699219   2.4182878e-21
   3162.5097656   2.3338338e-21
   3203.8498535   2.8221363e-21
   3245.1899414   2.8180367e-21
   3286.5297852   3.3332980e-21
   3327.8698730   3.8277553e-21
   3369.2099609   4.4086679e-21
   3410.5498047   5.1709790e-21
   3451.8898926   4.7743298e-21
   3493.2297363   6.9065526e-21
   3534.5698242   8.0190443e-21
   3575.9099121   9.9055250e-21
   3617.2497559   1.1950292e-20
   3658.5898438   1.4507601e-20
   3699.9299316   1.7778158e-20
   3741.2697754   2.1502468e-20
   3782.6098633   2.6035773e-20
   3823.9499512   9.2510613e-20
   3865.2897949   1.7063208e-19
   3906.6298828   2.4943569e-19
   3947.9697266   3.2480640e-19
   3989.3098145   3.4847739e-19
   4030.6499023   1.6405876e-19
   4071.9897461   3.2083102e-19
   4113.3295898   3.1187713e-19
   4154.6699219   3.8950795e-19
   4196.0097656   4.0287341e-19
   4237.3496094   2.8818810e-19
   4278.6899414   4.5380891e-19
   4320.0297852   6.1237453e-19
   4361.3696289   5.8776073e-19
   4402.7099609   4.9779367e-19
   4444.0498047   5.4564612e-19
   4485.3896484   4.8058646e-19
   4526.7299805   5.5936983e-19
   4568.0698242   5.2898955e-19
   4609.4096680   5.1494712e-19
   4650.7500000   4.4907832e-19
   4692.0898438   5.3291406e-19
   4733.4296875   5.0497872e-19
   4774.7700195   5.0360110e-19
   4816.1098633   4.9226940e-19
   4857.4497070   3.3004928e-19
   4898.7895508   4.6749622e-19
   4940.1298828   4.1101036e-19
   4981.4697266   3.4741226e-19
   5022.8095703   2.8641403e-19
   5064.1499023   6.4480797e-19
   5105.4897461   7.5558906e-19
   5146.8295898   7.6949009e-19
   5188.1699219   7.5142927e-19
   5229.5097656   7.4020764e-19
   5270.8496094   8.2462261e-19
   5312.1899414   8.3727480e-19
   5353.5297852   7.2600924e-19
   5394.8696289   7.4108259e-19
   5436.2099609   8.3726746e-19
   5477.5498047   8.0112996e-19
   5518.8896484   7.6102085e-19
   5560.2299805   8.1640664e-19
   5601.5698242   8.0056370e-19
   5642.9096680   7.5015324e-19
   5684.2500000   7.4481209e-19
   5725.5898438   7.3810727e-19
   5766.9296875   5.5209426e-19
   5808.2695312   5.4244199e-19
   5849.6098633   6.9874335e-19
   5890.9497070   6.7925440e-19
   5932.2895508   7.1100506e-19
   5961.2275391   7.1980233e-19
   5981.8979492   7.1765590e-19
   6014.9697266   6.9656181e-19
   6056.3095703   6.6264467e-19
   6097.6499023   6.7561869e-19
   6138.9897461   6.8145657e-19
   6180.3295898   6.7508779e-19
   6221.6699219   6.3942726e-19
   6250.6079102   5.9032701e-19
   6271.2778320   6.0889354e-19
   6304.3496094   6.0878927e-19
   6345.6899414   5.2623214e-19
   6387.0297852   4.7233993e-19
   6428.3696289   4.7297929e-19
   6469.7099609   5.2822575e-19
   6511.0498047   5.5981464e-19
   6552.3896484   5.6886090e-19
   6593.7294922   5.6910331e-19
   6635.0698242   5.5983677e-19
   6676.4096680   5.5100662e-19
   6717.7495117   5.4459752e-19
   6759.0898438   5.7062496e-19
   6800.4296875   5.7074775e-19
   6841.7695312   5.6304964e-19
   6883.1098633   5.7904680e-19
   6912.0478516   5.4227769e-19
   6932.7177734   6.0176883e-19
   6965.7895508   5.9340986e-19
   7007.1298828   5.6722184e-19
   7048.4697266   5.5441719e-19
   7089.8095703   5.2505936e-19
   7131.1499023   5.1627185e-19
   7172.4897461   5.4102162e-19
   7213.8295898   5.3010588e-19
   7255.1699219   5.3875245e-19
   7296.5097656   5.2319484e-19
   7337.8496094   5.0780985e-19
   7379.1894531   5.2022309e-19
   7420.5297852   5.3029453e-19
   7461.8696289   5.3361194e-19
   7503.2094727   4.9250504e-19
   7544.5498047   5.0413665e-19
   7585.8896484   4.9313272e-19
   7627.2294922   4.6013871e-19
   7668.5698242   4.5957726e-19
   7709.9096680   4.6563977e-19
   7751.2495117   4.8353561e-19
   7792.5898438   4.4329369e-19
   7833.9296875   4.2240945e-19
   7875.2695312   4.5055204e-19
   7916.6098633   4.2667731e-19
   7957.9497070   4.0850891e-19
   7999.2895508   4.3232478e-19
   8040.6298828   4.3902740e-19
   8081.9697266   4.0190144e-19
   8131.5776367   4.3224506e-19
   8168.7836914   4.4443215e-19
   8201.8554688   4.2126083e-19
   8247.3300781   4.1215639e-19
   8288.6699219   4.2527979e-19
   8330.0097656   4.1764652e-19
   8371.3496094   4.2986540e-19
   8412.6894531   4.0056570e-19
   8454.0292969   4.0645804e-19
   8495.3701172   3.6351259e-19
   8536.7099609   3.7939143e-19
   8573.9160156   4.1607570e-19
   8590.4511719   3.8555770e-19
   8619.3896484   3.9985916e-19
   8660.7294922   3.8037244e-19
   8702.0693359   3.8828336e-19
   8743.4091797   3.9144407e-19
   8784.7500000   3.9187413e-19
   8826.0898438   3.8270827e-19
   8867.4296875   3.7211407e-19
   8908.7695312   3.8389509e-19
   8950.1093750   3.7684899e-19
   8991.4492188   3.7564769e-19
   9032.7900391   3.6469271e-19
   9074.1298828   3.7321226e-19
   9115.4697266   3.6913211e-19
   9156.8095703   3.5977701e-19
   9198.1494141   3.5309290e-19
   9239.4892578   3.5571871e-19
   9280.8300781   3.5286194e-19
   9322.1699219   3.4322957e-19
   9363.5097656   3.4869018e-19
   9404.8496094   3.4862279e-19
   9446.1894531   3.4808580e-19
   9487.5292969   3.2866789e-19
   9528.8691406   3.3528399e-19
   9570.2099609   3.2682831e-19
   9611.5498047   2.8711806e-19
   9652.8896484   3.1522752e-19
   9694.2294922   3.1482073e-19
   9735.5693359   3.1563894e-19
   9776.9091797   3.0873314e-19
   9818.2500000   3.0539144e-19
   9859.5898438   2.9666248e-19
   9900.9296875   3.0130149e-19
   9942.2695312   2.9441832e-19
   9983.6093750   2.9432523e-19
  10024.9492188   2.9588827e-19
  10066.2900391   2.8707771e-19
  10107.6298828   2.9063611e-19
  10148.9697266   2.8784657e-19
  10190.3095703   2.8413507e-19
  10231.6494141   2.7905843e-19
  10272.9892578   2.7746365e-19
  10314.3291016   2.3810963e-19
  10355.6699219   2.7140142e-19
  10388.7412109   2.5859597e-19
  10409.4111328   2.6868907e-19
  10438.3496094   2.6488003e-19
  10479.6894531   2.6400087e-19
  10521.0292969   2.5783501e-19
  10562.3691406   2.6120415e-19
  10603.7099609   2.5851193e-19
  10645.0498047   2.6089114e-19
  10686.3896484   2.5837914e-19
  10727.7294922   2.5562510e-19
  10769.0693359   2.5223932e-19
  10810.4091797   2.4895414e-19
  10851.7500000   2.4902849e-19
  10893.0898438   2.4835571e-19
  10934.4296875   2.4989623e-19
  10975.7695312   2.4879458e-19
  11017.1093750   2.3999412e-19
  11058.4492188   2.4120509e-19
  11099.7890625   2.4040872e-19
  11141.1298828   2.3416878e-19
  11182.4697266   2.3262100e-19
  11223.8095703   2.3010210e-19
  11265.1494141   2.2954898e-19
  11306.4892578   2.2906560e-19
  11347.8291016   2.2212671e-19
  11389.1699219   2.2114263e-19
  11430.5097656   2.2059940e-19
  11471.8496094   2.2281749e-19
  11513.1894531   2.1962594e-19
  11554.5292969   2.0753814e-19
  11595.8691406   2.1143529e-19
  11637.2099609   2.1543018e-19
  11678.5498047   2.1321539e-19
  11719.8896484   2.0574485e-19
  11761.2294922   2.0576113e-19
  11802.5693359   2.0379068e-19
  11843.9091797   2.0492602e-19
  11885.2490234   2.0226417e-19
  11926.5898438   2.0094489e-19
  11967.9296875   1.9851688e-19
  12029.9394531   1.9763046e-19
  12112.6191406   1.9467053e-19
  12195.2998047   1.9038127e-19
  12277.9794922   1.8863431e-19
  12360.6591797   1.8552374e-19
  12443.3398438   1.8198907e-19
  12526.0195312   1.8073457e-19
  12608.6992188   1.7835717e-19
  12691.3798828   1.7582794e-19
  12774.0595703   1.7218206e-19
  12856.7392578   1.7028920e-19
  12939.4199219   1.6695751e-19
  13022.0996094   1.6498072e-19
  13104.7792969   1.6151580e-19
  13187.4589844   1.5775946e-19
  13270.1396484   1.5600528e-19
  13352.8193359   1.5327180e-19
  13435.4990234   1.5139654e-19
  13518.1796875   1.4850295e-19
  13600.8593750   1.4616964e-19
  13683.5390625   1.4388309e-19
  13766.2197266   1.4097700e-19
  13848.8994141   1.3817994e-19
  13931.5791016   1.3580946e-19
  14014.2597656   1.3382244e-19
  14096.9394531   1.3178346e-19
  14179.6191406   1.2860446e-19
  14262.2998047   1.2647045e-19
  14344.9794922   1.2490500e-19
  14427.6591797   1.2290359e-19
  14510.3398438   1.2125122e-19
  14593.0195312   1.1943209e-19
  14675.6992188   1.1769968e-19
  14758.3789062   1.1553787e-19
  14841.0595703   1.1289397e-19
  14923.7392578   1.1126812e-19
  15006.4189453   1.0991305e-19
  15047.7597656   1.0930074e-19
  15089.0996094   1.0895997e-19
  15171.7792969   1.0691689e-19
  15254.4589844   1.0266544e-19
  15337.1396484   1.0430430e-19
  15419.8193359   1.0315810e-19
  15502.4990234   1.1231732e-19
  15585.1796875   1.1222363e-19
  15667.8593750   1.1850572e-19
  15750.5390625   1.2467919e-19
  15833.2197266   1.0972495e-19
  15915.8994141   1.2562458e-19
  15998.5791016   1.2671285e-19
  16081.2597656   1.0365903e-19
  16163.9394531   1.2576811e-19
  16246.6191406   1.1993617e-19
  16329.2988281   1.2085462e-19
  16411.9785156   9.5488515e-20
  16494.6601562   1.1890244e-19
  16577.3398438   1.2028380e-19
  16660.0195312   1.1679802e-19
  16742.6992188   1.1758705e-19
  16825.3789062   1.1366810e-19
  16908.0585938   1.0675361e-19
  16990.7402344   9.4529658e-20
  17073.4199219   1.0870616e-19
  17156.0996094   1.0910746e-19
  17238.7792969   1.0826212e-19
  17321.4589844   1.0745401e-19
  17404.1386719   1.0659619e-19
  17486.8183594   1.0498494e-19
  17569.5000000   1.0359896e-19
  17652.1796875   1.0075676e-19
  17734.8593750   1.0033021e-19
  17817.5390625   9.7091229e-20
  17900.2187500   9.0274233e-20
  17982.8984375   8.2962829e-20
  18065.5800781   9.5233045e-20
  18148.2597656   9.3647017e-20
  18230.9394531   9.3559872e-20
  18313.6191406   9.3141280e-20
  18396.2988281   9.2526859e-20
  18478.9785156   9.0013730e-20
  18561.6601562   9.0574855e-20
  18644.3398438   9.1088263e-20
  18727.0195312   8.8696748e-20
  18809.6992188   8.7630409e-20
  18892.3789062   8.7944634e-20
  18975.0585938   8.6104804e-20
  19057.7382812   8.5456068e-20
  19140.4199219   8.3795535e-20
  19223.0996094   8.2610153e-20
  19305.7792969   8.2716168e-20
  19388.4589844   8.1570775e-20
  19471.1386719   7.9456346e-20
  19553.8183594   8.0085559e-20
  19636.5000000   7.9651657e-20
  19719.1796875   7.9263613e-20
  19801.8593750   7.8050423e-20
  19884.5390625   7.6687217e-20
  19967.2187500   7.5805533e-20
  20049.8984375   7.0255280e-20
  20132.5800781   6.2746781e-20
  20215.2597656   7.3041948e-20
  20297.9394531   7.2829899e-20
  20380.6191406   7.1102688e-20
  20463.2988281   7.1716126e-20
  20545.9785156   7.0764681e-20
  20628.6582031   6.9076140e-20
  20711.3398438   6.6549995e-20
  20794.0195312   6.7647677e-20
  20876.6992188   6.6586831e-20
  20959.3789062   6.7242468e-20
  21042.0585938   6.5882299e-20
  21124.7382812   6.5453736e-20
  21207.4199219   6.4087511e-20
  21290.0996094   6.3013275e-20
  21372.7792969   6.1640582e-20
  21455.4589844   6.1401462e-20
  21538.1386719   6.1062350e-20
  21620.8183594   6.1167835e-20
  21703.5000000   6.1223198e-20
  21786.1796875   5.9343333e-20
  21868.8593750   6.0488487e-20
  21951.5390625   6.0343349e-20
  22034.2187500   5.8604667e-20
  22116.8984375   5.9103787e-20
  22199.5781250   5.8705641e-20
  22282.2597656   5.7658528e-20
  22364.9394531   5.6958093e-20
  22447.6191406   5.6556019e-20
  22530.2988281   5.6402977e-20
  22612.9785156   5.5298239e-20
  22695.6582031   5.4842340e-20
  22778.3398438   5.4385180e-20
  22861.0195312   5.4378731e-20
  22943.6992188   5.4271126e-20
  23026.3789062   5.3660599e-20
  23109.0585938   5.2747004e-20
  23191.7382812   5.2737507e-20
  23274.4199219   5.1921649e-20
  23357.0996094   5.1557857e-20
  23439.7792969   5.0890607e-20
  23522.4589844   5.1029589e-20
  23605.1386719   5.0360336e-20
  23687.8183594   5.1155476e-20
  23770.4980469   4.9958743e-20
  23853.1796875   4.9944044e-20
  23935.8593750   4.8966895e-20
  24018.5390625   4.9260244e-20
  24101.2187500   4.9325620e-20
  24183.8984375   4.8431134e-20
  24266.5781250   4.7336997e-20
  24349.2597656   4.6068264e-20
  24431.9394531   4.6913755e-20
  24514.6191406   4.6660602e-20
  24597.2988281   4.6213356e-20
  24679.9785156   4.6371735e-20
  24762.6582031   4.5627098e-20
  24845.3398438   4.5330693e-20
  24928.0195312   4.5523814e-20
  25010.6992188   4.5507422e-20
  25093.3789062   4.5352594e-20
  25176.0585938   4.4424675e-20
  25258.7382812   4.4222617e-20
  25341.4179688   4.3097506e-20
  25424.0996094   4.2775991e-20
  25506.7792969   4.1914961e-20
  25589.4589844   4.2130890e-20
  25672.1386719   4.1596790e-20
  25754.8183594   4.0686882e-20
  25837.4980469   3.9837099e-20
  25920.1796875   4.0591927e-20
  26002.8593750   4.0873505e-20
  26085.5390625   4.0294950e-20
  26168.2187500   4.0540264e-20
  26250.8984375   4.0130703e-20
  26333.5781250   3.9921869e-20
  26416.2597656   4.0115197e-20
  26498.9394531   3.9745699e-20
  26581.6191406   3.9664790e-20
  26664.2988281   3.9449368e-20
  26746.9785156   3.9311003e-20
  26829.6582031   3.8582027e-20
  26912.3378906   3.8841810e-20
  26995.0195312   3.8453630e-20
  27077.6992188   3.7120816e-20
  27160.3789062   3.3798506e-20
  27243.0585938   3.7503774e-20
  27325.7382812   3.7778524e-20
  27408.4179688   3.7419211e-20
  27491.0996094   3.7028168e-20
  27573.7792969   3.6246205e-20
  27656.4589844   3.6306905e-20
  27739.1386719   3.5565154e-20
  27821.8183594   3.5724360e-20
  27904.4980469   3.5221163e-20
  27987.1796875   3.5249639e-20
  28069.8593750   3.4829070e-20
  28152.5390625   3.4909316e-20
  28235.2187500   3.4942448e-20
  28317.8984375   3.4536464e-20
  28400.5781250   3.4700055e-20
  28483.2597656   3.4931708e-20
  28565.9394531   3.4796962e-20
  28648.6191406   3.4441946e-20
  28731.2988281   3.4086507e-20
  28813.9785156   3.4223612e-20
  28896.6582031   3.3972479e-20
  28979.3378906   3.3594874e-20
  29062.0195312   3.3605647e-20
  29144.6992188   3.3290404e-20
  29227.3789062   3.2218094e-20
  29310.0585938   3.1591491e-20
  29392.7382812   3.0569739e-20
  29475.4179688   3.0057459e-20
  29558.0996094   3.0160863e-20
  29640.7792969   3.0269282e-20
  29723.4589844   3.0082814e-20
  29806.1386719   3.0586661e-20
  29888.8183594   3.0753283e-20
  29971.4980469   3.0956953e-20
  30054.1796875   3.0938875e-20
  30136.8593750   3.0651478e-20
  30219.5390625   3.1113972e-20
  30302.2187500   3.1074642e-20
  30384.8984375   3.1141040e-20
  30467.5781250   3.1530089e-20
  30550.2578125   3.1109462e-20
  30632.9394531   3.1001033e-20
  30715.6191406   3.1056496e-20
  30798.2988281   3.1005935e-20
  30880.9785156   3.0907639e-20
  30963.6582031   3.0718858e-20
  31046.3378906   3.0853659e-20
  31129.0195312   3.0988509e-20
  31211.6992188   3.0974770e-20
  31294.3789062   3.0737618e-20
  31377.0585938   3.0346084e-20
  31459.7382812   3.0055213e-20
  31542.4179688   2.9801405e-20
  31625.0996094   2.9488679e-20
  31707.7792969   2.8787058e-20
  31790.4589844   2.9022029e-20
  31873.1386719   2.8633859e-20
  31955.8183594   2.8543835e-20
  32038.4980469   2.8395046e-20
  32121.1777344   2.8411386e-20
  32203.8593750   2.8523656e-20
  32286.5390625   2.8459963e-20
  32369.2187500   2.8369364e-20
  32451.8984375   2.7974195e-20
  32534.5781250   2.7936626e-20
  32617.2578125   2.7220000e-20
  32699.9394531   2.6823632e-20
  32782.6171875   2.6908588e-20
  32865.2968750   2.6667057e-20
  32947.9804688   2.7115956e-20
  33030.6601562   2.7018716e-20
  33113.3398438   2.7184044e-20
  33196.0195312   2.7113575e-20
  33278.6992188   2.6941105e-20
  33361.3789062   2.6714766e-20
  33444.0585938   2.6295018e-20
  33526.7382812   2.6132691e-20
  33609.4179688   2.6399739e-20
  33692.0976562   2.6344609e-20
  33774.7773438   2.6369959e-20
  33857.4570312   2.6056706e-20
  33940.1367188   2.5877547e-20
  34022.8203125   2.5994186e-20
  34105.5000000   2.5981633e-20
  34188.1796875   2.6028228e-20
  34270.8593750   2.5805594e-20
  34353.5390625   2.5157222e-20
  34436.2187500   2.5144187e-20
  34518.8984375   2.5055667e-20
  34601.5781250   2.5096417e-20
  34684.2578125   2.4764993e-20
  34766.9375000   2.5140213e-20
  34849.6171875   2.4732928e-20
  34932.2968750   2.4535914e-20
  35014.9765625   2.4376522e-20
  35097.6601562   2.4757378e-20
  35180.3398438   2.3635822e-20
  35263.0195312   2.4638282e-20
  35345.6992188   2.2915616e-20
  35428.3789062   2.5092450e-20
  35511.0585938   2.4267033e-20
  35593.7382812   2.4269377e-20
  35676.4179688   2.5176009e-20
  35759.0976562   2.4777720e-20
  35841.7773438   2.2563883e-20
  35924.4570312   2.4468119e-20
  36007.1367188   2.5017953e-20
  36089.8203125   2.4776305e-20
  36172.5000000   2.3405878e-20
  36255.1796875   2.4552837e-20
  36337.8593750   2.4875195e-20
  36420.5390625   2.4519002e-20
  36503.2187500   2.4531926e-20
  36585.8984375   2.4131741e-20
  36668.5781250   2.2948649e-20
  36751.2578125   2.4298600e-20
  36833.9375000   2.4583265e-20
  36916.6171875   2.4177037e-20
  36999.2968750   2.4167906e-20
  37081.9765625   2.4109707e-20
  37164.6601562   2.3855553e-20
  37247.3398438   2.2462636e-20
  37330.0195312   2.3286530e-20
  37412.6992188   2.4159736e-20
  37495.3789062   2.3839738e-20
  37578.0585938   2.3241268e-20
  37660.7382812   2.3286121e-20
  37743.4179688   2.3532865e-20
  37826.0976562   2.3332187e-20
  37908.7773438   2.3011323e-20
  37991.4570312   2.2859425e-20
  38074.1367188   2.1975523e-20
  38156.8203125   2.0883373e-20
  38239.5000000   2.1714570e-20
  38322.1796875   2.2103290e-20
  38404.8593750   2.2169594e-20
  38487.5390625   2.2257689e-20
  38570.2187500   2.2121548e-20
  38652.8984375   2.2078355e-20
  38735.5781250   2.1810720e-20
  38818.2578125   2.1904219e-20
  38900.9375000   2.1444564e-20
  38983.6171875   2.1795497e-20
  39066.2968750   2.1456149e-20
  39148.9765625   2.1631854e-20
  39231.6601562   2.1599196e-20
  39314.3398438   2.1303289e-20
  39397.0195312   2.1127841e-20
  39479.6992188   1.9964476e-20
  39562.3789062   2.0908425e-20
  39645.0585938   2.1331187e-20
  39727.7382812   2.1100578e-20
  39810.4179688   2.1084089e-20
  39893.0976562   2.0913753e-20
  39975.7773438   2.0787201e-20
  40058.4570312   2.0946477e-20
  40141.1367188   2.0836374e-20
  40223.8164062   2.0753630e-20
  40306.5000000   2.0604869e-20
  40389.1796875   2.0610029e-20
  40471.8593750   2.0362070e-20
  40554.5390625   2.0658963e-20
  40637.2187500   2.0493413e-20
  40719.8984375   2.0570150e-20
  40802.5781250   2.0437507e-20
  40885.2578125   2.0348839e-20
  40967.9375000   2.0243656e-20
  41050.6171875   2.0270613e-20
  41133.2968750   2.0225972e-20
  41215.9765625   2.0192246e-20
  41298.6601562   2.0070235e-20
  41443.3476562   1.9655107e-20
  41650.0468750   1.9254144e-20
  41856.7500000   1.9576796e-20
  42063.4492188   1.9379871e-20
  42270.1484375   1.9298844e-20
  42476.8476562   1.9217310e-20
  42683.5468750   1.8902823e-20
  42890.2500000   1.8715474e-20
  43096.9492188   1.8649504e-20
  43303.6484375   1.8433957e-20
  43510.3476562   1.8334405e-20
  43717.0468750   1.8106825e-20
  43923.7500000   1.7967484e-20
  44130.4492188   1.7633135e-20
  44337.1484375   1.7549465e-20
  44543.8476562   1.7370111e-20
  44750.5468750   1.6995747e-20
  44957.2500000   1.6693405e-20
  45163.9492188   1.6055254e-20
  45370.6484375   1.5919252e-20
  45577.3476562   1.5777540e-20
  45784.0468750   1.5607657e-20
  45990.7500000   1.5521117e-20
  46197.4492188   1.5423267e-20
  46404.1484375   1.5342131e-20
  46610.8476562   1.5188070e-20
  46817.5468750   1.5112284e-20
  47024.2460938   1.5036481e-20
  47230.9492188   1.4931715e-20
  47437.6484375   1.4990524e-20
  47644.3476562   1.4925028e-20
  47851.0468750   1.4770160e-20
  48057.7460938   1.4603103e-20
  48264.4492188   1.4537258e-20
  48471.1484375   1.4578368e-20
  48677.8476562   1.4399689e-20
  48884.5468750   1.4288561e-20
  49091.2460938   1.4081301e-20
  49297.9492188   1.4195678e-20
  49504.6484375   1.3824064e-20
  49711.3476562   1.3943698e-20
  49918.0468750   1.3786776e-20
  50124.7460938   1.3719488e-20
  50331.4492188   1.3691739e-20
  50538.1484375   1.3568428e-20
  50744.8476562   1.3461292e-20
  50951.5468750   1.3337067e-20
  51158.2460938   1.3269410e-20
  51364.9492188   1.3144993e-20
  51571.6484375   1.3071535e-20
  51778.3476562   1.2918526e-20
  51985.0468750   1.2856212e-20
  52191.7460938   1.2770786e-20
  52398.4492188   1.2639825e-20
  52605.1484375   1.2594055e-20
  52811.8476562   1.2519827e-20
  53018.5468750   1.2013016e-20
  53225.2460938   1.2280054e-20
  53431.9492188   1.2142600e-20
  53638.6484375   1.2187640e-20
  53845.3476562   1.2032923e-20
  54052.0468750   1.2043762e-20
  54258.7460938   1.1871774e-20
  54465.4492188   1.1813781e-20
  54672.1484375   1.1772863e-20
  54878.8476562   1.1611676e-20
  55085.5468750   1.1633472e-20
  55292.2460938   1.1512101e-20
  55498.9492188   1.1522471e-20
  55705.6484375   1.1429533e-20
  55912.3476562   1.1370904e-20
  56119.0468750   1.1209163e-20
  56325.7460938   1.1156122e-20
  56532.4492188   1.1137421e-20
  56739.1484375   1.1107233e-20
  56945.8476562   1.1036871e-20
  57152.5468750   1.1000625e-20
  57359.2460938   1.0872527e-20
  57565.9492188   1.0721641e-20
  57772.6484375   1.0685211e-20
  57979.3476562   1.0505182e-20
  58186.0468750   1.0434187e-20
  58392.7460938   1.0219445e-20
  58599.4492188   1.0165550e-20
  58806.1484375   1.0036590e-20
  59012.8476562   9.9192817e-21
  59219.5468750   1.0014840e-20
  59426.2460938   1.0018138e-20
  59632.9492188   9.7968024e-21
  59839.6484375   9.9039595e-21
  60046.3476562   9.7918983e-21
  60232.3789062   9.8179077e-21
  60439.0781250   9.7055420e-21
  60666.4492188   9.6688261e-21
  60873.1484375   9.5447846e-21
  61079.8476562   9.5709781e-21
  61286.5468750   9.5567811e-21
  61493.2460938   9.5134810e-21
  61699.9492188   9.6321216e-21
  61906.6484375   9.5425631e-21
  62113.3476562   9.5167824e-21
  62320.0468750   9.4502259e-21
  62526.7460938   9.5167404e-21
  62733.4492188   9.5253959e-21
  62940.1484375   9.5108904e-21
  63146.8476562   9.5021646e-21
  63353.5468750   9.4355442e-21
  63560.2460938   9.4963242e-21
  63766.9492188   9.4584056e-21
  63973.6484375   9.4668002e-21
  64180.3476562   9.3710791e-21
  64387.0468750   8.9562213e-21
  64593.7460938   9.0397213e-21
  64800.4453125   9.0424622e-21
  65007.1484375   9.1787006e-21
  65213.8476562   8.6293331e-21
  65420.5468750   8.5390040e-21
  65627.2500000   8.5469584e-21
  65833.9453125   8.8285181e-21
  66040.6484375   8.5284349e-21
  66350.6953125   8.6135060e-21
  66764.0937500   8.7283953e-21
  67177.5000000   8.4770148e-21
  67590.8984375   8.6851864e-21
  68004.2968750   8.2994908e-21
  68417.6953125   8.4610956e-21
  68831.0937500   8.2670046e-21
  69244.5000000   8.2069169e-21
  69657.8984375   8.0241875e-21
  70071.2968750   8.0394968e-21
  70484.6953125   7.8973817e-21
  70898.0937500   7.8015467e-21
  71311.5000000   7.6591965e-21
  71724.8984375   7.4577764e-21
  72138.2968750   7.4260091e-21
  72551.6953125   7.3180338e-21
  72965.0937500   7.2099833e-21
  73378.5000000   7.0783646e-21
  73791.8984375   7.0170176e-21
  74205.2968750   6.8907069e-21
  74618.6953125   6.7528941e-21
  75032.0937500   6.6263888e-21
  75445.5000000   6.5350043e-21
  75858.8984375   6.4262543e-21
  76272.2968750   6.3053139e-21
  76685.6953125   6.2254889e-21
  77099.0937500   6.0749392e-21
  77512.5000000   5.9419227e-21
  77925.8984375   5.9089768e-21
  78339.2968750   5.7260067e-21
  78752.6953125   5.7483560e-21
  79166.0937500   5.6356425e-21
  79579.5000000   5.5556273e-21
  79992.8984375   5.4215142e-21
  80406.2968750   5.2852511e-21
  80819.6953125   5.2681950e-21
  81233.0937500   5.1654630e-21
  81646.5000000   5.0599547e-21
  82059.8984375   4.9901948e-21
  82473.2968750   4.9168169e-21
  82886.6953125   4.8682560e-21
  83300.0937500   4.7969238e-21
  83713.5000000   4.6783922e-21
  84126.8984375   4.6048240e-21
  84540.2968750   4.5726601e-21
  84953.6953125   4.4851260e-21
  85367.0937500   4.4054743e-21
  85780.5000000   4.3469133e-21
  86193.8984375   4.2746505e-21
  86607.2968750   4.2001937e-21
  87020.6953125   4.1658217e-21
  87434.0937500   4.0881043e-21
  87847.5000000   4.0245960e-21
  88260.8984375   3.9879633e-21
  88674.2968750   3.9225979e-21
  89087.6953125   3.8595581e-21
  89501.0937500   3.7731105e-21
  89914.5000000   3.7320079e-21
  90327.8984375   3.6873030e-21
  90741.2968750   3.6413896e-21
  91154.6953125   3.5632853e-21
  91568.0937500   3.5433412e-21
  91981.5000000   3.4657563e-21
  92394.8984375   3.4215046e-21
  92808.2968750   3.3746891e-21
  93221.6953125   3.3309711e-21
  93635.0937500   3.2693453e-21
  94048.4921875   3.2482637e-21
  94461.8984375   3.1846139e-21
  94875.2968750   2.6882837e-21
  95288.6953125   2.8718239e-21
  95702.0937500   2.8528419e-21
  96115.4921875   2.4414127e-21
  96528.8984375   2.6429786e-21
  96942.2968750   2.4895196e-21
  97355.6953125   2.2377857e-21
  97769.0937500   2.4394513e-21
  98182.4921875   2.2983748e-21
  98595.8984375   2.1265804e-21
  99009.2968750   2.2852799e-21
  99422.6953125   2.2164920e-21
  99836.0937500   2.0596092e-21
 100249.4921875   2.1769762e-21
 100662.8984375   2.1033036e-21
 101076.2968750   2.0343835e-21
 101489.6953125   2.0504937e-21
 101903.0937500   2.0571053e-21
 102316.4921875   2.0115241e-21
 102729.8984375   1.8224421e-21
 103143.2968750   1.8174945e-21
 103556.6953125   1.8678934e-21
 103970.0937500   1.8089735e-21
 104383.4921875   1.8707257e-21
 104796.8984375   1.8875201e-21
 105210.2968750   1.8923009e-21
 105623.6953125   1.8952784e-21
 106037.0937500   1.9029769e-21
 106450.4921875   1.9149825e-21
 106863.8984375   1.8577649e-21
 107277.2968750   1.8588342e-21
 107690.6953125   1.8618081e-21
 108104.0937500   1.8207940e-21
 108517.4921875   1.7924138e-21
 108930.8984375   1.7988961e-21
 109344.2968750   1.7831566e-21
 109757.6953125   1.7541375e-21
 110171.0937500   1.7256135e-21
 110584.4921875   1.7345870e-21
 110997.8984375   1.7188060e-21
 111411.2968750   1.6752379e-21
 111824.6953125   1.6798869e-21
 112238.0937500   1.6598514e-21
 112651.4921875   1.6506771e-21
 113064.8984375   1.6081719e-21
 113478.2968750   1.6086521e-21
 113891.6953125   1.5928063e-21
 114305.0937500   1.5715024e-21
 114718.4921875   1.5410269e-21
 115131.8984375   1.5390722e-21
 115545.2968750   1.5292418e-21
 115958.6953125   1.5108435e-21
 116372.0937500   1.4834258e-21
 116785.4921875   1.4753887e-21
 117198.8984375   1.4667379e-21
 117612.2968750   1.4476987e-21
 118025.6953125   1.4289693e-21
 118439.0937500   1.4131980e-21
 118852.4921875   1.3937881e-21
 119265.8984375   1.3840831e-21
 119679.2968750   1.3683144e-21
 120092.6953125   1.3525471e-21
 120506.0937500   1.3398064e-21
 120919.4921875   1.3167584e-21
 121332.8984375   1.3106946e-21
 121746.2968750   1.2906787e-21
 122159.6953125   1.2755148e-21
 122573.0937500   1.2645989e-21
 122986.4921875   1.2494396e-21
 123399.8984375   1.2324521e-21
 123813.2968750   1.2178971e-21
 124226.6953125   1.2027323e-21
 124640.0937500   1.1918163e-21
 125053.4921875   1.1760461e-21
 125466.8984375   1.1554244e-21
 125880.2968750   1.1481453e-21
 126293.6953125   1.1348055e-21
 126707.0937500   1.1220689e-21
 127120.4921875   1.1111478e-21
 127533.8984375   1.0947754e-21
 127947.2968750   1.0826449e-21
 128360.6953125   1.0735447e-21
 128774.0937500   1.0565610e-21
 129187.4921875   1.0474637e-21
 129600.8906250   1.0353346e-21
 130014.2968750   1.0238088e-21
 130427.6953125   1.0110739e-21
 130841.0937500   9.9773037e-22
 131254.5000000   9.8923965e-22
 131667.8906250   9.7771587e-22
 132081.2968750   9.6679763e-22
 132701.3906250   9.4920712e-22
 133528.1875000   9.2797901e-22
 134355.0000000   9.0675151e-22
 135181.7968750   8.8613036e-22
 136008.5937500   8.6368773e-22
 136835.3906250   8.4670428e-22
 137662.1875000   8.2851049e-22
 138489.0000000   8.1213313e-22
 139315.7968750   7.9333265e-22
 140142.5937500   7.7635045e-22
 140969.3906250   7.5876146e-22
 141796.1875000   7.4420391e-22
 142623.0000000   7.2964681e-22
 143449.7968750   7.1387742e-22
 144276.5937500   6.9992581e-22
 145103.3906250   6.8597572e-22
 145930.1875000   6.7081419e-22
 146757.0000000   6.5807691e-22
 147583.7968750   6.4412581e-22
 148410.5937500   6.3139044e-22
 149237.3906250   6.1986706e-22
 150064.1875000   6.0773678e-22
 150891.0000000   5.9415050e-22
 151717.7968750   5.8280746e-22
 152544.5937500   5.6873600e-22
 153371.3906250   5.5721211e-22
 154198.1875000   5.4793223e-22
 155025.0000000   5.3386042e-22
 155851.7968750   5.2773649e-22
 156678.5937500   5.1730227e-22
 157505.3906250   5.0814451e-22
 158332.1875000   4.9965324e-22
 159159.0000000   4.9073676e-22
 159985.7968750   4.8024469e-22
 160812.5937500   4.7169318e-22
 161639.3906250   4.6308033e-22
 162466.1875000   4.5549813e-22
 163293.0000000   4.4543065e-22
 164119.7968750   4.3760672e-22
 164946.5937500   4.2790082e-22
 165773.3906250   4.2110915e-22
 166600.1875000   4.1413413e-22
 167427.0000000   4.0558252e-22
 168253.7968750   3.9933439e-22
 169080.5937500   3.9242006e-22
 169907.3906250   3.8580839e-22
 170734.1875000   3.7937977e-22
 171561.0000000   3.7228409e-22
 172387.7968750   3.6500518e-22
 173214.5937500   3.5918336e-22
 174041.3906250   3.5251031e-22
 174868.1875000   3.4784129e-22
 175695.0000000   3.4098638e-22
 176521.7968750   3.3583222e-22
 177348.5937500   3.2036500e-22
 178175.3906250   3.0702136e-22
 179002.1875000   3.0702136e-22
 179829.0000000   2.9392091e-22
 180655.7968750   2.8676394e-22
 181482.5937500   2.8051699e-22
 182309.3906250   2.6838598e-22
 183136.1875000   2.6620251e-22
 183963.0000000   2.6025942e-22
 184789.7968750   2.5134249e-22
 185616.5937500   2.5182866e-22
 186443.3906250   2.4527725e-22
 187270.1875000   2.3854505e-22
 188096.9843750   2.3787862e-22
 188923.7968750   2.3381426e-22
 189750.5937500   2.2641510e-22
 190577.3906250   2.2702150e-22
 191404.1875000   2.2186638e-22
 192230.9843750   2.1853005e-22
 193057.7968750   2.1652859e-22
 193884.5937500   2.1288978e-22
 194711.3906250   2.0894747e-22
 195538.1875000   2.0858349e-22
 196364.9843750   2.0433738e-22
 197191.7968750   2.0160788e-22
 198018.5937500   1.9857531e-22
 198845.3906250   1.9451157e-22
 199672.1875000   1.9457224e-22
 200498.9843750   1.9081238e-22
 201325.7968750   1.8723366e-22
 202152.5937500   1.8517126e-22
 202979.3906250   1.8213859e-22
 203806.1875000   1.7971274e-22
 204632.9843750   1.7668019e-22
 205459.7968750   1.7564887e-22
 206286.5937500   1.7243405e-22
 207113.3906250   1.7079703e-22
 207940.1875000   1.6843121e-22
 208766.9843750   1.6497422e-22
 209593.7968750   1.6339723e-22
 210420.5937500   1.6115302e-22
 211247.3906250   1.5854504e-22
 212074.1875000   1.5624048e-22
 212900.9843750   1.5417783e-22
 213727.7968750   1.5351096e-22
 214554.5937500   1.5084235e-22
 215381.3906250   1.4877973e-22
 216208.1875000   1.4665704e-22
 217034.9843750   1.4532279e-22
 217861.7968750   1.4465546e-22
 218688.5937500   1.4125899e-22
 219515.3906250   1.3907552e-22
 220342.1875000   1.3804468e-22
 221168.9843750   1.3622523e-22
 221995.7968750   1.3446580e-22
 222822.5937500   1.3301034e-22
 223649.3906250   1.3137260e-22
 224476.1875000   1.2918924e-22
 225302.9843750   1.2840073e-22
 226129.7968750   1.2603518e-22
 226956.5937500   1.2506472e-22
 227783.3906250   1.2288146e-22
 228610.1875000   1.2306346e-22
 229436.9843750   1.2009167e-22
 230263.7968750   1.1954545e-22
 231090.5937500   1.1754419e-22
 231917.3906250   1.1681650e-22
 232744.1875000   1.1457224e-22
 233570.9843750   1.1390496e-22
 234397.7968750   1.1238887e-22
 235224.5937500   1.1032654e-22
 236051.3906250   1.0978038e-22
 236878.1875000   1.0850680e-22
 237704.9843750   1.0711192e-22
 238531.7968750   1.0577773e-22
 239358.5937500   1.0486789e-22
 240185.3906250   1.0341212e-22
 241012.1875000   1.0225955e-22
 241838.9843750   1.0104658e-22
 242665.7968750   9.9469838e-23
 243492.5937500   9.8438557e-23
 244319.3906250   9.7043485e-23
 245146.1875000   9.6315720e-23
 245972.9843750   9.4920704e-23
 246799.7968750   9.4193141e-23
 247626.5937500   9.3101200e-23
 248453.3906250   9.1948794e-23
 249280.1875000   9.0856929e-23
 250106.9843750   8.9583461e-23
 250933.7968750   8.8613036e-23
 251760.5937500   8.7460472e-23
 252587.3906250   8.6429494e-23
 253414.1875000   8.5580389e-23
 254240.9843750   8.4670435e-23
 255067.7968750   8.3942872e-23
 255894.5937500   8.2851051e-23
 256721.3906250   8.2062682e-23
 257548.1875000   8.0909992e-23
 258374.9843750   7.9818347e-23
 259201.7812500   7.8908633e-23
 260028.5937500   7.8059333e-23
 260855.3906250   7.7149681e-23
 261682.1875000   7.6543199e-23
 262509.0000000   7.5512126e-23
 263335.7812500   7.4905694e-23
 264162.5937500   7.3874615e-23
 265402.7812500   7.2722190e-23
 267056.3750000   7.0963245e-23
 268710.0000000   6.9446941e-23
 270363.5937500   6.7869976e-23
 272017.1875000   6.6474917e-23
 273670.7812500   6.4958593e-23
 275324.3750000   6.3563616e-23
 276978.0000000   6.2168557e-23
 278631.5937500   6.0773674e-23
 280285.1875000   5.9487635e-23
 281938.7812500   5.8189700e-23
 283592.3750000   5.6994872e-23
 285246.0000000   5.5727331e-23
 286899.5937500   5.4562694e-23
 288553.1875000   5.3404337e-23
 290206.7812500   5.2257942e-23
 291860.3750000   5.1190535e-23
 293514.0000000   5.0098707e-23
 295167.5937500   4.9073677e-23
 296821.1875000   4.8042610e-23
 298474.7812500   4.7054070e-23
 300128.3750000   4.6077571e-23
 301782.0000000   4.5143540e-23
 303435.5937500   4.4209412e-23
 305089.1875000   4.3323903e-23
 306742.7812500   4.2401905e-23
 308396.3750000   4.1492241e-23
 310050.0000000   4.0661337e-23
 311703.5937500   3.9903112e-23
 313357.1875000   3.9138908e-23
 315010.7812500   3.8362539e-23
 316664.3750000   3.7610496e-23
 318318.0000000   3.6864448e-23
 319971.5937500   3.6148753e-23
 321625.1875000   3.5451314e-23
 323278.7812500   3.4759846e-23
 324932.3750000   3.4092647e-23
 326586.0000000   3.3437520e-23
 328239.5937500   3.2794693e-23
 329893.1875000   3.2176093e-23
 331546.7812500   3.1551281e-23
 333200.3750000   3.0956953e-23
 334854.0000000   3.0386758e-23
 336507.5937500   2.9810568e-23
 338161.1875000   2.9264704e-23
 339814.7812500   2.8724922e-23
 341468.3750000   2.8191137e-23
 343122.0000000   2.7681732e-23
 344775.5937500   2.7160055e-23
 346429.1875000   2.6668816e-23
 348082.7812500   2.6195661e-23
 349736.3750000   2.5722653e-23
 351390.0000000   2.5261625e-23
 353043.5937500   2.4812894e-23
 354697.1875000   2.4370099e-23
 356350.7812500   2.3939409e-23
 358004.3750000   2.3520981e-23
 359658.0000000   2.3108546e-23
 361311.5937500   2.2702148e-23
 362965.1875000   2.2307893e-23
 364618.7812500   2.1913649e-23
 366272.3750000   2.1537626e-23
 367926.0000000   2.1167685e-23
 369579.5937500   2.0809763e-23
 371233.1875000   2.0445856e-23
 372886.7812500   2.0112324e-23
 374540.3750000   1.9772595e-23
 376193.9687500   1.9426911e-23
 377847.5937500   1.9105471e-23
 379501.1875000   1.8796118e-23
 381154.7812500   1.8486818e-23
 382808.3750000   1.8177498e-23
 384461.9687500   1.7880264e-23
 386115.5937500   1.7583102e-23
 387769.1875000   1.7298019e-23
 389422.7812500   1.7019051e-23
 391076.3750000   1.6740024e-23
 392729.9687500   1.6473167e-23
 394383.5937500   1.6206292e-23
 396037.1875000   1.5951515e-23
 397690.7812500   1.5690749e-23
 399344.3750000   1.5448148e-23
 400997.9687500   1.5199482e-23
 402651.5937500   1.4950811e-23
 404305.1875000   1.4720296e-23
 405958.7812500   1.4495882e-23
 407612.3750000   1.4271505e-23
 409265.9687500   1.4053129e-23
 410919.5937500   1.3834754e-23
 412573.1875000   1.3622523e-23
 414226.7812500   1.3410192e-23
 826799.9375000   9.0250450e-25
1653599.8750000   5.8013879e-26
2480400.0000000   1.1530013e-26
3307199.7500000   3.6530827e-27
4133999.7500000   1.4956854e-27
4960800.0000000   7.2054880e-28
5787600.0000000   3.8859893e-28
6614399.5000000   2.2750657e-28
