    350.1679993   2.2206291e-23
    361.7120056   2.5404215e-23
    369.4080200   2.7172655e-23
    377.1040039   1.5249066e-22
    384.8000183   4.2224920e-22
    392.4960022   4.5798270e-22
    400.1920166   4.3501143e-22
    407.8880005   4.4194002e-22
    415.5840149   4.5105416e-22
    423.2799988   5.1523134e-22
    438.6719971   5.3455633e-22
    454.0639954   5.1924299e-22
    465.6080017   6.5780412e-22
    481.0000000   6.8296240e-22
    488.6960144   6.9754944e-22
    492.5440063   7.0848832e-22
    504.0880127   6.8332848e-22
    507.9360046   7.0703051e-22
    515.6320190   6.7530608e-22
    527.1760254   7.5078475e-22
    538.7200317   7.5261036e-22
    550.2639771   9.5060713e-22
    565.6560059   1.1821493e-21
    581.0480347   1.0581751e-21
    596.4400024   1.1941825e-21
    611.8320312   1.1989226e-21
    623.3760376   1.2007458e-21
    638.7680054   1.2084061e-21
    654.1600342   1.2073081e-21
    665.7039795   9.9217477e-22
    681.0960083   1.2164251e-21
    692.6400146   1.2182482e-21
    700.3359985   1.2182482e-21
    715.7280273   1.2200740e-21
    734.9680176   1.2215324e-21
    746.5120239   1.2288232e-21
    761.9039917   1.2255410e-21
    777.2960205   1.2299193e-21
    788.8400269   1.2284618e-21
    808.0800171   1.1909038e-21
    831.1680298   1.2273671e-21
    846.5599976   1.2317411e-21
    858.1040039   1.2171572e-21
    873.4960327   1.2346602e-21
    885.0400391   1.5464208e-21
    900.4320068   2.3121602e-21
    923.5200195   2.4488072e-21
    946.6080322   2.1723308e-21
    969.6959839   2.1384053e-21
    988.9360352   1.8952170e-21
   1000.4800415   1.9421930e-21
   1015.8720093   2.3760048e-21
   1035.1120605   2.3447507e-21
   1054.3520508   2.2932187e-21
   1073.5920410   1.9028315e-21
   1092.8320312   2.1807427e-21
   1115.9200439   2.1668994e-21
   1139.0080566   1.9071067e-21
   1158.2480469   1.6801570e-21
   1185.1839600   1.7226648e-21
   1223.6640625   1.5749266e-21
   1262.1440430   1.5201257e-21
   1300.6240234   1.3424841e-21
   1339.1040039   1.1886517e-21
   1373.7359619   1.5087721e-21
   1408.3680420   2.1733423e-21
   1443.0000000   2.0215989e-21
   1481.4799805   1.5082289e-21
   1519.9599609   2.1177504e-21
   1558.4400635   2.4775826e-21
   1593.0720215   2.3392579e-21
   1623.8560791   2.0304437e-21
   1654.6400146   1.8586187e-21
   1696.9680176   2.0534189e-21
   1735.4479980   1.9942359e-21
   1770.0800781   1.6797955e-21
   1808.5600586   1.6375543e-21
   1847.0400391   1.7663644e-21
   1885.5200195   1.4349033e-21
   1924.0000000   1.7095057e-21
   1947.0880127   1.4397134e-21
   1970.1760254   2.2218291e-21
   2000.9600830   2.0578969e-21
   2039.4400635   1.8431900e-21
   2077.9199219   1.4732300e-21
   2116.4001465   1.3939326e-21
   2154.8801270   1.7948210e-21
   2193.3601074   1.9741845e-21
   2231.8400879   1.8985073e-21
   2270.3200684   1.9083802e-21
   2308.8000488   1.5843617e-21
   2347.2800293   1.5270244e-21
   2385.7600098   1.9350495e-21
   2424.2399902   1.8214628e-21
   2462.7199707   2.0192299e-21
   2501.1999512   1.9569197e-21
   2531.9841309   1.8105204e-21
   2558.9199219   2.0686529e-21
   2597.4001465   2.2171308e-21
   2635.8801270   1.9395592e-21
   2674.3601074   2.3162562e-21
   2712.8400879   1.9282289e-21
   2755.1679688   2.5736620e-21
   2793.6479492   2.7130563e-21
   2828.2800293   2.8402478e-21
   2866.7600098   2.8856628e-21
   2905.2399902   3.0312597e-21
   2943.7199707   2.8908001e-21
   2982.1999512   3.4515783e-21
   3020.6799316   3.3978685e-21
   3059.1601562   3.9573888e-21
   3097.6401367   4.4725882e-21
   3136.1201172   5.0553705e-21
   3174.6000977   5.8131616e-21
   3213.0800781   5.2588003e-21
   3251.5600586   7.4281481e-21
   3290.0400391   8.4167178e-21
   3328.5200195   1.0122451e-20
   3367.0000000   1.1874048e-20
   3405.4799805   1.3985193e-20
   3443.9599609   1.6608619e-20
   3482.4399414   1.9417239e-20
   3520.9201660   2.2526514e-20
   3559.4001465   7.1649570e-20
   3597.8801270   1.2712064e-19
   3636.3601074   1.8097254e-19
   3674.8400879   2.2874248e-19
   3713.3200684   2.4618446e-19
   3751.8000488   1.1520225e-19
   3790.2800293   2.2035114e-19
   3828.7600098   2.1403501e-19
   3867.2399902   2.6588309e-19
   3905.7199707   2.7671717e-19
   3944.1999512   2.0233311e-19
   3982.6799316   3.0118719e-19
   4021.1601562   4.0058791e-19
   4059.6401367   3.8510856e-19
   4098.1201172   3.2844943e-19
   4136.6000977   3.5906605e-19
   4175.0800781   3.1891571e-19
   4213.5600586   3.6916717e-19
   4252.0400391   3.5039665e-19
   4290.5200195   3.4252422e-19
   4329.0000000   2.9962775e-19
   4367.4799805   3.5433975e-19
   4405.9599609   3.3762398e-19
   4444.4399414   3.3648712e-19
   4482.9199219   3.2888825e-19
   4521.3999023   2.2184457e-19
   4559.8798828   3.1349016e-19
   4598.3598633   2.7953633e-19
   4636.8398438   2.3933693e-19
   4675.3198242   1.9910417e-19
   4713.8002930   3.9570589e-19
   4752.2802734   4.5798266e-19
   4790.7602539   4.6517908e-19
   4829.2402344   4.5518937e-19
   4867.7202148   4.5095509e-19
   4906.2001953   4.9903176e-19
   4944.6801758   5.0617911e-19
   4983.1601562   4.4244686e-19
   5021.6401367   4.5098280e-19
   5060.1201172   5.0645482e-19
   5098.6000977   4.8541569e-19
   5137.0800781   4.6276237e-19
   5175.5600586   4.9351110e-19
   5214.0400391   4.8408083e-19
   5252.5200195   4.5489361e-19
   5291.0000000   4.5062447e-19
   5329.4799805   4.4603285e-19
   5367.9599609   3.3167324e-19
   5406.4399414   3.2366949e-19
   5444.9199219   4.2294520e-19
   5483.3999023   4.0983798e-19
   5521.8798828   4.2977218e-19
   5548.8159180   4.3412775e-19
   5568.0561523   4.3268686e-19
   5598.8398438   4.2002973e-19
   5637.3203125   4.0032057e-19
   5675.8002930   4.0825354e-19
   5714.2802734   4.1188965e-19
   5752.7602539   4.0753519e-19
   5791.2402344   3.8658963e-19
   5818.1762695   3.5808809e-19
   5837.4160156   3.6863575e-19
   5868.2001953   3.6836384e-19
   5906.6801758   3.1863431e-19
   5945.1601562   2.8304603e-19
   5983.6401367   2.8419700e-19
   6022.1201172   3.1885970e-19
   6060.6000977   3.3789248e-19
   6099.0800781   3.4290054e-19
   6137.5600586   3.4288094e-19
   6176.0400391   3.3690560e-19
   6214.5200195   3.3118854e-19
   6253.0000000   3.2800257e-19
   6291.4799805   3.4299690e-19
   6329.9599609   3.4306473e-19
   6368.4399414   3.3929028e-19
   6406.9199219   3.4793693e-19
   6433.8559570   3.2560424e-19
   6453.0961914   3.6232612e-19
   6483.8798828   3.5646405e-19
   6522.3598633   3.4115503e-19
   6560.8398438   3.3379506e-19
   6599.3203125   3.1640455e-19
   6637.8002930   3.1087011e-19
   6676.2802734   3.2541838e-19
   6714.7602539   3.1926326e-19
   6753.2402344   3.2362258e-19
   6791.7202148   3.1491559e-19
   6830.2001953   3.0533726e-19
   6868.6801758   3.1256493e-19
   6907.1601562   3.1800519e-19
   6945.6401367   3.1993278e-19
   6984.1201172   2.9597613e-19
   7022.6000977   3.0247700e-19
   7061.0800781   2.9622193e-19
   7099.5600586   2.7691171e-19
   7138.0400391   2.7689222e-19
   7176.5200195   2.8016070e-19
   7215.0000000   2.8985298e-19
   7253.4799805   2.6643950e-19
   7291.9599609   2.5424084e-19
   7330.4399414   2.7048708e-19
   7368.9199219   2.5655255e-19
   7407.3999023   2.4528221e-19
   7445.8798828   2.5956382e-19
   7484.3598633   2.6353473e-19
   7522.8403320   2.4129474e-19
   7569.0161133   2.5898536e-19
   7603.6479492   2.6606063e-19
   7634.4321289   2.5249047e-19
   7676.7602539   2.4713233e-19
   7715.2402344   2.5477173e-19
   7753.7202148   2.5050015e-19
   7792.2001953   2.5712555e-19
   7830.6801758   2.4013604e-19
   7869.1601562   2.4327922e-19
   7907.6401367   2.1632482e-19
   7946.1201172   2.2628746e-19
   7980.7519531   2.4878977e-19
   7996.1440430   2.3107797e-19
   8023.0800781   2.3914885e-19
   8061.5600586   2.2774309e-19
   8100.0400391   2.3236837e-19
   8138.5200195   2.3426918e-19
   8177.0000000   2.3438550e-19
   8215.4804688   2.2913461e-19
   8253.9599609   2.2274764e-19
   8292.4404297   2.2935612e-19
   8330.9199219   2.2510394e-19
   8369.4003906   2.2458354e-19
   8407.8798828   2.1818732e-19
   8446.3603516   2.2310498e-19
   8484.8398438   2.2063973e-19
   8523.3203125   2.1520759e-19
   8561.7998047   2.1128824e-19
   8600.2802734   2.1246443e-19
   8638.7597656   2.1098503e-19
   8677.2402344   2.0523101e-19
   8715.7197266   2.0838352e-19
   8754.2001953   2.0821976e-19
   8792.6796875   2.0774114e-19
   8831.1601562   1.9598183e-19
   8869.6396484   2.0016680e-19
   8908.1201172   1.9536738e-19
   8946.6005859   1.7271874e-19
   8985.0800781   1.8855282e-19
   9023.5605469   1.8842452e-19
   9062.0400391   1.8859257e-19
   9100.5205078   1.8471284e-19
   9139.0000000   1.8255391e-19
   9177.4804688   1.7725502e-19
   9215.9599609   1.7977636e-19
   9254.4404297   1.7596667e-19
   9292.9199219   1.7577204e-19
   9331.4003906   1.7663567e-19
   9369.8798828   1.7143853e-19
   9408.3603516   1.7336091e-19
   9446.8398438   1.7163893e-19
   9485.3203125   1.6949874e-19
   9523.7998047   1.6662027e-19
   9562.2802734   1.6525891e-19
   9600.7597656   1.4096251e-19
   9639.2402344   1.6145312e-19
   9670.0244141   1.5389545e-19
   9689.2636719   1.5991330e-19
   9716.2001953   1.5800118e-19
   9754.6796875   1.5742076e-19
   9793.1601562   1.5377249e-19
   9831.6396484   1.5548791e-19
   9870.1201172   1.5396305e-19
   9908.6005859   1.5517409e-19
   9947.0800781   1.5364019e-19
   9985.5605469   1.5192914e-19
  10024.0400391   1.5005713e-19
  10062.5205078   1.4805010e-19
  10101.0000000   1.4805075e-19
  10139.4804688   1.4759306e-19
  10177.9599609   1.4829478e-19
  10216.4404297   1.4761704e-19
  10254.9199219   1.4249309e-19
  10293.4003906   1.4302538e-19
  10331.8798828   1.4263710e-19
  10370.3603516   1.3893671e-19
  10408.8398438   1.3796686e-19
  10447.3203125   1.3654066e-19
  10485.7998047   1.3621902e-19
  10524.2802734   1.3568166e-19
  10562.7597656   1.3191814e-19
  10601.2402344   1.3128989e-19
  10639.7197266   1.3086964e-19
  10678.2001953   1.3206539e-19
  10716.6796875   1.3015659e-19
  10755.1601562   1.2325528e-19
  10793.6406250   1.2542975e-19
  10832.1201172   1.2759048e-19
  10870.6005859   1.2627043e-19
  10909.0800781   1.2193990e-19
  10947.5605469   1.2197258e-19
  10986.0400391   1.2073504e-19
  11024.5205078   1.2126964e-19
  11063.0000000   1.1972019e-19
  11101.4804688   1.1892312e-19
  11139.9599609   1.1744957e-19
  11197.6796875   1.1681885e-19
  11274.6406250   1.1511728e-19
  11351.6005859   1.1255713e-19
  11428.5605469   1.1146064e-19
  11505.5205078   1.0960965e-19
  11582.4804688   1.0744438e-19
  11659.4404297   1.0664471e-19
  11736.4003906   1.0525345e-19
  11813.3603516   1.0376361e-19
  11890.3203125   1.0155894e-19
  11967.2802734   1.0047996e-19
  12044.2402344   9.8457854e-20
  12121.2001953   9.7295956e-20
  12198.1601562   9.5211972e-20
  12275.1201172   9.3049541e-20
  12352.0800781   9.1910280e-20
  12429.0400391   9.0347846e-20
  12506.0000000   8.9215022e-20
  12582.9599609   8.7434587e-20
  12659.9199219   8.6052859e-20
  12736.8798828   8.4682557e-20
  12813.8398438   8.2973983e-20
  12890.7998047   8.1287750e-20
  12967.7597656   7.9893259e-20
  13044.7197266   7.8739562e-20
  13121.6796875   7.7510216e-20
  13198.6406250   7.5646430e-20
  13275.6005859   7.4360144e-20
  13352.5605469   7.3424558e-20
  13429.5205078   7.2227110e-20
  13506.4804688   7.1239476e-20
  13583.4404297   7.0168820e-20
  13660.4003906   6.9115167e-20
  13737.3603516   6.7855551e-20
  13814.3203125   6.6296665e-20
  13891.2802734   6.5324967e-20
  13968.2402344   6.4515803e-20
  14006.7197266   6.4101761e-20
  14045.2001953   6.3922120e-20
  14122.1601562   6.2715819e-20
  14199.1201172   6.0320989e-20
  14276.0800781   6.1217446e-20
  14353.0400391   6.0533827e-20
  14430.0000000   6.5666689e-20
  14506.9599609   6.5535885e-20
  14583.9199219   6.9004460e-20
  14660.8798828   7.2469545e-20
  14737.8398438   6.3956661e-20
  14814.7998047   7.2912662e-20
  14891.7597656   7.3392001e-20
  14968.7197266   6.0461293e-20
  15045.6806641   7.2811223e-20
  15122.6406250   6.9517920e-20
  15199.6005859   6.9966335e-20
  15276.5605469   5.5731397e-20
  15353.5205078   6.8796269e-20
  15430.4804688   6.9485873e-20
  15507.4404297   6.7452947e-20
  15584.4003906   6.7885362e-20
  15661.3603516   6.5637564e-20
  15738.3203125   6.1760516e-20
  15815.2802734   5.4842004e-20
  15892.2402344   6.2787474e-20
  15969.2001953   6.2949821e-20
  16046.1601562   6.2463200e-20
  16123.1201172   6.1970814e-20
  16200.0800781   6.1457742e-20
  16277.0400391   6.0547120e-20
  16354.0000000   5.9707137e-20
  16430.9609375   5.8092817e-20
  16507.9199219   5.7821734e-20
  16584.8808594   5.5987759e-20
  16661.8398438   5.2168191e-20
  16738.8007812   4.7994864e-20
  16815.7597656   5.4855497e-20
  16892.7207031   5.3942868e-20
  16969.6796875   5.3858124e-20
  17046.6406250   5.3601856e-20
  17123.5996094   5.3208758e-20
  17200.5605469   5.1786059e-20
  17277.5195312   5.2072735e-20
  17354.4804688   5.2302165e-20
  17431.4394531   5.0981787e-20
  17508.4003906   5.0326418e-20
  17585.3593750   5.0492904e-20
  17662.3203125   4.9428979e-20
  17739.2792969   4.9035028e-20
  17816.2402344   4.8098472e-20
  17893.2011719   4.7352303e-20
  17970.1601562   4.7451814e-20
  18047.1210938   4.6758578e-20
  18124.0800781   4.5578353e-20
  18201.0410156   4.5925565e-20
  18278.0000000   4.5671126e-20
  18354.9609375   4.5434456e-20
  18431.9199219   4.4730008e-20
  18508.8808594   4.3944907e-20
  18585.8398438   4.3450159e-20
  18662.8007812   4.0376899e-20
  18739.7597656   3.6104899e-20
  18816.7207031   4.1875330e-20
  18893.6796875   4.1725527e-20
  18970.6406250   4.0712014e-20
  19047.5996094   4.1030265e-20
  19124.5605469   4.0503887e-20
  19201.5195312   3.9562944e-20
  19278.4804688   3.8107739e-20
  19355.4394531   3.8698204e-20
  19432.4003906   3.8106233e-20
  19509.3593750   3.8459811e-20
  19586.3203125   3.7687648e-20
  19663.2792969   3.7427525e-20
  19740.2402344   3.6651934e-20
  19817.2011719   3.6052451e-20
  19894.1601562   3.5292950e-20
  19971.1210938   3.5127336e-20
  20048.0800781   3.4921368e-20
  20125.0410156   3.4953286e-20
  20202.0000000   3.4945150e-20
  20278.9609375   3.3900430e-20
  20355.9199219   3.4508961e-20
  20432.8808594   3.4399860e-20
  20509.8398438   3.3430559e-20
  20586.8007812   3.3699587e-20
  20663.7597656   3.3448185e-20
  20740.7207031   3.2875680e-20
  20817.6796875   3.2442091e-20
  20894.6406250   3.2208416e-20
  20971.5996094   3.2114486e-20
  21048.5605469   3.1497648e-20
  21125.5195312   3.1241675e-20
  21202.4804688   3.0964782e-20
  21279.4394531   3.0949286e-20
  21356.4003906   3.0872991e-20
  21433.3593750   3.0533993e-20
  21510.3203125   3.0012426e-20
  21587.2812500   2.9975016e-20
  21664.2402344   2.9532690e-20
  21741.2011719   2.9312247e-20
  21818.1601562   2.8949418e-20
  21895.1210938   2.8991281e-20
  21972.0800781   2.8607037e-20
  22049.0410156   2.9034091e-20
  22126.0000000   2.8364585e-20
  22202.9609375   2.8344407e-20
  22279.9199219   2.7795104e-20
  22356.8808594   2.7936943e-20
  22433.8398438   2.7956705e-20
  22510.8007812   2.7466490e-20
  22587.7597656   2.6832658e-20
  22664.7207031   2.6136549e-20
  22741.6796875   2.6583520e-20
  22818.6406250   2.6438100e-20
  22895.5996094   2.6189979e-20
  22972.5605469   2.6268888e-20
  23049.5195312   2.5835599e-20
  23126.4804688   2.5668216e-20
  23203.4394531   2.5767043e-20
  23280.4003906   2.5742725e-20
  23357.3593750   2.5636108e-20
  23434.3203125   2.5138623e-20
  23511.2812500   2.5010659e-20
  23588.2402344   2.4388472e-20
  23665.2011719   2.4197815e-20
  23742.1601562   2.3718344e-20
  23819.1210938   2.3815523e-20
  23896.0800781   2.3520527e-20
  23973.0410156   2.3018863e-20
  24050.0000000   2.2537004e-20
  24126.9609375   2.2943268e-20
  24203.9199219   2.3081021e-20
  24280.8808594   2.2763610e-20
  24357.8398438   2.2880578e-20
  24434.8007812   2.2645349e-20
  24511.7597656   2.2534133e-20
  24588.7207031   2.2630038e-20
  24665.6796875   2.2414801e-20
  24742.6406250   2.2365242e-20
  24819.5996094   2.2232444e-20
  24896.5605469   2.2161766e-20
  24973.5195312   2.1758159e-20
  25050.4804688   2.1874187e-20
  25127.4394531   2.1657293e-20
  25204.4003906   2.0919045e-20
  25281.3593750   1.9043698e-20
  25358.3203125   2.1129380e-20
  25435.2812500   2.1265954e-20
  25512.2402344   2.1068502e-20
  25589.2011719   2.0839450e-20
  25666.1601562   2.0403124e-20
  25743.1210938   2.0426345e-20
  25820.0800781   2.0022660e-20
  25897.0410156   2.0097897e-20
  25974.0000000   1.9819247e-20
  26050.9609375   1.9827258e-20
  26127.9199219   1.9591988e-20
  26204.8808594   1.9631263e-20
  26281.8398438   1.9641093e-20
  26358.8007812   1.9415703e-20
  26435.7597656   1.9498849e-20
  26512.7207031   1.9615662e-20
  26589.6796875   1.9536995e-20
  26666.6406250   1.9338179e-20
  26743.5996094   1.9137012e-20
  26820.5605469   1.9203105e-20
  26897.5195312   1.9060600e-20
  26974.4804688   1.8852550e-20
  27051.4394531   1.8848824e-20
  27128.4003906   1.8672011e-20
  27205.3593750   1.8079063e-20
  27282.3203125   1.7736872e-20
  27359.2812500   1.7170376e-20
  27436.2402344   1.6888645e-20
  27513.2011719   1.6940795e-20
  27590.1601562   1.6994970e-20
  27667.1210938   1.6888422e-20
  27744.0800781   1.7160650e-20
  27821.0410156   1.7238303e-20
  27898.0000000   1.7349800e-20
  27974.9609375   1.7334189e-20
  28051.9199219   1.7172035e-20
  28128.8808594   1.7421500e-20
  28205.8398438   1.7395122e-20
  28282.8007812   1.7428156e-20
  28359.7597656   1.7635429e-20
  28436.7207031   1.7400623e-20
  28513.6796875   1.7339974e-20
  28590.6406250   1.7362149e-20
  28667.5996094   1.7329086e-20
  28744.5605469   1.7270282e-20
  28821.5195312   1.7164570e-20
  28898.4804688   1.7233458e-20
  28975.4394531   1.7302395e-20
  29052.4003906   1.7292519e-20
  29129.3613281   1.7158691e-20
  29206.3203125   1.6939307e-20
  29283.2812500   1.6779596e-20
  29360.2402344   1.6636727e-20
  29437.2011719   1.6461712e-20
  29514.1601562   1.6076958e-20
  29591.1210938   1.6198791e-20
  29668.0800781   1.5989013e-20
  29745.0410156   1.5933214e-20
  29822.0000000   1.5849464e-20
  29898.9609375   1.5853501e-20
  29975.9199219   1.5913144e-20
  30052.8808594   1.5874263e-20
  30129.8398438   1.5822409e-20
  30206.8007812   1.5603106e-20
  30283.7597656   1.5574695e-20
  30360.7207031   1.5176775e-20
  30437.6796875   1.4959061e-20
  30514.6406250   1.5003341e-20
  30591.5996094   1.4869131e-20
  30668.5605469   1.5111196e-20
  30745.5195312   1.5054362e-20
  30822.4804688   1.5143817e-20
  30899.4394531   1.5099853e-20
  30976.4003906   1.5001891e-20
  31053.3613281   1.4875922e-20
  31130.3203125   1.4641997e-20
  31207.2812500   1.4550201e-20
  31284.2402344   1.4691272e-20
  31361.2011719   1.4659754e-20
  31438.1601562   1.4671412e-20
  31515.1210938   1.4497321e-20
  31592.0800781   1.4394416e-20
  31669.0410156   1.4453391e-20
  31746.0000000   1.4445461e-20
  31822.9609375   1.4465584e-20
  31899.9199219   1.4340780e-20
  31976.8808594   1.3986484e-20
  32053.8398438   1.3976045e-20
  32130.8007812   1.3924458e-20
  32207.7597656   1.3944347e-20
  32284.7207031   1.3767027e-20
  32361.6796875   1.3966657e-20
  32438.6406250   1.3752343e-20
  32515.5996094   1.3639741e-20
  32592.5605469   1.3548753e-20
  32669.5195312   1.3765878e-20
  32746.4804688   1.3138678e-20
  32823.4414062   1.3698874e-20
  32900.4023438   1.2740961e-20
  32977.3593750   1.3942388e-20
  33054.3203125   1.3481680e-20
  33131.2812500   1.3479490e-20
  33208.2421875   1.3981878e-20
  33285.1992188   1.3760015e-20
  33362.1601562   1.2536808e-20
  33439.1210938   1.3592321e-20
  33516.0820312   1.3888362e-20
  33593.0390625   1.3751075e-20
  33670.0000000   1.2981749e-20
  33746.9609375   1.3624414e-20
  33823.9218750   1.3800929e-20
  33900.8789062   1.3606654e-20
  33977.8398438   1.3610779e-20
  34054.8007812   1.3383516e-20
  34131.7617188   1.2721726e-20
  34208.7187500   1.3476767e-20
  34285.6796875   1.3629382e-20
  34362.6406250   1.3408343e-20
  34439.6015625   1.3399218e-20
  34516.5585938   1.3366011e-20
  34593.5195312   1.3223429e-20
  34670.4804688   1.2446233e-20
  34747.4414062   1.2905121e-20
  34824.4023438   1.3386043e-20
  34901.3593750   1.3208221e-20
  34978.3203125   1.2879077e-20
  35055.2812500   1.2900305e-20
  35132.2421875   1.3033277e-20
  35209.1992188   1.2920831e-20
  35286.1601562   1.2744710e-20
  35363.1210938   1.2656191e-20
  35440.0820312   1.2170450e-20
  35517.0390625   1.1550571e-20
  35594.0000000   1.2025823e-20
  35670.9609375   1.2237770e-20
  35747.9218750   1.2274102e-20
  35824.8789062   1.2317031e-20
  35901.8398438   1.2241317e-20
  35978.8007812   1.2218274e-20
  36055.7617188   1.2072125e-20
  36132.7187500   1.2119404e-20
  36209.6796875   1.1867426e-20
  36286.6406250   1.2057713e-20
  36363.6015625   1.1873838e-20
  36440.5585938   1.1965081e-20
  36517.5195312   1.1946231e-20
  36594.4804688   1.1781998e-20
  36671.4414062   1.1683733e-20
  36748.4023438   1.1032151e-20
  36825.3593750   1.1564225e-20
  36902.3203125   1.1794423e-20
  36979.2812500   1.1667324e-20
  37056.2421875   1.1654931e-20
  37133.1992188   1.1563006e-20
  37210.1601562   1.1495358e-20
  37287.1210938   1.1577793e-20
  37364.0820312   1.1514509e-20
  37441.0390625   1.1471051e-20
  37518.0000000   1.1389976e-20
  37594.9609375   1.1390627e-20
  37671.9218750   1.1254229e-20
  37748.8789062   1.1411857e-20
  37825.8398438   1.1324038e-20
  37902.8007812   1.1362247e-20
  37979.7617188   1.1287592e-20
  38056.7187500   1.1239460e-20
  38133.6796875   1.1182445e-20
  38210.6406250   1.1196254e-20
  38287.6015625   1.1168015e-20
  38364.5585938   1.1150763e-20
  38441.5195312   1.1080319e-20
  38576.1992188   1.0852995e-20
  38768.6015625   1.0627394e-20
  38961.0000000   1.0805577e-20
  39153.4023438   1.0695146e-20
  39345.8007812   1.0651223e-20
  39538.1992188   1.0602592e-20
  39730.6015625   1.0429176e-20
  39923.0000000   1.0324585e-20
  40115.4023438   1.0286476e-20
  40307.8007812   1.0163791e-20
  40500.1992188   1.0107704e-20
  40692.6015625   9.9822395e-21
  40885.0000000   9.9033326e-21
  41077.4023438   9.7192171e-21
  41269.8007812   9.6716130e-21
  41462.1992188   9.5719709e-21
  41654.6015625   9.3649326e-21
  41847.0000000   9.1979334e-21
  42039.4023438   8.8398708e-21
  42231.8007812   8.7664521e-21
  42424.1992188   8.6861622e-21
  42616.6015625   8.5923330e-21
  42809.0000000   8.5431157e-21
  43001.4023438   8.4893692e-21
  43193.8007812   8.4422990e-21
  43386.1992188   8.3591391e-21
  43578.6015625   8.3164432e-21
  43771.0000000   8.2737093e-21
  43963.4023438   8.2146919e-21
  44155.8007812   8.2440762e-21
  44348.1992188   8.2075873e-21
  44540.6015625   8.1239920e-21
  44733.0000000   8.0286158e-21
  44925.4023438   7.9942394e-21
  45117.8007812   8.0163543e-21
  45310.1992188   7.9185192e-21
  45502.6015625   7.8567876e-21
  45695.0000000   7.7406463e-21
  45887.4023438   7.8034862e-21
  46079.8007812   7.5962702e-21
  46272.1992188   7.6611675e-21
  46464.6015625   7.5764792e-21
  46657.0000000   7.5367544e-21
  46849.4023438   7.5196938e-21
  47041.8007812   7.4529838e-21
  47234.1992188   7.3949478e-21
  47426.6015625   7.3254816e-21
  47619.0000000   7.2878085e-21
  47811.4023438   7.2182082e-21
  48003.8007812   7.1759162e-21
  48196.1992188   7.0925107e-21
  48388.6015625   7.0569662e-21
  48581.0000000   7.0097668e-21
  48773.4023438   6.9374273e-21
  48965.8007812   6.9129738e-21
  49158.1992188   6.8702374e-21
  49350.6015625   6.5920390e-21
  49543.0000000   6.7389282e-21
  49735.4023438   6.6638498e-21
  49927.8007812   6.6849845e-21
  50120.1992188   6.6029628e-21
  50312.6015625   6.6058050e-21
  50505.0000000   6.5099280e-21
  50697.4023438   6.4804609e-21
  50889.8007812   6.4578176e-21
  51082.1992188   6.3685055e-21
  51274.6015625   6.3802359e-21
  51467.0000000   6.3114535e-21
  51659.4023438   6.3163059e-21
  51851.8007812   6.2658277e-21
  52044.1992188   6.2314141e-21
  52236.6015625   6.1441009e-21
  52429.0000000   6.1141944e-21
  52621.4023438   6.1027124e-21
  52813.8007812   6.0842737e-21
  53006.1992188   6.0474302e-21
  53198.6015625   6.0242094e-21
  53391.0000000   5.9571977e-21
  53583.4023438   5.8718438e-21
  53775.8007812   5.8531514e-21
  53968.1992188   5.7537007e-21
  54160.6015625   5.7141895e-21
  54353.0000000   5.5961458e-21
  54545.4023438   5.5634799e-21
  54737.8007812   5.4913585e-21
  54930.1992188   5.4308947e-21
  55122.6015625   5.4790485e-21
  55315.0000000   5.4808293e-21
  55507.4023438   5.3600209e-21
  55699.8007812   5.4197673e-21
  55892.1992188   5.3590322e-21
  56065.3593750   5.3698934e-21
  56257.7617188   5.3089942e-21
  56469.4023438   5.2901185e-21
  56661.8007812   5.2221831e-21
  56854.1992188   5.2331577e-21
  57046.6015625   5.2279200e-21
  57239.0000000   5.2016506e-21
  57431.4023438   5.2660115e-21
  57623.8007812   5.2188586e-21
  57816.1992188   5.2043013e-21
  58008.6015625   5.1640478e-21
  58201.0000000   5.2004627e-21
  58393.4023438   5.2066791e-21
  58585.8007812   5.1989562e-21
  58778.1992188   5.1912215e-21
  58970.6015625   5.1578827e-21
  59163.0000000   5.1896940e-21
  59355.4023438   5.1678593e-21
  59547.8007812   5.1716055e-21
  59740.1992188   5.1196070e-21
  59932.6015625   4.8928117e-21
  60125.0000000   4.9383191e-21
  60317.4023438   4.9398160e-21
  60509.8007812   5.0112480e-21
  60702.1992188   4.7139618e-21
  60894.6015625   4.6593763e-21
  61087.0000000   4.6652118e-21
  61279.4023438   4.8183679e-21
  61471.8007812   4.6537928e-21
  61760.4023438   4.7001525e-21
  62145.1992188   4.7609628e-21
  62530.0000000   4.6256122e-21
  62914.8007812   4.7379136e-21
  63299.6015625   4.5298373e-21
  63684.4023438   4.6164389e-21
  64069.1992188   4.5109576e-21
  64454.0000000   4.4803935e-21
  64838.8007812   4.3770977e-21
  65223.6015625   4.3861224e-21
  65608.3984375   4.3084942e-21
  65993.2031250   4.2564158e-21
  66378.0000000   4.1786410e-21
  66762.8046875   4.0700214e-21
  67147.6015625   4.0506913e-21
  67532.3984375   3.9936882e-21
  67917.2031250   3.9342887e-21
  68302.0000000   3.8630453e-21
  68686.8046875   3.8294472e-21
  69071.6015625   3.7602504e-21
  69456.3984375   3.6841239e-21
  69841.2031250   3.6171716e-21
  70226.0000000   3.5667075e-21
  70610.8046875   3.5092794e-21
  70995.6015625   3.4398047e-21
  71380.3984375   3.3986448e-21
  71765.2031250   3.3148976e-21
  72150.0000000   3.2429129e-21
  72534.8046875   3.2252861e-21
  72919.6015625   3.1246338e-21
  73304.3984375   3.1353560e-21
  73689.2031250   3.0750255e-21
  74074.0000000   3.0310735e-21
  74458.8046875   2.9587996e-21
  74843.6015625   2.8839525e-21
  75228.3984375   2.8754787e-21
  75613.2031250   2.8195297e-21
  75998.0000000   2.7612961e-21
  76382.8046875   2.7218877e-21
  76767.6015625   2.6824645e-21
  77152.3984375   2.6572549e-21
  77537.2031250   2.6176409e-21
  77922.0000000   2.5519730e-21
  78306.8046875   2.5124274e-21
  78691.6015625   2.4942650e-21
  79076.3984375   2.4473988e-21
  79461.2031250   2.4030168e-21
  79846.0000000   2.3713346e-21
  80230.8046875   2.3322620e-21
  80615.6015625   2.2915977e-21
  81000.3984375   2.2724954e-21
  81385.2031250   2.2300115e-21
  81770.0000000   2.1953684e-21
  82154.8046875   2.1753764e-21
  82539.6015625   2.1399835e-21
  82924.3984375   2.1055182e-21
  83309.2031250   2.0582675e-21
  83694.0000000   2.0359532e-21
  84078.8046875   2.0114676e-21
  84463.6015625   1.9864825e-21
  84848.3984375   1.9440364e-21
  85233.2031250   1.9327988e-21
  85618.0000000   1.8905449e-21
  86002.8046875   1.8664549e-21
  86387.6015625   1.8410704e-21
  86772.3984375   1.8171961e-21
  87157.2031250   1.7837172e-21
  87542.0000000   1.7717954e-21
  87926.8046875   1.7374812e-21
  88311.6015625   1.4677599e-21
  88696.3984375   1.5672677e-21
  89081.2031250   1.5566214e-21
  89466.0000000   1.3331774e-21
  89850.8046875   1.4425680e-21
  90235.6015625   1.3584741e-21
  90620.3984375   1.2219027e-21
  91005.2031250   1.3313577e-21
  91390.0000000   1.2543637e-21
  91774.8046875   1.1611605e-21
  92159.6015625   1.2473648e-21
  92544.3984375   1.2097336e-21
  92929.2031250   1.1246768e-21
  93314.0000000   1.1882602e-21
  93698.8046875   1.1479265e-21
  94083.6015625   1.1107069e-21
  94468.3984375   1.1194139e-21
  94853.2031250   1.1226436e-21
  95238.0000000   1.0981588e-21
  95622.8046875   9.9505496e-22
  96007.6015625   9.9216619e-22
  96392.3984375   1.0197280e-21
  96777.2031250   9.8793981e-22
  97162.0000000   1.0212563e-21
  97546.8046875   1.0302572e-21
  97931.6015625   1.0329846e-21
  98316.3984375   1.0345009e-21
  98701.2031250   1.0386300e-21
  99086.0000000   1.0452285e-21
  99470.8046875   1.0141096e-21
  99855.6015625   1.0143635e-21
 100240.3984375   1.0161203e-21
 100625.2031250   9.9367929e-22
 101010.0000000   9.7824255e-22
 101394.8046875   9.8163387e-22
 101779.6015625   9.7321172e-22
 102164.3984375   9.5727274e-22
 102549.2031250   9.4176027e-22
 102934.0000000   9.4640822e-22
 103318.8046875   9.3771969e-22
 103703.6015625   9.1423158e-22
 104088.3984375   9.1640222e-22
 104473.2031250   9.0575893e-22
 104858.0000000   9.0068932e-22
 105242.8046875   8.7760440e-22
 105627.6015625   8.7762752e-22
 106012.3984375   8.6889861e-22
 106397.2031250   8.5725446e-22
 106782.0000000   8.4069273e-22
 107166.8046875   8.3948624e-22
 107551.6015625   8.3438810e-22
 107936.3984375   8.2413604e-22
 108321.2031250   8.0929394e-22
 108706.0000000   8.0491277e-22
 109090.8046875   8.0003865e-22
 109475.6015625   7.8976452e-22
 109860.3984375   7.7957446e-22
 110245.2031250   7.7104835e-22
 110630.0000000   7.6032802e-22
 111014.8046875   7.5496745e-22
 111399.6015625   7.4644160e-22
 111784.3984375   7.3767173e-22
 112169.2031250   7.3085143e-22
 112554.0000000   7.1842731e-22
 112938.8046875   7.1501519e-22
 113323.6015625   7.0380852e-22
 113708.3984375   6.9576876e-22
 114093.2031250   6.8992341e-22
 114478.0000000   6.8164095e-22
 114862.8046875   6.7214009e-22
 115247.6015625   6.6434235e-22
 115632.3984375   6.5606151e-22
 116017.2031250   6.4997009e-22
 116402.0000000   6.4120058e-22
 116786.8046875   6.3023686e-22
 117171.6015625   6.2609590e-22
 117556.3984375   6.1903079e-22
 117941.2031250   6.1196482e-22
 118326.0000000   6.0587557e-22
 118710.8046875   5.9710545e-22
 119095.6015625   5.9052825e-22
 119480.3984375   5.8565458e-22
 119865.2031250   5.7639691e-22
 120250.0000000   5.7103765e-22
 120634.8046875   5.6470294e-22
 121019.6015625   5.5836989e-22
 121404.3984375   5.5154802e-22
 121789.2031250   5.4424031e-22
 122174.0000000   5.3961115e-22
 122558.8046875   5.3303485e-22
 122943.6015625   5.2718658e-22
 123520.8046875   5.1768551e-22
 124290.3984375   5.0599240e-22
 125060.0000000   4.9478497e-22
 125829.6015625   4.8333520e-22
 126599.2031250   4.7115610e-22
 127368.8046875   4.6189737e-22
 128138.3984375   4.5166662e-22
 128908.0000000   4.4289600e-22
 129677.6015625   4.3290733e-22
 130447.2031250   4.2340611e-22
 131216.7968750   4.1390431e-22
 131986.4062500   4.0586512e-22
 132756.0000000   3.9782652e-22
 133525.6093750   3.8930036e-22
 134295.2031250   3.8150439e-22
 135064.7968750   3.7419474e-22
 135834.4062500   3.6591299e-22
 136604.0000000   3.5884692e-22
 137373.6093750   3.5153879e-22
 138143.2031250   3.4447483e-22
 138912.7968750   3.3814039e-22
 139682.4062500   3.3156256e-22
 140452.0000000   3.2401085e-22
 141221.6093750   3.1792003e-22
 141991.2031250   3.1012419e-22
 142760.7968750   3.0378968e-22
 143530.4062500   2.9891798e-22
 144300.0000000   2.9112234e-22
 145069.6093750   2.8771209e-22
 145839.2031250   2.8210782e-22
 146608.7968750   2.7699196e-22
 147378.4062500   2.7236335e-22
 148148.0000000   2.6773449e-22
 148917.6093750   2.6188829e-22
 149687.2031250   2.5725996e-22
 150456.7968750   2.5263024e-22
 151226.4062500   2.4848949e-22
 151996.0000000   2.4293437e-22
 152765.6093750   2.3867144e-22
 153535.2031250   2.3338502e-22
 154304.7968750   2.2968169e-22
 155074.4062500   2.2585757e-22
 155844.0000000   2.2115583e-22
 156613.6093750   2.1779384e-22
 157383.2031250   2.1399272e-22
 158152.7968750   2.1041223e-22
 158922.4062500   2.0690346e-22
 159692.0000000   2.0303010e-22
 160461.6093750   1.9903510e-22
 161231.2031250   1.9586824e-22
 162000.7968750   1.9226225e-22
 162770.4062500   1.8967990e-22
 163540.0000000   1.8597699e-22
 164309.6093750   1.8312645e-22
 165079.2031250   1.7474603e-22
 165848.7968750   1.6751100e-22
 166618.4062500   1.6753528e-22
 167388.0000000   1.6039722e-22
 168157.6093750   1.5649979e-22
 168927.2031250   1.5311343e-22
 169696.7968750   1.4648685e-22
 170466.4062500   1.4534169e-22
 171236.0000000   1.4205320e-22
 172005.6093750   1.3720489e-22
 172775.2031250   1.3747330e-22
 173544.7968750   1.3389159e-22
 174314.4062500   1.3023779e-22
 175084.0000000   1.2984770e-22
 175853.6093750   1.2763083e-22
 176623.2031250   1.2361142e-22
 177392.7968750   1.2392779e-22
 178162.4062500   1.2110200e-22
 178932.0000000   1.1927463e-22
 179701.6093750   1.1817860e-22
 180471.2031250   1.1620533e-22
 181240.7968750   1.1403691e-22
 182010.4062500   1.1384225e-22
 182780.0000000   1.1152772e-22
 183549.6093750   1.1001717e-22
 184319.2031250   1.0838515e-22
 185088.7968750   1.0614380e-22
 185858.4062500   1.0616804e-22
 186628.0000000   1.0414620e-22
 187397.6093750   1.0217273e-22
 188167.2031250   1.0105217e-22
 188936.7968750   9.9371420e-23
 189706.4062500   9.8080212e-23
 190476.0000000   9.6399345e-23
 191245.6093750   9.5838749e-23
 192015.2031250   9.4084663e-23
 192784.7968750   9.3207816e-23
 193554.4062500   9.1916741e-23
 194324.0000000   9.0016337e-23
 195093.6093750   8.9139440e-23
 195863.2031250   8.7945641e-23
 196632.7968750   8.6532652e-23
 197402.4062500   8.5265855e-23
 198172.0000000   8.4145363e-23
 198941.6093750   8.3755653e-23
 199711.2031250   8.2318102e-23
 200480.7968750   8.1173232e-23
 201250.4062500   8.0028109e-23
 202020.0000000   7.9272872e-23
 202789.6093750   7.8907459e-23
 203559.2031250   7.7080451e-23
 204328.7968750   7.5886684e-23
 205098.4062500   7.5302037e-23
 205868.0000000   7.4327503e-23
 206637.6093750   7.3377500e-23
 207407.2031250   7.2573379e-23
 208176.7968750   7.1672235e-23
 208946.4062500   7.0478285e-23
 209716.0000000   7.0039817e-23
 210485.6093750   6.8748553e-23
 211255.2031250   6.8212607e-23
 212024.7968750   6.7018871e-23
 212794.4062500   6.7116374e-23
 213564.0000000   6.5533010e-23
 214333.6093750   6.5191983e-23
 215103.2031250   6.4120066e-23
 215872.7968750   6.3730104e-23
 216642.4062500   6.2487622e-23
 217412.0000000   6.2122317e-23
 218181.6093750   6.1294120e-23
 218951.2031250   6.0173344e-23
 219720.7968750   5.9880980e-23
 220490.4062500   5.9199019e-23
 221260.0000000   5.8394917e-23
 222029.6093750   5.7688565e-23
 222799.2031250   5.7176790e-23
 223568.7968750   5.6397427e-23
 224338.4062500   5.5763959e-23
 225108.0000000   5.5106131e-23
 225877.6093750   5.4229101e-23
 226647.2031250   5.3668757e-23
 227416.7968750   5.2937909e-23
 228186.4062500   5.2523836e-23
 228956.0000000   5.1744230e-23
 229725.6093750   5.1354378e-23
 230495.2031250   5.0745450e-23
 231264.7968750   5.0160702e-23
 232034.4062500   4.9551783e-23
 232804.0000000   4.8845239e-23
 233573.6093750   4.8309327e-23
 234343.2031250   4.7700251e-23
 235112.7968750   4.7115402e-23
 235882.4062500   4.6676916e-23
 236652.0000000   4.6189737e-23
 237421.6093750   4.5775547e-23
 238191.2031250   4.5166667e-23
 238960.7968750   4.4752410e-23
 239730.4062500   4.4118949e-23
 240500.0000000   4.3509932e-23
 241269.6093750   4.3047111e-23
 242039.2031250   4.2584163e-23
 242808.7968750   4.2072574e-23
 243578.4062500   4.1731578e-23
 244348.0000000   4.1195658e-23
 245117.6093750   4.0854589e-23
 245887.2031250   4.0269932e-23
 247041.6093750   3.9636509e-23
 248580.7968750   3.8710784e-23
 250120.0000000   3.7858019e-23
 251659.2031250   3.7005345e-23
 253198.4062500   3.6250121e-23
 254737.6093750   3.5421836e-23
 256276.7968750   3.4666638e-23
 257816.0000000   3.3911448e-23
 259355.2031250   3.3131950e-23
 260894.4062500   3.2449787e-23
 262433.5937500   3.1718923e-23
 263972.8125000   3.1085509e-23
 265512.0000000   3.0378967e-23
 267051.2187500   2.9745651e-23
 268590.4062500   2.9112236e-23
 270129.5937500   2.8503198e-23
 271668.8125000   2.7918545e-23
 273208.0000000   2.7309402e-23
 274747.2187500   2.6749118e-23
 276286.4062500   2.6188828e-23
 277825.5937500   2.5652887e-23
 279364.8125000   2.5116883e-23
 280904.0000000   2.4605258e-23
 282443.2187500   2.4105852e-23
 283982.4062500   2.3621044e-23
 285521.5937500   2.3119266e-23
 287060.8125000   2.2622286e-23
 288600.0000000   2.2169166e-23
 290139.2187500   2.1757393e-23
 291678.4062500   2.1340802e-23
 293217.5937500   2.0919411e-23
 294756.8125000   2.0507694e-23
 296296.0000000   2.0100810e-23
 297835.2187500   1.9711002e-23
 299374.4062500   1.9328583e-23
 300913.5937500   1.8953417e-23
 302452.8125000   1.8590432e-23
 303992.0000000   1.8232316e-23
 305531.2187500   1.7881490e-23
 307070.4062500   1.7545275e-23
 308609.5937500   1.7204193e-23
 310148.8125000   1.6880192e-23
 311688.0000000   1.6568406e-23
 313227.2187500   1.6254092e-23
 314766.4062500   1.5956883e-23
 316305.5937500   1.5664558e-23
 317844.8125000   1.5372252e-23
 319384.0000000   1.5092096e-23
 320923.2187500   1.4809497e-23
 322462.4062500   1.4541512e-23
 324001.5937500   1.4283267e-23
 325540.8125000   1.4025052e-23
 327080.0000000   1.3774103e-23
 328619.2187500   1.3528062e-23
 330158.4062500   1.3286882e-23
 331697.5937500   1.3052983e-23
 333236.8125000   1.2823990e-23
 334776.0000000   1.2599843e-23
 336315.2187500   1.2378147e-23
 337854.4062500   1.2163771e-23
 339393.5937500   1.1949431e-23
 340932.8125000   1.1742326e-23
 342472.0000000   1.1540126e-23
 344011.2187500   1.1347686e-23
 345550.4062500   1.1147924e-23
 347089.5937500   1.0965202e-23
 348628.8125000   1.0782491e-23
 350168.0000000   1.0592446e-23
 351707.2187500   1.0419515e-23
 353246.4062500   1.0248958e-23
 354785.5937500   1.0080882e-23
 356324.8125000   9.9127764e-24
 357864.0000000   9.7495288e-24
 359403.2187500   9.5887581e-24
 360942.4062500   9.4328358e-24
 362481.5937500   9.2793661e-24
 364020.8125000   9.1283142e-24
 365560.0000000   8.9797196e-24
 367099.2187500   8.8359892e-24
 368638.4062500   8.6971181e-24
 370177.5937500   8.5558063e-24
 371716.8125000   8.4218199e-24
 373256.0000000   8.2878563e-24
 374795.2187500   8.1514047e-24
 376334.4062500   8.0271701e-24
 377873.5937500   7.9029198e-24
 379412.8125000   7.7811394e-24
 380952.0000000   7.6617398e-24
 382491.2187500   7.5423835e-24
 384030.4062500   7.4254412e-24
 385569.5937500   7.3109546e-24
 769600.0000000   4.9210642e-25
1539200.0000000   3.1621419e-26
2308800.0000000   6.2853132e-27
3078400.0000000   1.9910766e-27
3848000.0000000   8.1538751e-28
4617600.0000000   3.9295401e-28
5387200.0000000   2.1180015e-28
6156800.0000000   1.2402525e-28
