    359.2680054   4.1785442e-23
    371.1119995   4.7447585e-23
    379.0079956   5.0525225e-23
    386.9039917   2.6653512e-22
    394.7999878   7.3124538e-22
    402.6959839   7.9280087e-22
    410.5919800   7.5324428e-22
    418.4880066   7.6557424e-22
    426.3840027   7.8096134e-22
    434.2799988   8.9104881e-22
    450.0719910   9.2419369e-22
    465.8639832   8.9775794e-22
    477.7080078   1.1353903e-21
    493.5000000   1.1787935e-21
    501.3959961   1.2034525e-21
    505.3439941   1.2231842e-21
    517.1879883   1.1797777e-21
    521.1359863   1.2202225e-21
    529.0319824   1.1659677e-21
    540.8759766   1.2961792e-21
    552.7199707   1.2991371e-21
    564.5639648   1.6414332e-21
    580.3560181   2.0468526e-21
    596.1480103   1.8337893e-21
    611.9400024   2.0685594e-21
    627.7319946   2.0764509e-21
    639.5759888   2.0803942e-21
    655.3679810   2.0932159e-21
    671.1599731   2.0922324e-21
    683.0039673   1.7233058e-21
    698.7960205   2.1080136e-21
    710.6400146   2.1119613e-21
    718.5360107   2.1119613e-21
    734.3280029   2.1159070e-21
    754.0679932   2.1178780e-21
    765.9119873   2.1316889e-21
    781.7039795   2.1257710e-21
    797.4959717   2.1336651e-21
    809.3399658   2.1316889e-21
    829.0800171   2.0665890e-21
    852.7680054   2.1307060e-21
    868.5599976   2.1385903e-21
    880.4039917   2.1129446e-21
    896.1959839   2.1445158e-21
    908.0399780   2.6900115e-21
    923.8319702   3.9044536e-21
    947.5200195   4.0358409e-21
    971.2080078   3.5725822e-21
    994.8959961   3.5008699e-21
   1014.6359863   3.0872679e-21
   1026.4799805   3.1596393e-21
   1042.2719727   3.8232074e-21
   1062.0119629   3.7619964e-21
   1081.7519531   3.6647058e-21
   1101.4919434   3.0471393e-21
   1121.2319336   3.4594959e-21
   1144.9200439   3.4156089e-21
   1168.6080322   3.0045621e-21
   1188.3480225   2.6460482e-21
   1215.9840088   2.6865407e-21
   1255.4639893   2.4525604e-21
   1294.9439697   2.3512441e-21
   1334.4239502   2.0678510e-21
   1373.9039307   1.8226127e-21
   1409.4360352   2.2876128e-21
   1444.9680176   3.2596868e-21
   1480.5000000   3.0192183e-21
   1519.9799805   2.2474804e-21
   1559.4599609   3.1281034e-21
   1598.9399414   3.6383414e-21
   1634.4719238   3.4220353e-21
   1666.0560303   2.9623325e-21
   1697.6400146   2.7029435e-21
   1741.0679932   2.9708402e-21
   1780.5479736   2.8733417e-21
   1816.0799561   2.4143009e-21
   1855.5599365   2.3430903e-21
   1895.0400391   2.5185115e-21
   1934.5200195   2.0400946e-21
   1974.0000000   2.4197147e-21
   1997.6879883   2.0363618e-21
   2021.3759766   3.1383000e-21
   2052.9599609   2.8996588e-21
   2092.4399414   2.5909082e-21
   2131.9199219   2.0676147e-21
   2171.3999023   1.9528563e-21
   2210.8798828   2.5075300e-21
   2250.3598633   2.7503150e-21
   2289.8400879   2.6405689e-21
   2329.3200684   2.6505611e-21
   2368.8000488   2.1974009e-21
   2408.2800293   2.1169016e-21
   2447.7600098   2.6798943e-21
   2487.2399902   2.5213335e-21
   2526.7199707   2.7927340e-21
   2566.1999512   2.7072442e-21
   2597.7839355   2.5056145e-21
   2625.4199219   2.8626354e-21
   2664.8999023   3.0685327e-21
   2704.3798828   2.6875672e-21
   2743.8598633   3.2139418e-21
   2783.3400879   2.6791881e-21
   2826.7680664   3.5877711e-21
   2866.2480469   3.7887077e-21
   2901.7800293   3.9747672e-21
   2941.2600098   4.0542812e-21
   2980.7399902   4.2737744e-21
   3020.2199707   4.0942548e-21
   3059.6999512   4.9094870e-21
   3099.1799316   4.8577765e-21
   3138.6599121   5.6877928e-21
   3178.1398926   6.4202544e-21
   3217.6198730   7.2166775e-21
   3257.0998535   8.2513455e-21
   3296.5800781   7.4216171e-21
   3336.0600586   1.0443095e-20
   3375.5400391   1.1783897e-20
   3415.0200195   1.4129579e-20
   3454.5000000   1.6525797e-20
   3493.9799805   1.9428986e-20
   3533.4599609   2.3029048e-20
   3572.9399414   2.6907324e-20
   3612.4199219   3.1325992e-20
   3651.8999023   1.0297446e-19
   3691.3798828   1.8355862e-19
   3730.8598633   2.6242563e-19
   3770.3398438   3.3414372e-19
   3809.8200684   3.5628362e-19
   3849.3000488   1.6122191e-19
   3888.7800293   3.1784423e-19
   3928.2600098   3.0627567e-19
   3967.7399902   3.8068211e-19
   4007.2199707   3.8747815e-19
   4046.6999512   2.6909922e-19
   4086.1799316   4.0927271e-19
   4125.6601562   5.5797205e-19
   4165.1401367   5.3453921e-19
   4204.6201172   4.4820409e-19
   4244.1000977   4.9020543e-19
   4283.5800781   4.2574570e-19
   4323.0600586   4.9593081e-19
   4362.5400391   4.7115965e-19
   4402.0200195   4.5634376e-19
   4441.5000000   3.9952092e-19
   4480.9799805   4.7124448e-19
   4520.4599609   4.4192776e-19
   4559.9399414   4.4169883e-19
   4599.4199219   4.3279462e-19
   4638.8999023   2.9425844e-19
   4678.3798828   4.0472720e-19
   4717.8598633   3.3811473e-19
   4757.3398438   2.8497277e-19
   4796.8198242   2.2873819e-19
   4836.2998047   4.8709358e-19
   4875.7797852   5.9507053e-19
   4915.2597656   6.1730333e-19
   4954.7397461   5.9905893e-19
   4994.2197266   5.6812016e-19
   5033.6997070   6.5495809e-19
   5073.1801758   6.7033507e-19
   5112.6601562   5.7311726e-19
   5152.1401367   5.7191536e-19
   5191.6201172   6.5845360e-19
   5231.1000977   6.3116952e-19
   5270.5800781   5.8699538e-19
   5310.0600586   6.4433322e-19
   5349.5400391   6.2650768e-19
   5389.0200195   5.7867643e-19
   5428.5000000   5.8308995e-19
   5467.9799805   5.7884424e-19
   5507.4599609   4.5298514e-19
   5546.9399414   4.4583055e-19
   5586.4199219   5.4065657e-19
   5625.8999023   5.3133730e-19
   5665.3798828   5.4530429e-19
   5693.0161133   5.5763156e-19
   5712.7558594   5.6038860e-19
   5744.3398438   5.4203078e-19
   5783.8198242   5.1032799e-19
   5823.2998047   5.1385220e-19
   5862.7797852   5.2008221e-19
   5902.2597656   5.1841746e-19
   5941.7397461   4.9222680e-19
   5969.3759766   4.5056058e-19
   5989.1157227   4.6957932e-19
   6020.6997070   4.5987670e-19
   6060.1796875   3.9773346e-19
   6099.6601562   3.7941862e-19
   6139.1401367   3.7120379e-19
   6178.6201172   4.0201146e-19
   6218.1000977   4.2619096e-19
   6257.5800781   4.3735753e-19
   6297.0600586   4.4036428e-19
   6336.5400391   4.2896266e-19
   6376.0200195   4.2323637e-19
   6415.5000000   4.1116979e-19
   6454.9799805   4.3090940e-19
   6494.4599609   4.3269009e-19
   6533.9399414   4.1571094e-19
   6573.4199219   4.3485231e-19
   6601.0561523   3.9570710e-19
   6620.7958984   4.4655754e-19
   6652.3798828   4.4857038e-19
   6691.8598633   4.2536259e-19
   6731.3398438   4.1209722e-19
   6770.8198242   3.9026707e-19
   6810.2998047   3.8369838e-19
   6849.7797852   4.0353269e-19
   6889.2597656   3.9514617e-19
   6928.7397461   4.0763132e-19
   6968.2197266   3.8575808e-19
   7007.6997070   3.8256095e-19
   7047.1796875   3.8962140e-19
   7086.6601562   4.0262807e-19
   7126.1401367   4.0097112e-19
   7165.6201172   3.7214238e-19
   7205.1000977   3.7755359e-19
   7244.5800781   3.6677651e-19
   7284.0600586   3.4043471e-19
   7323.5400391   3.4105574e-19
   7363.0200195   3.4652284e-19
   7402.5000000   3.6269184e-19
   7441.9799805   3.3458866e-19
   7481.4599609   3.2069343e-19
   7520.9399414   3.3762059e-19
   7560.4199219   3.2331104e-19
   7599.8999023   3.1179813e-19
   7639.3798828   3.2464285e-19
   7678.8598633   3.3291037e-19
   7718.3398438   3.0767104e-19
   7765.7158203   3.3122157e-19
   7801.2480469   3.3910365e-19
   7832.8320312   3.2148736e-19
   7876.2597656   3.1275815e-19
   7915.7397461   3.2075399e-19
   7955.2197266   3.1250827e-19
   7994.6997070   3.2187022e-19
   8034.1796875   3.0322678e-19
   8073.6596680   3.0952507e-19
   8113.1401367   2.8077253e-19
   8152.6201172   2.8917487e-19
   8188.1518555   3.1474375e-19
   8203.9443359   2.9696402e-19
   8231.5800781   3.0583478e-19
   8271.0595703   2.9024367e-19
   8310.5400391   2.9306288e-19
   8350.0195312   2.9510095e-19
   8389.5000000   2.9616561e-19
   8428.9794922   2.8219419e-19
   8468.4599609   2.8128349e-19
   8507.9394531   2.8939849e-19
   8547.4199219   2.8129957e-19
   8586.8994141   2.7946356e-19
   8626.3798828   2.7269335e-19
   8665.8603516   2.8129337e-19
   8705.3398438   2.7542193e-19
   8744.8203125   2.6497930e-19
   8784.2998047   2.5846008e-19
   8823.7802734   2.6645672e-19
   8863.2597656   2.5894863e-19
   8902.7402344   2.5044043e-19
   8942.2197266   2.5433989e-19
   8981.7001953   2.5684759e-19
   9021.1796875   2.5854975e-19
   9060.6601562   2.4376447e-19
   9100.1396484   2.4595502e-19
   9139.6201172   2.3778077e-19
   9179.0996094   2.0173837e-19
   9218.5800781   2.2586717e-19
   9258.0595703   2.2189301e-19
   9297.5400391   2.2917054e-19
   9337.0195312   2.1780503e-19
   9376.5000000   2.1889345e-19
   9415.9794922   2.0777372e-19
   9455.4599609   2.1514779e-19
   9494.9394531   2.0853523e-19
   9534.4199219   2.0994674e-19
   9573.8994141   2.1548441e-19
   9613.3798828   2.0782299e-19
   9652.8603516   2.1398776e-19
   9692.3398438   2.1065236e-19
   9731.8203125   2.0837777e-19
   9771.2998047   2.0259872e-19
   9810.7802734   2.0404440e-19
   9850.2597656   1.8060152e-19
   9889.7402344   2.0472751e-19
   9921.3242188   1.8970382e-19
   9941.0634766   1.9579746e-19
   9968.7001953   1.9055134e-19
  10008.1796875   1.9081180e-19
  10047.6601562   1.8672725e-19
  10087.1396484   1.9286839e-19
  10126.6201172   1.8968633e-19
  10166.0996094   1.9494716e-19
  10205.5800781   1.9270414e-19
  10245.0595703   1.9009997e-19
  10284.5400391   1.8555495e-19
  10324.0195312   1.8274700e-19
  10363.5000000   1.8628575e-19
  10402.9794922   1.8744537e-19
  10442.4599609   1.9447511e-19
  10481.9394531   1.9452893e-19
  10521.4199219   1.8305706e-19
  10560.8994141   1.8677154e-19
  10600.3798828   1.8578411e-19
  10639.8603516   1.7937627e-19
  10679.3398438   1.8065466e-19
  10718.8203125   1.7539858e-19
  10758.2998047   1.7507766e-19
  10797.7802734   1.7840050e-19
  10837.2597656   1.6494619e-19
  10876.7402344   1.6558344e-19
  10916.2197266   1.6761750e-19
  10955.7001953   1.7178047e-19
  10995.1796875   1.6641310e-19
  11034.6601562   1.4630213e-19
  11074.1396484   1.5230239e-19
  11113.6201172   1.6727700e-19
  11153.0996094   1.6928055e-19
  11192.5800781   1.6298750e-19
  11232.0595703   1.6080752e-19
  11271.5400391   1.5768212e-19
  11311.0195312   1.6352882e-19
  11350.5000000   1.6143518e-19
  11389.9794922   1.6089370e-19
  11429.4599609   1.5868736e-19
  11488.6796875   1.6387824e-19
  11567.6396484   1.5934663e-19
  11646.5996094   1.5612888e-19
  11725.5595703   1.5599112e-19
  11804.5195312   1.5440436e-19
  11883.4794922   1.5348217e-19
  11962.4394531   1.5215664e-19
  12041.3994141   1.5053682e-19
  12120.3593750   1.4923934e-19
  12199.3203125   1.4790369e-19
  12278.2802734   1.4615250e-19
  12357.2402344   1.4350464e-19
  12436.2001953   1.4282872e-19
  12515.1601562   1.4083176e-19
  12594.1201172   1.3563025e-19
  12673.0800781   1.3652969e-19
  12752.0400391   1.3254693e-19
  12831.0000000   1.3426358e-19
  12909.9599609   1.3434143e-19
  12988.9199219   1.3269428e-19
  13067.8798828   1.3133989e-19
  13146.8398438   1.2910775e-19
  13225.7998047   1.2661734e-19
  13304.7597656   1.2313391e-19
  13383.7197266   1.2240602e-19
  13462.6796875   1.2165197e-19
  13541.6396484   1.1999798e-19
  13620.5996094   1.1901650e-19
  13699.5595703   1.1776551e-19
  13778.5195312   1.1734732e-19
  13857.4794922   1.1728858e-19
  13936.4394531   1.1480662e-19
  14015.3994141   1.1542848e-19
  14094.3593750   1.1000303e-19
  14173.3203125   1.0844834e-19
  14252.2802734   1.0928602e-19
  14331.2402344   1.0907024e-19
  14370.7197266   1.0884964e-19
  14410.2001953   1.1109103e-19
  14489.1601562   1.0892614e-19
  14568.1201172   1.0258446e-19
  14647.0800781   1.0819715e-19
  14726.0400391   1.0495512e-19
  14805.0000000   1.2027710e-19
  14883.9599609   1.2436872e-19
  14962.9199219   1.3793154e-19
  15041.8798828   1.4977646e-19
  15120.8398438   1.2366883e-19
  15199.7998047   1.5393040e-19
  15278.7597656   1.6281507e-19
  15357.7197266   1.1964855e-19
  15436.6796875   1.6468344e-19
  15515.6396484   1.4406414e-19
  15594.5996094   1.5653258e-19
  15673.5595703   1.0641578e-19
  15752.5195312   1.6175881e-19
  15831.4794922   1.7184008e-19
  15910.4394531   1.6967653e-19
  15989.3994141   1.6870314e-19
  16068.3593750   1.6215428e-19
  16147.3193359   1.4735711e-19
  16226.2802734   1.2518360e-19
  16305.2402344   1.5703594e-19
  16384.1992188   1.6073127e-19
  16463.1601562   1.5996507e-19
  16542.1191406   1.5870409e-19
  16621.0800781   1.5857798e-19
  16700.0390625   1.5593632e-19
  16779.0000000   1.5573101e-19
  16857.9589844   1.5072271e-19
  16936.9199219   1.4919871e-19
  17015.8789062   1.4024787e-19
  17094.8398438   1.2896322e-19
  17173.7988281   1.1664953e-19
  17252.7597656   1.4718442e-19
  17331.7207031   1.4465184e-19
  17410.6796875   1.4565079e-19
  17489.6406250   1.4611143e-19
  17568.5996094   1.4630985e-19
  17647.5605469   1.4587356e-19
  17726.5195312   1.4562071e-19
  17805.4804688   1.5092408e-19
  17884.4394531   1.4362446e-19
  17963.4003906   1.4289148e-19
  18042.3593750   1.4664179e-19
  18121.3203125   1.4196071e-19
  18200.2792969   1.4289837e-19
  18279.2402344   1.3919732e-19
  18358.1992188   1.3932637e-19
  18437.1601562   1.4004413e-19
  18516.1191406   1.3706379e-19
  18595.0800781   1.3310402e-19
  18674.0390625   1.3633256e-19
  18753.0000000   1.3687911e-19
  18831.9589844   1.3597438e-19
  18910.9199219   1.3428185e-19
  18989.8789062   1.3175182e-19
  19068.8398438   1.3019529e-19
  19147.7988281   1.1423275e-19
  19226.7597656   9.9108484e-20
  19305.7207031   1.2414281e-19
  19384.6796875   1.2591695e-19
  19463.6406250   1.2379545e-19
  19542.5996094   1.2652618e-19
  19621.5605469   1.2497485e-19
  19700.5195312   1.2006810e-19
  19779.4804688   1.1565836e-19
  19858.4394531   1.1857825e-19
  19937.4003906   1.1713569e-19
  20016.3593750   1.1960232e-19
  20095.3203125   1.1604351e-19
  20174.2792969   1.1627615e-19
  20253.2402344   1.1359938e-19
  20332.1992188   1.1096669e-19
  20411.1601562   1.0732021e-19
  20490.1191406   1.0788303e-19
  20569.0800781   1.0936187e-19
  20648.0390625   1.1031119e-19
  20727.0000000   1.1179140e-19
  20805.9589844   1.0514012e-19
  20884.9199219   1.1086731e-19
  20963.8789062   1.1220359e-19
  21042.8398438   1.0602393e-19
  21121.7988281   1.0980030e-19
  21200.7597656   1.0903145e-19
  21279.7207031   1.0693019e-19
  21358.6796875   1.0519000e-19
  21437.6406250   1.0543375e-19
  21516.5996094   1.0659868e-19
  21595.5605469   1.0415110e-19
  21674.5195312   1.0376256e-19
  21753.4804688   1.0283933e-19
  21832.4394531   1.0332374e-19
  21911.4003906   1.0378353e-19
  21990.3593750   1.0229877e-19
  22069.3203125   1.0025326e-19
  22148.2792969   1.0163555e-19
  22227.2402344   1.0031712e-19
  22306.1992188   1.0014149e-19
  22385.1601562   9.8479348e-20
  22464.1191406   9.9666753e-20
  22543.0800781   9.7783321e-20
  22622.0390625   1.0131200e-19
  22701.0000000   9.8304335e-20
  22779.9589844   9.8662032e-20
  22858.9199219   9.6211852e-20
  22937.8789062   9.7716778e-20
  23016.8398438   9.8684999e-20
  23095.7988281   9.6426325e-20
  23174.7597656   9.5584313e-20
  23253.7207031   9.0850668e-20
  23332.6796875   9.4239614e-20
  23411.6406250   9.3884353e-20
  23490.5996094   9.3406043e-20
  23569.5605469   9.3907443e-20
  23648.5195312   9.2325254e-20
  23727.4804688   9.1281016e-20
  23806.4394531   9.2198423e-20
  23885.4003906   9.2576180e-20
  23964.3593750   9.2266472e-20
  24043.3203125   8.9942327e-20
  24122.2792969   8.9754105e-20
  24201.2402344   8.6787919e-20
  24280.1992188   8.6843586e-20
  24359.1601562   8.4808250e-20
  24438.1191406   8.6954266e-20
  24517.0800781   8.6221850e-20
  24596.0390625   8.4232887e-20
  24675.0000000   8.1921997e-20
  24753.9589844   8.4290990e-20
  24832.9199219   8.4911104e-20
  24911.8789062   8.3238494e-20
  24990.8398438   8.3686056e-20
  25069.7988281   8.3047525e-20
  25148.7597656   8.2655635e-20
  25227.7187500   8.3423679e-20
  25306.6796875   8.1993987e-20
  25385.6406250   8.2316911e-20
  25464.5996094   8.1800123e-20
  25543.5605469   8.1430568e-20
  25622.5195312   7.9799878e-20
  25701.4804688   8.0789729e-20
  25780.4394531   7.9825469e-20
  25859.4003906   7.5518863e-20
  25938.3593750   6.7594317e-20
  26017.3203125   7.7646061e-20
  26096.2792969   7.9280428e-20
  26175.2402344   7.8684845e-20
  26254.1992188   7.8163385e-20
  26333.1601562   7.6699107e-20
  26412.1191406   7.7565288e-20
  26491.0800781   7.5628393e-20
  26570.0390625   7.6643551e-20
  26649.0000000   7.5474105e-20
  26727.9589844   7.5893582e-20
  26806.9199219   7.4872253e-20
  26885.8789062   7.4943643e-20
  26964.8398438   7.5039809e-20
  27043.7988281   7.3619178e-20
  27122.7597656   7.4311405e-20
  27201.7187500   7.4556264e-20
  27280.6796875   7.4104138e-20
  27359.6406250   7.3428015e-20
  27438.5996094   7.2701208e-20
  27517.5605469   7.2920572e-20
  27596.5195312   7.2691314e-20
  27675.4804688   7.1265985e-20
  27754.4394531   7.1758758e-20
  27833.4003906   7.1379056e-20
  27912.3593750   7.0126214e-20
  27991.3203125   6.8747860e-20
  28070.2792969   6.7693243e-20
  28149.2402344   6.6612958e-20
  28228.1992188   6.6181086e-20
  28307.1601562   6.6372908e-20
  28386.1191406   6.5715648e-20
  28465.0800781   6.6482024e-20
  28544.0390625   6.7298697e-20
  28623.0000000   6.7040869e-20
  28701.9589844   6.6757928e-20
  28780.9199219   6.5774268e-20
  28859.8789062   6.6816296e-20
  28938.8398438   6.6582831e-20
  29017.7988281   6.6373787e-20
  29096.7597656   6.7792020e-20
  29175.7187500   6.5805468e-20
  29254.6796875   6.6096856e-20
  29333.6406250   6.6739168e-20
  29412.5996094   6.6329494e-20
  29491.5605469   6.6721286e-20
  29570.5195312   6.6135475e-20
  29649.4804688   6.6777864e-20
  29728.4394531   6.7019375e-20
  29807.4003906   6.7135445e-20
  29886.3593750   6.6373205e-20
  29965.3203125   6.5284157e-20
  30044.2792969   6.5048327e-20
  30123.2402344   6.4561078e-20
  30202.1992188   6.3319907e-20
  30281.1601562   6.1852185e-20
  30360.1191406   6.3021941e-20
  30439.0800781   6.1678845e-20
  30518.0390625   6.1894028e-20
  30597.0000000   6.1429864e-20
  30675.9589844   6.1443629e-20
  30754.9199219   6.1985432e-20
  30833.8789062   6.1696998e-20
  30912.8398438   6.1333090e-20
  30991.7988281   6.0616222e-20
  31070.7597656   6.0151075e-20
  31149.7187500   5.8804037e-20
  31228.6796875   5.7733614e-20
  31307.6386719   5.8400741e-20
  31386.5996094   5.7405178e-20
  31465.5605469   5.8349980e-20
  31544.5195312   5.8563832e-20
  31623.4804688   5.9231715e-20
  31702.4394531   5.8815404e-20
  31781.4003906   5.8272638e-20
  31860.3593750   5.8032310e-20
  31939.3203125   5.6984188e-20
  32018.2792969   5.6768617e-20
  32097.2402344   5.7613298e-20
  32176.1992188   5.7953359e-20
  32255.1601562   5.7889253e-20
  32334.1191406   5.6435515e-20
  32413.0800781   5.6547902e-20
  32492.0390625   5.6533995e-20
  32571.0000000   5.6595607e-20
  32649.9589844   5.6733229e-20
  32728.9199219   5.6567276e-20
  32807.8789062   5.4807740e-20
  32886.8398438   5.4793297e-20
  32965.8007812   5.4651985e-20
  33044.7578125   5.4637108e-20
  33123.7187500   5.3812419e-20
  33202.6796875   5.4531391e-20
  33281.6406250   5.3376973e-20
  33360.6015625   5.2779283e-20
  33439.5585938   5.2409249e-20
  33518.5195312   5.3153802e-20
  33597.4804688   5.0883078e-20
  33676.4414062   5.3401595e-20
  33755.3984375   4.8747240e-20
  33834.3593750   5.4080619e-20
  33913.3203125   5.2239199e-20
  33992.2812500   5.2172708e-20
  34071.2382812   5.4642866e-20
  34150.1992188   5.3891654e-20
  34229.1601562   4.8191442e-20
  34308.1210938   5.2870457e-20
  34387.0781250   5.4732932e-20
  34466.0390625   5.3397139e-20
  34545.0000000   4.9774847e-20
  34623.9609375   5.3060276e-20
  34702.9179688   5.4797148e-20
  34781.8789062   5.2646863e-20
  34860.8398438   5.3469181e-20
  34939.8007812   5.2055064e-20
  35018.7578125   4.9572831e-20
  35097.7187500   5.1818755e-20
  35176.6796875   5.2844925e-20
  35255.6406250   5.2294287e-20
  35334.5976562   5.2684797e-20
  35413.5585938   5.2363001e-20
  35492.5195312   5.1582838e-20
  35571.4804688   4.8181073e-20
  35650.4414062   5.0174740e-20
  35729.3984375   5.2143388e-20
  35808.3593750   5.2253885e-20
  35887.3203125   5.0810726e-20
  35966.2812500   5.1150377e-20
  36045.2382812   5.1770074e-20
  36124.1992188   5.1498181e-20
  36203.1601562   5.1073382e-20
  36282.1210938   5.0877715e-20
  36361.0781250   4.7954135e-20
  36440.0390625   4.5692536e-20
  36519.0000000   4.7357441e-20
  36597.9609375   4.8742316e-20
  36676.9179688   4.9234575e-20
  36755.8789062   4.8834236e-20
  36834.8398438   4.8994926e-20
  36913.8007812   4.8568805e-20
  36992.7578125   4.8346619e-20
  37071.7187500   4.8762656e-20
  37150.6796875   4.7544584e-20
  37229.6406250   4.8522324e-20
  37308.5976562   4.6793032e-20
  37387.5585938   4.8077291e-20
  37466.5195312   4.7854832e-20
  37545.4804688   4.7197562e-20
  37624.4414062   4.6744762e-20
  37703.3984375   4.4016704e-20
  37782.3593750   4.6400932e-20
  37861.3203125   4.7225971e-20
  37940.2812500   4.7002913e-20
  38019.2382812   4.7086591e-20
  38098.1992188   4.6249358e-20
  38177.1601562   4.6409692e-20
  38256.1210938   4.6646731e-20
  38335.0781250   4.6372204e-20
  38414.0390625   4.5969296e-20
  38493.0000000   4.5182482e-20
  38571.9609375   4.5828995e-20
  38650.9179688   4.5016300e-20
  38729.8789062   4.6175076e-20
  38808.8398438   4.6104963e-20
  38887.8007812   4.5676080e-20
  38966.7578125   4.4939459e-20
  39045.7187500   4.4740755e-20
  39124.6796875   4.4695784e-20
  39203.6406250   4.5163435e-20
  39282.5976562   4.5041613e-20
  39361.5585938   4.4971050e-20
  39440.5195312   4.4926040e-20
  39578.6992188   4.3502427e-20
  39776.0976562   4.2390234e-20
  39973.5000000   4.3202361e-20
  40170.8984375   4.2243232e-20
  40368.3007812   4.2311002e-20
  40565.6992188   4.2352646e-20
  40763.0976562   4.2214109e-20
  40960.5000000   4.1535511e-20
  41157.8984375   4.0907141e-20
  41355.3007812   4.0613563e-20
  41552.6992188   4.0139046e-20
  41750.0976562   4.0024620e-20
  41947.5000000   3.9755008e-20
  42144.8984375   3.8944006e-20
  42342.3007812   3.9009570e-20
  42539.6992188   3.8996551e-20
  42737.0976562   3.7926367e-20
  42934.5000000   3.6932884e-20
  43131.8984375   3.5731786e-20
  43329.3007812   3.5459462e-20
  43526.6992188   3.5548649e-20
  43724.0976562   3.4759286e-20
  43921.5000000   3.5261456e-20
  44118.8984375   3.5324228e-20
  44316.3007812   3.5309494e-20
  44513.6992188   3.4699648e-20
  44711.0976562   3.4218850e-20
  44908.5000000   3.3530506e-20
  45105.8984375   3.3022226e-20
  45303.3007812   3.3395301e-20
  45500.6992188   3.3923175e-20
  45698.0976562   3.3596987e-20
  45895.5000000   3.3217577e-20
  46092.8984375   3.2708437e-20
  46290.3007812   3.2276768e-20
  46487.6992188   3.2234130e-20
  46685.0976562   3.1776050e-20
  46882.5000000   3.1421616e-20
  47079.8984375   3.1040993e-20
  47277.3007812   3.0088142e-20
  47474.6992188   3.1083968e-20
  47672.0976562   2.9974977e-20
  47869.5000000   3.0398813e-20
  48066.8984375   3.0302576e-20
  48264.3007812   3.0363322e-20
  48461.6992188   2.9980770e-20
  48659.0976562   2.9363749e-20
  48856.5000000   2.9579643e-20
  49053.8984375   2.8988315e-20
  49251.3007812   2.8474759e-20
  49448.6992188   2.8482136e-20
  49646.0976562   2.8202817e-20
  49843.5000000   2.8757150e-20
  50040.8984375   2.7668888e-20
  50238.3007812   2.8223383e-20
  50435.6992188   2.7682378e-20
  50633.0976562   2.6593062e-20
  50830.5000000   2.6938896e-20
  51027.8984375   2.7571723e-20
  51225.3007812   2.7134458e-20
  51422.6992188   2.7428000e-20
  51620.0976562   2.7095043e-20
  51817.5000000   2.6787763e-20
  52014.8984375   2.6480131e-20
  52212.3007812   2.6434002e-20
  52409.6992188   2.5898277e-20
  52607.0976562   2.5904303e-20
  52804.5000000   2.5407529e-20
  53001.8984375   2.6051826e-20
  53199.3007812   2.5965812e-20
  53396.6992188   2.5937432e-20
  53594.0976562   2.5068361e-20
  53791.5000000   2.4725359e-20
  53988.8984375   2.5170849e-20
  54186.3007812   2.4628686e-20
  54383.6992188   2.4919624e-20
  54581.0976562   2.4856446e-20
  54778.5000000   2.4559989e-20
  54975.8984375   2.4344992e-20
  55173.3007812   2.3641563e-20
  55370.6992188   2.3819467e-20
  55568.0976562   2.3170875e-20
  55765.5000000   2.2438016e-20
  55962.8984375   2.2563319e-20
  56160.3007812   2.2690916e-20
  56357.6992188   2.2808412e-20
  56555.0976562   2.2560841e-20
  56752.5000000   2.2817230e-20
  56949.8984375   2.2054257e-20
  57147.3007812   2.2024540e-20
  57344.6992188   2.1458159e-20
  57522.3593750   2.1998246e-20
  57719.7578125   2.1752207e-20
  57936.8984375   2.1378110e-20
  58134.3007812   2.1092453e-20
  58331.6992188   2.1085877e-20
  58529.0976562   2.1476638e-20
  58726.5000000   2.1496172e-20
  58923.8984375   2.1831836e-20
  59121.3007812   2.1419556e-20
  59318.6992188   2.0778375e-20
  59516.0976562   2.1058577e-20
  59713.5000000   2.0540568e-20
  59910.8984375   2.1168552e-20
  60108.3007812   2.0779562e-20
  60305.6992188   2.1312956e-20
  60503.0976562   2.0813082e-20
  60700.5000000   2.0407935e-20
  60897.8984375   2.0846289e-20
  61095.3007812   2.0649196e-20
  61292.6992188   2.0227955e-20
  61490.0976562   1.9658931e-20
  61687.5000000   2.0168432e-20
  61884.8984375   2.0195644e-20
  62082.3007812   2.0378649e-20
  62279.6992188   1.8821254e-20
  62477.0976562   1.9180995e-20
  62674.5000000   1.9202235e-20
  62871.8984375   1.9477598e-20
  63069.3007812   1.9525304e-20
  63365.3984375   1.9530020e-20
  63760.1992188   1.9459044e-20
  64155.0000000   1.8671987e-20
  64549.8007812   1.9409882e-20
  64944.5976562   1.9125059e-20
  65339.3984375   1.8593346e-20
  65734.2031250   1.8140678e-20
  66129.0000000   1.9199791e-20
  66523.7968750   1.7941882e-20
  66918.6015625   1.8253844e-20
  67313.3984375   1.7872202e-20
  67708.1953125   1.8001394e-20
  68103.0000000   1.7274735e-20
  68497.7968750   1.7069678e-20
  68892.6015625   1.6962662e-20
  69287.3984375   1.7094434e-20
  69682.1953125   1.6414044e-20
  70077.0000000   1.5855430e-20
  70471.7968750   1.6358773e-20
  70866.6015625   1.4683771e-20
  71261.3984375   1.4908081e-20
  71656.1953125   1.4874336e-20
  72051.0000000   1.3971302e-20
  72445.7968750   1.3597377e-20
  72840.6015625   1.4193578e-20
  73235.3984375   1.4114322e-20
  73630.1953125   1.3423174e-20
  74025.0000000   1.2901932e-20
  74419.7968750   1.3014042e-20
  74814.6015625   1.2590699e-20
  75209.3984375   1.3451086e-20
  75604.1953125   1.2615109e-20
  75999.0000000   1.2772149e-20
  76393.7968750   1.2745814e-20
  76788.6015625   1.1631598e-20
  77183.3984375   1.1951149e-20
  77578.1953125   1.1841588e-20
  77973.0000000   1.1558930e-20
  78367.7968750   1.0961047e-20
  78762.6015625   1.1398169e-20
  79157.3984375   1.1205635e-20
  79552.1953125   1.1503829e-20
  79947.0000000   1.0878751e-20
  80341.7968750   1.0571241e-20
  80736.6015625   1.0234146e-20
  81131.3984375   1.0059641e-20
  81526.1953125   9.7864522e-21
  81921.0000000   9.5850830e-21
  82315.7968750   1.0222826e-20
  82710.6015625   9.5325231e-21
  83105.3984375   9.6116828e-21
  83500.1953125   9.2951384e-21
  83895.0000000   9.3823341e-21
  84289.7968750   9.2103314e-21
  84684.6015625   8.8426932e-21
  85079.3984375   8.8843463e-21
  85474.1953125   8.6260107e-21
  85869.0000000   8.3169796e-21
  86263.7968750   8.2380937e-21
  86658.6015625   7.9503237e-21
  87053.3984375   7.6035032e-21
  87448.1953125   7.6260438e-21
  87843.0000000   7.7586415e-21
  88237.7968750   7.6500959e-21
  88632.6015625   7.7744678e-21
  89027.3984375   7.3362261e-21
  89422.1953125   7.2168681e-21
  89817.0000000   7.2475820e-21
  90211.7968750   7.0582272e-21
  90606.6015625   6.3325749e-21
  91001.3984375   6.9506840e-21
  91396.1953125   7.1207164e-21
  91791.0000000   6.0941607e-21
  92185.7968750   6.8816128e-21
  92580.6015625   6.3405341e-21
  92975.3984375   5.8071827e-21
  93370.1953125   6.1250450e-21
  93765.0000000   6.1717593e-21
  94159.7968750   5.3641354e-21
  94554.6015625   6.0152130e-21
  94949.3984375   5.7152865e-21
  95344.1953125   4.9825806e-21
  95739.0000000   5.0478208e-21
  96133.7968750   4.9492122e-21
  96528.6015625   4.7618558e-21
  96923.3984375   4.6522750e-21
  97318.1953125   4.6369560e-21
  97713.0000000   4.4494441e-21
  98107.7968750   4.0385534e-21
  98502.6015625   4.0041503e-21
  98897.3984375   4.0721261e-21
  99292.1953125   3.8628535e-21
  99687.0000000   3.9737898e-21
 100081.7968750   3.9663973e-21
 100476.6015625   3.9401456e-21
 100871.3984375   3.9758501e-21
 101266.1953125   3.9710336e-21
 101661.0000000   4.0525545e-21
 102055.7968750   3.9885643e-21
 102450.6015625   3.9837503e-21
 102845.3984375   4.1030574e-21
 103240.1953125   3.9932096e-21
 103635.0000000   4.0559198e-21
 104029.7968750   4.1616947e-21
 104424.6015625   3.9870582e-21
 104819.3984375   4.0902829e-21
 105214.1953125   4.1718143e-21
 105609.0000000   4.0160027e-21
 106003.7968750   3.8223346e-21
 106398.6015625   3.9201923e-21
 106793.3984375   3.9288619e-21
 107188.1953125   3.8512160e-21
 107583.0000000   4.0814723e-21
 107977.7968750   3.9767055e-21
 108372.6015625   4.1287072e-21
 108767.3984375   3.9294314e-21
 109162.1953125   3.8165811e-21
 109557.0000000   3.8549727e-21
 109951.7968750   3.9286378e-21
 110346.6015625   3.9428461e-21
 110741.3984375   3.8054674e-21
 111136.1953125   3.7249720e-21
 111531.0000000   3.7445566e-21
 111925.7968750   3.5422414e-21
 112320.6015625   3.2071454e-21
 112715.3984375   3.4535299e-21
 113110.1953125   3.5076727e-21
 113505.0000000   3.3642169e-21
 113899.7968750   3.2803239e-21
 114294.6015625   3.1314576e-21
 114689.3984375   3.2586706e-21
 115084.1953125   3.0881494e-21
 115479.0000000   2.9095198e-21
 115873.7968750   2.8797469e-21
 116268.6015625   2.7823157e-21
 116663.3984375   2.6978677e-21
 117058.1953125   2.6453628e-21
 117453.0000000   2.5998905e-21
 117847.7968750   2.5338552e-21
 118242.6015625   2.5094909e-21
 118637.3984375   2.4875777e-21
 119032.1953125   2.4523880e-21
 119427.0000000   2.4174733e-21
 119821.7968750   2.3747081e-21
 120216.6015625   2.3663170e-21
 120611.3984375   2.3487260e-21
 121006.1953125   2.3308663e-21
 121401.0000000   2.3154395e-21
 121795.7968750   2.2813322e-21
 122190.6015625   2.2537271e-21
 122585.3984375   2.2464246e-21
 122980.1953125   2.2163783e-21
 123375.0000000   2.1925618e-21
 123769.7968750   2.1652224e-21
 124164.6015625   2.1451940e-21
 124559.3984375   2.1208378e-21
 124954.1953125   2.0924164e-21
 125349.0000000   2.0764509e-21
 125743.7968750   2.0634602e-21
 126138.6015625   2.0542552e-21
 126730.7968750   2.0190766e-21
 127520.3984375   1.9790173e-21
 128310.0000000   1.9592564e-21
 129099.6015625   1.9259669e-21
 129889.1953125   1.8924030e-21
 130678.7968750   1.8626367e-21
 131468.4062500   1.8664280e-21
 132258.0000000   1.9024195e-21
 133047.5937500   1.8336765e-21
 133837.2031250   1.8463962e-21
 134626.7968750   1.8664280e-21
 135416.3906250   1.9024195e-21
 136206.0000000   1.8610096e-21
 136995.5937500   1.8266355e-21
 137785.2031250   1.7416504e-21
 138574.7968750   1.7576255e-21
 139364.3906250   1.7089030e-21
 140154.0000000   1.6141745e-21
 140943.5937500   1.6366390e-21
 141733.2031250   1.5757411e-21
 142522.7968750   1.5695182e-21
 143312.3906250   1.4831804e-21
 144102.0000000   1.4420403e-21
 144891.5937500   1.4119963e-21
 145681.2031250   1.3519136e-21
 146470.7968750   1.2985952e-21
 147260.3906250   1.2628690e-21
 148050.0000000   1.2054892e-21
 148839.5937500   1.1797777e-21
 149629.2031250   1.1559590e-21
 150418.7968750   1.1305190e-21
 151208.3906250   1.1064307e-21
 151998.0000000   1.0904630e-21
 152787.5937500   1.0690812e-21
 153577.2031250   1.0514889e-21
 154366.7968750   1.0341680e-21
 155156.3906250   1.0255068e-21
 155946.0000000   1.0122439e-21
 156735.5937500   1.0024975e-21
 157525.2031250   9.8707113e-22
 158314.7968750   9.7380908e-22
 159104.3906250   9.6542004e-22
 159894.0000000   9.5919478e-22
 160683.5937500   9.5486551e-22
 161473.2031250   9.5405227e-22
 162262.7968750   9.5675878e-22
 163052.3906250   9.3997808e-22
 163842.0000000   9.0452149e-22
 164631.5937500   9.0966451e-22
 165421.2031250   9.1534724e-22
 166210.7968750   8.9126005e-22
 167000.3906250   8.9721399e-22
 167790.0000000   8.8801332e-22
 168579.5937500   8.8178746e-22
 169369.2031250   8.3875549e-22
 170158.7968750   7.9463789e-22
 170948.3906250   7.9003756e-22
 171738.0000000   7.3834175e-22
 172527.5937500   7.1479446e-22
 173317.2031250   6.9720239e-22
 174106.7968750   6.8150539e-22
 174896.3906250   6.7744396e-22
 175686.0000000   6.5849994e-22
 176475.5937500   6.4225950e-22
 177265.2031250   6.4929594e-22
 178054.7968750   6.3413971e-22
 178844.3906250   6.0193359e-22
 179634.0000000   5.7649243e-22
 180423.5937500   5.5619339e-22
 181213.2031250   5.4157631e-22
 182002.7968750   5.4617912e-22
 182792.3906250   5.3805807e-22
 183582.0000000   5.3264570e-22
 184371.5937500   5.2371281e-22
 185161.2031250   5.0558078e-22
 185950.7968750   4.9881419e-22
 186740.3906250   5.1261696e-22
 187530.0000000   4.9989537e-22
 188319.5937500   4.9069435e-22
 189109.2031250   4.8203299e-22
 189898.7968750   4.6985368e-22
 190688.3906250   4.7012409e-22
 191478.0000000   4.6011104e-22
 192267.5937500   4.5280217e-22
 193057.2031250   4.4901382e-22
 193846.7968750   4.3899905e-22
 194636.3906250   4.3548111e-22
 195426.0000000   4.1978391e-22
 196215.5937500   4.1328799e-22
 197005.2031250   4.1139195e-22
 197794.7968750   4.0841619e-22
 198584.3906250   4.0083729e-22
 199374.0000000   3.8919898e-22
 200163.5937500   3.8514022e-22
 200953.2031250   3.8405750e-22
 201742.7968750   3.8053837e-22
 202532.3906250   3.7702000e-22
 203322.0000000   3.7187769e-22
 204111.5937500   3.7187769e-22
 204901.2031250   3.6538260e-22
 205690.7968750   3.5915704e-22
 206480.3906250   3.5347353e-22
 207270.0000000   3.5076724e-22
 208059.5937500   3.5049623e-22
 208849.2031250   3.4427023e-22
 209638.7968750   3.3831674e-22
 210428.3906250   3.3398674e-22
 211218.0000000   3.2803093e-22
 212007.5937500   3.2478403e-22
 212797.2031250   3.2072441e-22
 213586.7968750   3.1828844e-22
 214376.3906250   3.1585291e-22
 215166.0000000   3.1395821e-22
 215955.5937500   3.0935659e-22
 216745.2031250   3.0719170e-22
 217534.7968750   3.0286077e-22
 218324.3906250   3.0448521e-22
 219114.0000000   2.9528245e-22
 219903.5937500   2.9798959e-22
 220693.2031250   2.9041067e-22
 221482.7968750   2.8932858e-22
 222272.3906250   2.8283319e-22
 223062.0000000   2.8229086e-22
 223851.5937500   2.7741893e-22
 224641.2031250   2.7254728e-22
 225430.7968750   2.6967895e-22
 226220.3906250   2.6694513e-22
 227010.0000000   2.6239798e-22
 227799.5937500   2.5817645e-22
 228589.2031250   2.5947571e-22
 229378.7968750   2.5649814e-22
 230168.3906250   2.5519920e-22
 230958.0000000   2.5251900e-22
 231747.5937500   2.5021835e-22
 232537.2031250   2.4637557e-22
 233326.7968750   2.4250554e-22
 234116.3906250   2.3833697e-22
 234906.0000000   2.3525147e-22
 235695.5937500   2.3400669e-22
 236485.2031250   2.3043415e-22
 237274.7968750   2.2667210e-22
 238064.3906250   2.2499396e-22
 238854.0000000   2.2377593e-22
 239643.5937500   2.2269357e-22
 240433.2031250   2.1987909e-22
 241222.7968750   2.1619822e-22
 242012.3906250   2.1340962e-22
 242802.0000000   2.1089304e-22
 243591.5937500   2.0767245e-22
 244381.2031250   2.0353158e-22
 245170.7968750   2.0093283e-22
 245960.3906250   1.9884875e-22
 246750.0000000   1.9730638e-22
 247539.5937500   1.9389604e-22
 248329.2031250   1.9026953e-22
 249118.7968750   1.8758950e-22
 249908.3906250   1.8615489e-22
 250698.0000000   1.8523497e-22
 251487.5937500   1.8436897e-22
 252277.2031250   1.8144583e-22
 253461.5937500   1.7603294e-22
 255040.7968750   1.7121483e-22
 256620.0000000   1.6812990e-22
 258199.2031250   1.6444853e-22
 259778.3906250   1.5887354e-22
 261357.5937500   1.5443488e-22
 262936.8125000   1.5254003e-22
 264516.0000000   1.4991465e-22
 266095.1875000   1.4653171e-22
 267674.4062500   1.4230966e-22
 269253.5937500   1.4006321e-22
 270832.7812500   1.3727524e-22
 272412.0000000   1.3234915e-22
 273991.1875000   1.2926376e-22
 275570.4062500   1.2647618e-22
 277149.5937500   1.2423007e-22
 278728.7812500   1.2136114e-22
 280308.0000000   1.1916871e-22
 281887.1875000   1.1670590e-22
 283466.4062500   1.1494637e-22
 285045.5937500   1.1343086e-22
 286624.7812500   1.1175262e-22
 288204.0000000   1.0931673e-22
 289783.1875000   1.0688088e-22
 291362.4062500   1.0439106e-22
 292941.5937500   1.0236125e-22
 294520.7812500   1.0130533e-22
 296100.0000000   9.9356892e-23
 297679.1875000   9.7814246e-23
 299258.4062500   9.4593327e-23
 300837.5937500   9.2861216e-23
 302416.7812500   9.0181632e-23
 303996.0000000   8.9369812e-23
 305575.1875000   8.8124535e-23
 307154.4062500   8.6690020e-23
 308733.5937500   8.4660136e-23
 310312.7812500   8.2603374e-23
 311892.0000000   8.1277292e-23
 313471.1875000   8.0492230e-23
 315050.4062500   7.9030831e-23
 316629.5937500   7.7839998e-23
 318208.7812500   7.6107539e-23
 319788.0000000   7.4808481e-23
 321367.1875000   7.3265659e-23
 322946.4062500   7.1966739e-23
 324525.5937500   7.0072034e-23
 326104.7812500   6.8881138e-23
 327684.0000000   6.7771482e-23
 329263.1875000   6.6689064e-23
 330842.4062500   6.5958244e-23
 332421.5937500   6.4767254e-23
 334000.7812500   6.3603640e-23
 335580.0000000   6.2493851e-23
 337159.1875000   6.1736027e-23
 338738.4062500   6.0869921e-23
 340317.5937500   5.9895634e-23
 341896.7812500   5.8921144e-23
 343476.0000000   5.7946737e-23
 345055.1875000   5.7297378e-23
 346634.4062500   5.6783085e-23
 348213.5937500   5.6485356e-23
 349792.7812500   5.5700490e-23
 351372.0000000   5.5077997e-23
 352951.1875000   5.4022463e-23
 354530.4062500   5.3075186e-23
 356109.5937500   5.2425594e-23
 357688.7812500   5.1153524e-23
 359268.0000000   5.0179149e-23
 360847.1875000   4.9150531e-23
 362426.4062500   4.8365734e-23
 364005.5937500   4.7986794e-23
 365584.7812500   4.7986794e-23
 367164.0000000   4.7526626e-23
 368743.1875000   4.6362838e-23
 370322.4062500   4.5469728e-23
 371901.5937500   4.4603619e-23
 373480.7812500   4.3981147e-23
 375060.0000000   4.3927098e-23
 376639.1875000   4.3412723e-23
 378218.4062500   4.2627894e-23
 379797.5937500   4.2140760e-23
 381376.7812500   4.1247565e-23
 382956.0000000   4.0354334e-23
 384535.1875000   4.0246191e-23
 386114.4062500   3.9948405e-23
 387693.5937500   3.9380009e-23
 389272.7812500   3.9109408e-23
 390852.0000000   3.8730458e-23
 392431.1875000   3.7891403e-23
 394010.4062500   3.6971184e-23
 395589.5937500   3.6186290e-23
 789600.0000000   1.6393439e-24
1579200.0000000   1.0487817e-25
2368800.0000000   2.0791611e-26
3158400.0000000   6.5768774e-27
3948000.0000000   2.6889368e-27
4737600.0000000   1.2942623e-27
5527200.0000000   6.9720238e-28
6316800.0000000   4.0787484e-28
