    370.6430054   9.1475277e-24
    382.8619995   1.0464860e-23
    391.0079956   1.1193341e-23
    399.1539917   6.2816091e-23
    407.2999878   1.7393881e-22
    415.4459839   1.8865865e-22
    423.5919800   1.7919600e-22
    431.7380066   1.8204932e-22
    439.8840027   1.8580454e-22
    448.0299988   2.1224130e-22
    464.3219910   2.2020193e-22
    480.6139832   2.1389291e-22
    492.8330078   2.7097190e-22
    509.1250000   2.8133547e-22
    517.2709961   2.8734434e-22
    521.3439941   2.9185046e-22
    533.5629883   2.8148622e-22
    537.6359863   2.9124863e-22
    545.7819824   2.7818154e-22
    558.0009766   3.0927376e-22
    570.2199707   3.1002446e-22
    582.4389648   3.9158745e-22
    598.7310181   4.8696755e-22
    615.0230103   4.3589833e-22
    631.3150024   4.9192437e-22
    647.6069946   4.9387696e-22
    659.8259888   4.9462801e-22
    676.1179810   4.9778138e-22
    692.4099731   4.9733124e-22
    704.6289673   4.0871055e-22
    720.9210205   5.0108687e-22
    733.1400146   5.0183787e-22
    741.2860107   5.0183787e-22
    757.5780029   5.0258997e-22
    777.9429932   5.0319072e-22
    790.1619873   5.0619415e-22
    806.4539795   5.0484205e-22
    822.7459717   5.0664560e-22
    834.9649658   5.0604299e-22
    855.3300171   4.9057162e-22
    879.7680054   5.0559199e-22
    896.0599976   5.0739604e-22
    908.2789917   5.0138626e-22
    924.5709839   4.9186606e-22
    936.7899780   5.9804694e-22
    953.0819702   8.5966643e-22
    977.5200195   8.8479790e-22
   1001.9580078   7.8122564e-22
   1026.3959961   7.6332504e-22
   1046.7609863   6.7354595e-22
   1058.9799805   6.8793179e-22
   1075.2719727   8.3785732e-22
   1095.6369629   8.2369372e-22
   1116.0019531   8.0122974e-22
   1136.3669434   6.6123583e-22
   1156.7319336   7.5372098e-22
   1181.1700439   7.4411358e-22
   1205.6080322   6.5069201e-22
   1225.9730225   5.6809037e-22
   1254.4840088   5.7795782e-22
   1295.2139893   5.2451167e-22
   1335.9439697   5.0092844e-22
   1376.6739502   4.3776888e-22
   1417.4039307   3.8359739e-22
   1454.0610352   4.8241220e-22
   1490.7180176   6.8855142e-22
   1527.3750000   6.3469153e-22
   1568.1049805   4.6882521e-22
   1608.8349609   6.5186472e-22
   1649.5649414   7.5529824e-22
   1686.2219238   7.0706393e-22
   1718.8060303   6.0915662e-22
   1751.3900146   5.5352514e-22
   1796.1929932   6.0552110e-22
   1836.9229736   5.8294408e-22
   1873.5799561   4.8727345e-22
   1914.3099365   4.7109355e-22
   1955.0400391   5.0408656e-22
   1995.7700195   4.0633556e-22
   2036.5000000   4.8050702e-22
   2060.9379883   4.0292890e-22
   2085.3759766   6.1921234e-22
   2117.9599609   5.7043544e-22
   2158.6899414   5.0764565e-22
   2199.4199219   4.0330068e-22
   2240.1499023   3.7943866e-22
   2280.8798828   4.8600819e-22
   2321.6098633   5.3201693e-22
   2362.3400879   5.0940553e-22
   2403.0700684   5.1008165e-22
   2443.8000488   4.2205780e-22
   2484.5300293   4.0564015e-22
   2525.2600098   5.1286480e-22
   2565.9899902   4.8194842e-22
   2606.7199707   5.3369482e-22
   2647.4499512   5.1699424e-22
   2680.0339355   4.7836985e-22
   2708.5449219   5.4682005e-22
   2749.2749023   5.8679447e-22
   2790.0048828   5.1434448e-22
   2830.7348633   6.1591155e-22
   2871.4650879   5.1453204e-22
   2916.2680664   6.9005296e-22
   2956.9980469   7.3124877e-22
   2993.6550293   7.6972801e-22
   3034.3850098   7.8747084e-22
   3075.1149902   8.3372783e-22
   3115.8449707   8.0214522e-22
   3156.5749512   9.6720274e-22
   3197.3049316   9.6253713e-22
   3238.0349121   1.1344734e-21
   3278.7648926   1.3068800e-21
   3319.4948730   1.5167497e-21
   3360.2248535   1.7931410e-21
   3400.9550781   1.6695411e-21
   3441.6850586   2.4301734e-21
   3482.4150391   2.8411556e-21
   3523.1450195   3.5302368e-21
   3563.8750000   4.2847511e-21
   3604.6049805   5.2281211e-21
   3645.3349609   6.4414097e-21
   3686.0649414   7.8241027e-21
   3726.7949219   9.4813372e-21
   3767.5249023   3.2918412e-20
   3808.2548828   6.0650059e-20
   3848.9848633   8.8657166e-20
   3889.7148438   1.1552030e-19
   3930.4450684   1.2544283e-19
   3971.1750488   6.0873410e-20
   4011.9050293   1.1757226e-19
   4052.6350098   1.1531095e-19
   4093.3649902   1.4464552e-19
   4134.0947266   1.5196100e-19
   4174.8251953   1.1212234e-19
   4215.5551758   1.7529389e-19
   4256.2851562   2.3532593e-19
   4297.0151367   2.2815029e-19
   4337.7451172   1.9609096e-19
   4378.4750977   2.1590127e-19
   4419.2050781   1.9304216e-19
   4459.9350586   2.2488138e-19
   4500.6650391   2.1476831e-19
   4541.3950195   2.1126389e-19
   4582.1250000   1.8598496e-19
   4622.8549805   2.2133926e-19
   4663.5849609   2.1222733e-19
   4704.3149414   2.1280412e-19
   4745.0449219   2.0920401e-19
   4785.7749023   1.4186539e-19
   4826.5048828   2.0141794e-19
   4867.2348633   1.8037011e-19
   4907.9648438   1.5503973e-19
   4948.6948242   1.2944388e-19
   4989.4248047   2.8102301e-19
   5030.1547852   3.2705282e-19
   5070.8847656   3.3403376e-19
   5111.6147461   3.2867130e-19
   5152.3447266   3.2746245e-19
   5193.0747070   3.6749572e-19
   5233.8051758   3.7503836e-19
   5274.5351562   3.2948206e-19
   5315.2651367   3.3754359e-19
   5355.9951172   3.8098662e-19
   5396.7250977   3.6711824e-19
   5437.4550781   3.5194627e-19
   5478.1850586   3.7743261e-19
   5518.9150391   3.7229282e-19
   5559.6450195   3.5172681e-19
   5600.3750000   3.4991955e-19
   5641.1049805   3.4784186e-19
   5681.8349609   2.5976767e-19
   5722.5649414   2.5458580e-19
   5763.2949219   3.3411298e-19
   5804.0249023   3.2516232e-19
   5844.7548828   3.4245619e-19
   5873.2661133   3.4697520e-19
   5893.6308594   3.4657164e-19
   5926.2148438   3.3764882e-19
   5966.9448242   3.2331254e-19
   6007.6748047   3.3126529e-19
   6048.4047852   3.3578112e-19
   6089.1347656   3.3377712e-19
   6129.8647461   3.1749549e-19
   6158.3759766   2.9465551e-19
   6178.7407227   3.0375199e-19
   6211.3247070   3.0419924e-19
   6252.0546875   2.6385756e-19
   6292.7851562   2.3478291e-19
   6333.5151367   2.3599140e-19
   6374.2451172   2.6505966e-19
   6414.9750977   2.8118351e-19
   6455.7050781   2.8575988e-19
   6496.4350586   2.8645099e-19
   6537.1650391   2.8215707e-19
   6577.8950195   2.7805694e-19
   6618.6250000   2.7606504e-19
   6659.3549805   2.8955620e-19
   6700.0849609   2.9051152e-19
   6740.8149414   2.8820500e-19
   6781.5449219   2.9646500e-19
   6810.0561523   2.7798002e-19
   6830.4208984   3.0963663e-19
   6863.0048828   3.0510637e-19
   6903.7348633   2.9257939e-19
   6944.4648438   2.8683116e-19
   6985.1948242   2.7241332e-19
   7025.9248047   2.6808130e-19
   7066.6547852   2.8107858e-19
   7107.3847656   2.7620571e-19
   7148.1147461   2.8042876e-19
   7188.8447266   2.7353185e-19
   7229.5747070   2.6592249e-19
   7270.3046875   2.7294623e-19
   7311.0351562   2.7843944e-19
   7351.7651367   2.8080711e-19
   7392.4951172   2.6027814e-19
   7433.2250977   2.6650358e-19
   7473.9550781   2.6149265e-19
   7514.6850586   2.4491489e-19
   7555.4150391   2.4513120e-19
   7596.1450195   2.4824815e-19
   7636.8750000   2.5706770e-19
   7677.6049805   2.3651539e-19
   7718.3349609   2.2588509e-19
   7759.0649414   2.4052528e-19
   7799.7949219   2.2833075e-19
   7840.5249023   2.1848722e-19
   7881.2548828   2.3141998e-19
   7921.9848633   2.3523809e-19
   7962.7148438   2.1564067e-19
   8011.5908203   2.3178004e-19
   8048.2480469   2.3836530e-19
   8080.8320312   2.2644131e-19
   8125.6347656   2.2195445e-19
   8166.3647461   2.2911324e-19
   8207.0947266   2.2556685e-19
   8247.8251953   2.3183401e-19
   8288.5546875   2.1679824e-19
   8329.2851562   2.1992261e-19
   8370.0146484   1.9581041e-19
   8410.7451172   2.0509563e-19
   8447.4023438   2.2574524e-19
   8463.6943359   2.0977904e-19
   8492.2050781   2.1729774e-19
   8532.9345703   2.0719423e-19
   8573.6650391   2.1166881e-19
   8614.3945312   2.1366195e-19
   8655.1250000   2.1402916e-19
   8695.8544922   2.0948809e-19
   8736.5849609   2.0389665e-19
   8777.3144531   2.1021156e-19
   8818.0449219   2.0660268e-19
   8858.7744141   2.0641222e-19
   8899.5048828   2.0081289e-19
   8940.2353516   2.0562595e-19
   8980.9648438   2.0371048e-19
   9021.6953125   1.9905411e-19
   9062.4248047   1.9578117e-19
   9103.1552734   1.9722672e-19
   9143.8847656   1.9623052e-19
   9184.6152344   1.9127077e-19
   9225.3447266   1.9460674e-19
   9266.0751953   1.9485218e-19
   9306.8046875   1.9479655e-19
   9347.5351562   1.8409150e-19
   9388.2646484   1.8834984e-19
   9428.9951172   1.8415456e-19
   9469.7246094   1.6309064e-19
   9510.4550781   1.7826506e-19
   9551.1845703   1.7833239e-19
   9591.9150391   1.7868204e-19
   9632.6445312   1.7519153e-19
   9673.3750000   1.7330288e-19
   9714.1044922   1.6837897e-19
   9754.8349609   1.7088207e-19
   9795.5644531   1.6736522e-19
   9836.2949219   1.6728587e-19
   9877.0244141   1.6821414e-19
   9917.7548828   1.6336736e-19
   9958.4853516   1.6530301e-19
   9999.2148438   1.6376461e-19
  10039.9453125   1.6184197e-19
  10080.6748047   1.5922494e-19
  10121.4052734   1.5805447e-19
  10162.1347656   1.3492743e-19
  10202.8652344   1.5467113e-19
  10235.4492188   1.4754236e-19
  10255.8134766   1.5338383e-19
  10284.3251953   1.5164966e-19
  10325.0546875   1.5123463e-19
  10365.7851562   1.4786864e-19
  10406.5146484   1.4966405e-19
  10447.2451172   1.4834218e-19
  10487.9746094   1.4965615e-19
  10528.7050781   1.4832263e-19
  10569.4345703   1.4681645e-19
  10610.1650391   1.4515336e-19
  10650.8945312   1.4335602e-19
  10691.6250000   1.4350153e-19
  10732.3544922   1.4320184e-19
  10773.0849609   1.4403001e-19
  10813.8144531   1.4351855e-19
  10854.5449219   1.3867930e-19
  10895.2744141   1.3933987e-19
  10936.0048828   1.3909896e-19
  10976.7353516   1.3562253e-19
  11017.4648438   1.3480659e-19
  11058.1953125   1.3354320e-19
  11098.9248047   1.3335038e-19
  11139.6552734   1.3292412e-19
  11180.3847656   1.2933477e-19
  11221.1152344   1.2881495e-19
  11261.8447266   1.2849910e-19
  11302.5751953   1.2973185e-19
  11343.3046875   1.2790957e-19
  11384.0351562   1.2117689e-19
  11424.7646484   1.2336563e-19
  11465.4951172   1.2553488e-19
  11506.2246094   1.2427211e-19
  11546.9550781   1.2004492e-19
  11587.6845703   1.2011190e-19
  11628.4150391   1.1892979e-19
  11669.1445312   1.1951624e-19
  11709.8750000   1.1804828e-19
  11750.6044922   1.1732107e-19
  11791.3349609   1.1592537e-19
  11852.4296875   1.1544016e-19
  11933.8896484   1.1395368e-19
  12015.3496094   1.1162658e-19
  12096.8095703   1.1076756e-19
  12178.2695312   1.0915173e-19
  12259.7294922   1.0721189e-19
  12341.1894531   1.0662820e-19
  12422.6494141   1.0542636e-19
  12504.1093750   1.0412094e-19
  12585.5703125   1.0206454e-19
  12667.0302734   1.0112932e-19
  12748.4902344   9.9217374e-20
  12829.9501953   9.8156379e-20
  12911.4101562   9.6148941e-20
  12992.8701172   9.4043250e-20
  13074.3300781   9.2963255e-20
  13155.7900391   9.1438316e-20
  13237.2500000   9.0345377e-20
  13318.7099609   8.8580878e-20
  13400.1699219   8.7219333e-20
  13481.6298828   8.5858356e-20
  13563.0898438   8.4152670e-20
  13644.5498047   8.2463845e-20
  13726.0097656   8.1068405e-20
  13807.4697266   7.9914578e-20
  13888.9296875   7.8682447e-20
  13970.3896484   7.6804967e-20
  14051.8496094   7.5512917e-20
  14133.3095703   7.4576904e-20
  14214.7695312   7.3374843e-20
  14296.2294922   7.2386136e-20
  14377.6894531   7.1315150e-20
  14459.1494141   7.0261258e-20
  14540.6093750   6.9000150e-20
  14622.0703125   6.7435395e-20
  14703.5302734   6.6469190e-20
  14784.9902344   6.5670373e-20
  14825.7197266   6.5261519e-20
  14866.4501953   6.5092639e-20
  14947.9101562   6.3894261e-20
  15029.3701172   6.1483863e-20
  15110.8300781   6.2432969e-20
  15192.2900391   6.1770481e-20
  15273.7500000   6.7052366e-20
  15355.2099609   6.6962610e-20
  15436.6699219   7.0557498e-20
  15518.1298828   7.4154609e-20
  15599.5898438   6.5494093e-20
  15681.0498047   7.4724440e-20
  15762.5097656   7.5276163e-20
  15843.9697266   6.2065261e-20
  15925.4296875   7.4805213e-20
  16006.8896484   7.1483230e-20
  16088.3496094   7.2006279e-20
  16169.8095703   5.7406961e-20
  16251.2695312   7.0926589e-20
  16332.7294922   7.1700810e-20
  16414.1894531   6.9664860e-20
  16495.6503906   7.0173370e-20
  16577.1093750   6.7909738e-20
  16658.5703125   6.3954348e-20
  16740.0292969   5.6839735e-20
  16821.4902344   6.5131245e-20
  16902.9492188   6.5355598e-20
  16984.4101562   6.4905373e-20
  17065.8691406   6.4447205e-20
  17147.3300781   6.3966982e-20
  17228.7890625   6.3069859e-20
  17310.2500000   6.2244604e-20
  17391.7089844   6.0609042e-20
  17473.1699219   6.0372604e-20
  17554.6289062   5.8501644e-20
  17636.0898438   5.4550804e-20
  17717.5488281   5.0223473e-20
  17799.0097656   5.7443273e-20
  17880.4707031   5.6527552e-20
  17961.9296875   5.6476932e-20
  18043.3906250   5.6246485e-20
  18124.8496094   5.5870784e-20
  18206.3105469   5.4412264e-20
  18287.7695312   5.4748571e-20
  18369.2304688   5.5024332e-20
  18450.6894531   5.3668460e-20
  18532.1503906   5.3010674e-20
  18613.6093750   5.3218051e-20
  18695.0703125   5.2127368e-20
  18776.5292969   5.1741902e-20
  18857.9902344   5.0782628e-20
  18939.4492188   5.0023153e-20
  19020.9101562   5.0155586e-20
  19102.3691406   4.9449988e-20
  19183.8300781   4.8227664e-20
  19265.2890625   4.8620885e-20
  19346.7500000   4.8376582e-20
  19428.2089844   4.8150839e-20
  19509.6699219   4.7428430e-20
  19591.1289062   4.6619302e-20
  19672.5898438   4.6117122e-20
  19754.0488281   4.2876122e-20
  19835.5097656   3.8358223e-20
  19916.9707031   4.4509700e-20
  19998.4296875   4.4371513e-20
  20079.8906250   4.3313697e-20
  20161.3496094   4.3672419e-20
  20242.8105469   4.3131465e-20
  20324.2695312   4.2148355e-20
  20405.7304688   4.0616071e-20
  20487.1894531   4.1263336e-20
  20568.6503906   4.0649620e-20
  20650.1093750   4.1044279e-20
  20731.5703125   4.0237364e-20
  20813.0292969   3.9976143e-20
  20894.4902344   3.9163903e-20
  20975.9492188   3.8539072e-20
  21057.4101562   3.7742600e-20
  21138.8691406   3.7580340e-20
  21220.3300781   3.7374760e-20
  21301.7890625   3.7423709e-20
  21383.2500000   3.7429461e-20
  21464.7089844   3.6324506e-20
  21546.1699219   3.6990683e-20
  21627.6289062   3.6887664e-20
  21709.0898438   3.5861650e-20
  21790.5488281   3.6163735e-20
  21872.0097656   3.5907041e-20
  21953.4707031   3.5305316e-20
  22034.9296875   3.4852386e-20
  22116.3906250   3.4613505e-20
  22197.8496094   3.4524994e-20
  22279.3105469   3.3873608e-20
  22360.7695312   3.3610129e-20
  22442.2304688   3.3323662e-20
  22523.6894531   3.3318541e-20
  22605.1503906   3.3247504e-20
  22686.6093750   3.2893700e-20
  22768.0703125   3.2342474e-20
  22849.5292969   3.2312945e-20
  22930.9902344   3.1846470e-20
  23012.4492188   3.1619027e-20
  23093.9101562   3.1237797e-20
  23175.3691406   3.1292999e-20
  23256.8300781   3.0888149e-20
  23338.2890625   3.1359034e-20
  23419.7500000   3.0645468e-20
  23501.2089844   3.0633089e-20
  23582.6699219   3.0048796e-20
  23664.1289062   3.0211292e-20
  23745.5898438   3.0241956e-20
  23827.0488281   2.9720544e-20
  23908.5097656   2.9043371e-20
  23989.9707031   2.8298233e-20
  24071.4296875   2.8790645e-20
  24152.8906250   2.8641452e-20
  24234.3496094   2.8380751e-20
  24315.8105469   2.8474639e-20
  24397.2695312   2.8012843e-20
  24478.7304688   2.7839297e-20
  24560.1894531   2.7954217e-20
  24641.6503906   2.7935686e-20
  24723.1093750   2.7827684e-20
  24804.5703125   2.7295222e-20
  24886.0292969   2.7163558e-20
  24967.4902344   2.6495026e-20
  25048.9492188   2.6294944e-20
  25130.4101562   2.5780714e-20
  25211.8691406   2.5893278e-20
  25293.3300781   2.5579284e-20
  25374.7890625   2.5040310e-20
  25456.2500000   2.4522378e-20
  25537.7089844   2.4970901e-20
  25619.1699219   2.5127337e-20
  25700.6289062   2.4788100e-20
  25782.0898438   2.4921600e-20
  25863.5488281   2.4671670e-20
  25945.0097656   2.4556543e-20
  26026.4687500   2.4667229e-20
  26107.9296875   2.4438626e-20
  26189.3906250   2.4390482e-20
  26270.8496094   2.4251624e-20
  26352.3105469   2.4180260e-20
  26433.7695312   2.3745627e-20
  26515.2304688   2.3877917e-20
  26596.6894531   2.3646657e-20
  26678.1503906   2.2846013e-20
  26759.6093750   2.0802851e-20
  26841.0703125   2.3086470e-20
  26922.5292969   2.3241101e-20
  27003.9902344   2.3030569e-20
  27085.4492188   2.2785291e-20
  27166.9101562   2.2313318e-20
  27248.3691406   2.2343715e-20
  27329.8300781   2.1907043e-20
  27411.2890625   2.1994194e-20
  27492.7500000   2.1694017e-20
  27574.2089844   2.1707549e-20
  27655.6699219   2.1454677e-20
  27737.1289062   2.1502313e-20
  27818.5898438   2.1517713e-20
  27900.0488281   2.1275366e-20
  27981.5097656   2.1370980e-20
  28062.9687500   2.1503541e-20
  28144.4296875   2.1421723e-20
  28225.8906250   2.1208195e-20
  28307.3496094   2.0991912e-20
  28388.8105469   2.1068848e-20
  28470.2695312   2.0916726e-20
  28551.7304688   2.0692595e-20
  28633.1894531   2.0692687e-20
  28714.6503906   2.0502718e-20
  28796.1093750   1.9855645e-20
  28877.5703125   1.9483677e-20
  28959.0292969   1.8865119e-20
  29040.4902344   1.8559248e-20
  29121.9492188   1.8620236e-20
  29203.4101562   1.8683475e-20
  29284.8691406   1.8569848e-20
  29366.3300781   1.8872909e-20
  29447.7890625   1.8961889e-20
  29529.2500000   1.9088139e-20
  29610.7089844   1.9074564e-20
  29692.1699219   1.8899783e-20
  29773.6289062   1.9177968e-20
  29855.0898438   1.9152464e-20
  29936.5488281   1.9192375e-20
  30018.0097656   1.9424212e-20
  30099.4687500   1.9169042e-20
  30180.9296875   1.9105752e-20
  30262.3906250   1.9133715e-20
  30343.8496094   1.9100636e-20
  30425.3105469   1.9039245e-20
  30506.7695312   1.8926114e-20
  30588.2304688   1.9005494e-20
  30669.6894531   1.9084871e-20
  30751.1503906   1.9077245e-20
  30832.6093750   1.8932932e-20
  30914.0703125   1.8694229e-20
  30995.5292969   1.8521060e-20
  31076.9902344   1.8366591e-20
  31158.4492188   1.8176491e-20
  31239.9101562   1.7754622e-20
  31321.3691406   1.7892233e-20
  31402.8300781   1.7663547e-20
  31484.2890625   1.7604845e-20
  31565.7500000   1.7515230e-20
  31647.2089844   1.7522616e-20
  31728.6699219   1.7591472e-20
  31810.1289062   1.7551343e-20
  31891.5898438   1.7496854e-20
  31973.0488281   1.7257222e-20
  32054.5097656   1.7228521e-20
  32135.9687500   1.6791151e-20
  32217.4296875   1.6552895e-20
  32298.8886719   1.6604518e-20
  32380.3496094   1.6458658e-20
  32461.8105469   1.6729246e-20
  32543.2695312   1.6668962e-20
  32624.7304688   1.6770589e-20
  32706.1894531   1.6724472e-20
  32787.6484375   1.6618598e-20
  32869.1093750   1.6481588e-20
  32950.5703125   1.6224905e-20
  33032.0312500   1.6125665e-20
  33113.4882812   1.6284443e-20
  33194.9492188   1.6252076e-20
  33276.4101562   1.6267431e-20
  33357.8710938   1.6076801e-20
  33439.3281250   1.5965069e-20
  33520.7890625   1.6032873e-20
  33602.2500000   1.6026466e-20
  33683.7109375   1.6051122e-20
  33765.1679688   1.5914944e-20
  33846.6289062   1.5524006e-20
  33928.0898438   1.5514737e-20
  34009.5507812   1.5459710e-20
  34091.0078125   1.5484036e-20
  34172.4687500   1.5289287e-20
  34253.9296875   1.5513238e-20
  34335.3906250   1.5277339e-20
  34416.8515625   1.5154446e-20
  34498.3085938   1.5055471e-20
  34579.7695312   1.5298891e-20
  34661.2304688   1.4603833e-20
  34742.6914062   1.5228637e-20
  34824.1484375   1.4165744e-20
  34905.6093750   1.5503702e-20
  34987.0703125   1.4993445e-20
  35068.5312500   1.4992983e-20
  35149.9882812   1.5553965e-20
  35231.4492188   1.5309242e-20
  35312.9101562   1.3950152e-20
  35394.3710938   1.5126718e-20
  35475.8281250   1.5458285e-20
  35557.2890625   1.5307494e-20
  35638.7500000   1.4452996e-20
  35720.2109375   1.5170562e-20
  35801.6679688   1.5369064e-20
  35883.1289062   1.5154713e-20
  35964.5898438   1.5161303e-20
  36046.0507812   1.4910115e-20
  36127.5078125   1.4174582e-20
  36208.9687500   1.5017828e-20
  36290.4296875   1.5189829e-20
  36371.8906250   1.4945452e-20
  36453.3476562   1.4937184e-20
  36534.8085938   1.4901998e-20
  36616.2695312   1.4744906e-20
  36697.7304688   1.3880055e-20
  36779.1914062   1.4393579e-20
  36860.6484375   1.4931870e-20
  36942.1093750   1.4735261e-20
  37023.5703125   1.4369893e-20
  37105.0312500   1.4395348e-20
  37186.4882812   1.4545520e-20
  37267.9492188   1.4421800e-20
  37349.4101562   1.4226907e-20
  37430.8710938   1.4129830e-20
  37512.3281250   1.3589203e-20
  37593.7890625   1.2898592e-20
  37675.2500000   1.3430902e-20
  37756.7109375   1.3669231e-20
  37838.1679688   1.3711501e-20
  37919.6289062   1.3761088e-20
  38001.0898438   1.3678058e-20
  38082.5507812   1.3653931e-20
  38164.0078125   1.3492151e-20
  38245.4687500   1.3546597e-20
  38326.9296875   1.3266517e-20
  38408.3906250   1.3480778e-20
  38489.8476562   1.3276717e-20
  38571.3085938   1.3380327e-20
  38652.7695312   1.3360773e-20
  38734.2304688   1.3178541e-20
  38815.6914062   1.3070120e-20
  38897.1484375   1.2342632e-20
  38978.6093750   1.2939387e-20
  39060.0703125   1.3198407e-20
  39141.5312500   1.3057613e-20
  39222.9882812   1.3045175e-20
  39304.4492188   1.2943763e-20
  39385.9101562   1.2869451e-20
  39467.3710938   1.2963162e-20
  39548.8281250   1.2893721e-20
  39630.2890625   1.2846468e-20
  39711.7500000   1.2757073e-20
  39793.2109375   1.2759201e-20
  39874.6679688   1.2607746e-20
  39956.1289062   1.2785735e-20
  40037.5898438   1.2688679e-20
  40119.0507812   1.2732836e-20
  40200.5078125   1.2650564e-20
  40281.9687500   1.2597949e-20
  40363.4296875   1.2535362e-20
  40444.8906250   1.2552165e-20
  40526.3476562   1.2521772e-20
  40607.8085938   1.2503801e-20
  40689.2695312   1.2426120e-20
  40831.8242188   1.2173751e-20
  41035.4726562   1.1924150e-20
  41239.1250000   1.2127591e-20
  41442.7734375   1.2007128e-20
  41646.4257812   1.1961339e-20
  41850.0742188   1.1910019e-20
  42053.7226562   1.1718511e-20
  42257.3750000   1.1604201e-20
  42461.0234375   1.1564517e-20
  42664.6757812   1.1429802e-20
  42868.3242188   1.1369774e-20
  43071.9726562   1.1231702e-20
  43275.6250000   1.1145758e-20
  43479.2734375   1.0941378e-20
  43682.9257812   1.0890752e-20
  43886.5742188   1.0781201e-20
  44090.2226562   1.0550695e-20
  44293.8750000   1.0365282e-20
  44497.5234375   9.9642265e-21
  44701.1757812   9.8839004e-21
  44904.8242188   9.7958282e-21
  45108.4726562   9.6923951e-21
  45312.1250000   9.6391623e-21
  45515.7734375   9.5807920e-21
  45719.4257812   9.5299309e-21
  45923.0742188   9.4382956e-21
  46126.7226562   9.3923135e-21
  46330.3750000   9.3462273e-21
  46534.0234375   9.2815982e-21
  46737.6757812   9.3169658e-21
  46941.3242188   9.2777264e-21
  47144.9726562   9.1854497e-21
  47348.6250000   9.0795641e-21
  47552.2734375   9.0425955e-21
  47755.9257812   9.0695612e-21
  47959.5742188   8.9608007e-21
  48163.2226562   8.8928976e-21
  48366.8750000   8.7633251e-21
  48570.5234375   8.8363682e-21
  48774.1757812   8.6034635e-21
  48977.8242188   8.6787564e-21
  49181.4726562   8.5846670e-21
  49385.1250000   8.5413063e-21
  49588.7734375   8.5236180e-21
  49792.4257812   8.4498576e-21
  49996.0742188   8.3856784e-21
  50199.7226562   8.3084751e-21
  50403.3750000   8.2673802e-21
  50607.0234375   8.1900073e-21
  50810.6757812   8.1435956e-21
  51014.3242188   8.0504982e-21
  51217.9726562   8.0116998e-21
  51421.6250000   7.9595834e-21
  51625.2734375   7.8788945e-21
  51828.9257812   7.8525718e-21
  52032.5742188   7.8054314e-21
  52236.2226562   7.4907457e-21
  52439.8750000   7.6590398e-21
  52643.5234375   7.5750406e-21
  52847.1757812   7.6004675e-21
  53050.8242188   7.5084986e-21
  53254.4726562   7.5130836e-21
  53458.1250000   7.4053070e-21
  53661.7734375   7.3730493e-21
  53865.4257812   7.3485772e-21
  54069.0742188   7.2480934e-21
  54272.7226562   7.2627185e-21
  54476.3750000   7.1855912e-21
  54680.0234375   7.1923467e-21
  54883.6757812   7.1360274e-21
  55087.3242188   7.0979884e-21
  55290.9726562   6.9996387e-21
  55494.6250000   6.9667001e-21
  55698.2734375   6.9547165e-21
  55901.9257812   6.9348609e-21
  56105.5742188   6.8939567e-21
  56309.2226562   6.8685411e-21
  56512.8750000   6.7931513e-21
  56716.5234375   6.6969080e-21
  56920.1757812   6.6765859e-21
  57123.8242188   6.5641245e-21
  57327.4726562   6.5200500e-21
  57531.1250000   6.3863121e-21
  57734.7734375   6.3499820e-21
  57938.4257812   6.2685459e-21
  58142.0742188   6.2004776e-21
  58345.7226562   6.2563890e-21
  58549.3750000   6.2593024e-21
  58753.0234375   6.1221685e-21
  58956.6757812   6.1913621e-21
  59160.3242188   6.1228406e-21
  59343.6093750   6.1360585e-21
  59547.2578125   6.0672167e-21
  59771.2734375   6.0466535e-21
  59974.9257812   5.9697633e-21
  60178.5742188   5.9831496e-21
  60382.2226562   5.9780016e-21
  60585.8750000   5.9487211e-21
  60789.5234375   6.0231714e-21
  60993.1757812   5.9699996e-21
  61196.8242188   5.9541838e-21
  61400.4726562   5.9089082e-21
  61604.1250000   5.9513339e-21
  61807.7734375   5.9592325e-21
  62011.4257812   5.9511509e-21
  62215.0742188   5.9430544e-21
  62418.7226562   5.9056657e-21
  62622.3750000   5.9428456e-21
  62826.0234375   5.9185439e-21
  63029.6757812   5.9235369e-21
  63233.3242188   5.8647243e-21
  63436.9726562   5.6056592e-21
  63640.6250000   5.6583940e-21
  63844.2734375   5.6608541e-21
  64047.9257812   5.7434700e-21
  64251.5742188   5.4033150e-21
  64455.2226562   5.3414271e-21
  64658.8750000   5.3487045e-21
  64862.5234375   5.5250018e-21
  65066.1757812   5.3368546e-21
  65371.6484375   5.3910366e-21
  65778.9531250   5.4619366e-21
  66186.2500000   5.3079396e-21
  66593.5468750   5.4379536e-21
  67000.8515625   5.2003662e-21
  67408.1484375   5.3009276e-21
  67815.4531250   5.1809210e-21
  68222.7500000   5.1469480e-21
  68630.0468750   5.0293446e-21
  69037.3515625   5.0406880e-21
  69444.6484375   4.9525622e-21
  69851.9453125   4.8936445e-21
  70259.2500000   4.8052602e-21
  70666.5468750   4.6812566e-21
  71073.8515625   4.6599236e-21
  71481.1484375   4.5952553e-21
  71888.4453125   4.5277641e-21
  72295.7500000   4.4466326e-21
  72703.0468750   4.4088105e-21
  73110.3515625   4.3299056e-21
  73517.6484375   4.2430662e-21
  73924.9453125   4.1666885e-21
  74332.2500000   4.1092439e-21
  74739.5468750   4.0438792e-21
  75146.8515625   3.9644998e-21
  75554.1484375   3.9177495e-21
  75961.4453125   3.8218652e-21
  76368.7500000   3.7394957e-21
  76776.0468750   3.7198070e-21
  77183.3515625   3.6042759e-21
  77590.6484375   3.6172790e-21
  77997.9453125   3.5482676e-21
  78405.2500000   3.4980891e-21
  78812.5468750   3.4152648e-21
  79219.8515625   3.3293676e-21
  79627.1484375   3.3200810e-21
  80034.4453125   3.2559818e-21
  80441.7500000   3.1892938e-21
  80849.0468750   3.1442470e-21
  81256.3515625   3.0991689e-21
  81663.6484375   3.0705150e-21
  82070.9453125   3.0251255e-21
  82478.2500000   2.9496754e-21
  82885.5468750   2.9044008e-21
  83292.8515625   2.8838479e-21
  83700.1484375   2.8300222e-21
  84107.4453125   2.7791166e-21
  84514.7500000   2.7428368e-21
  84922.0468750   2.6979867e-21
  85329.3515625   2.6513534e-21
  85736.6484375   2.6295868e-21
  86143.9453125   2.5807563e-21
  86551.2500000   2.5409991e-21
  86958.5468750   2.5182355e-21
  87365.8515625   2.4775802e-21
  87773.1484375   2.4379987e-21
  88180.4453125   2.3835484e-21
  88587.7500000   2.3580078e-21
  88995.0468750   2.3299456e-21
  89402.3515625   2.3013077e-21
  89809.6484375   2.2524217e-21
  90216.9453125   2.2396474e-21
  90624.2500000   2.1909642e-21
  91031.5468750   2.1633316e-21
  91438.8515625   2.1341343e-21
  91846.1484375   2.1067276e-21
  92253.4453125   2.0681874e-21
  92660.7500000   2.0546347e-21
  93068.0468750   2.0150552e-21
  93475.3515625   1.7024686e-21
  93882.6484375   1.8181200e-21
  94289.9453125   1.8059679e-21
  94697.2500000   1.5469286e-21
  95104.5468750   1.6740786e-21
  95511.8515625   1.5766898e-21
  95919.1484375   1.4183298e-21
  96326.4453125   1.5455772e-21
  96733.7500000   1.4563866e-21
  97141.0468750   1.3483206e-21
  97548.3515625   1.4486040e-21
  97955.6484375   1.4050806e-21
  98362.9453125   1.3064611e-21
  98770.2500000   1.3804672e-21
  99177.5468750   1.3337850e-21
  99584.8515625   1.2907036e-21
  99992.1484375   1.3009645e-21
 100399.4453125   1.3048842e-21
 100806.7500000   1.2765872e-21
 101214.0468750   1.1568835e-21
 101621.3515625   1.1536516e-21
 102028.6484375   1.1858504e-21
 102435.9453125   1.1490299e-21
 102843.2500000   1.1879094e-21
 103250.5468750   1.1985317e-21
 103657.8515625   1.2018577e-21
 104065.1484375   1.2037805e-21
 104472.4453125   1.2087126e-21
 104879.7500000   1.2165520e-21
 105287.0468750   1.1804827e-21
 105694.3515625   1.1809079e-21
 106101.6484375   1.1831037e-21
 106508.9453125   1.1571274e-21
 106916.2500000   1.1392966e-21
 107323.5468750   1.1433718e-21
 107730.8515625   1.1337064e-21
 108138.1484375   1.1152857e-21
 108545.4453125   1.0973284e-21
 108952.7500000   1.1028893e-21
 109360.0468750   1.0929036e-21
 109767.3515625   1.0656687e-21
 110174.6484375   1.0683116e-21
 110581.9453125   1.0560384e-21
 110989.2500000   1.0502661e-21
 111396.5468750   1.0234554e-21
 111803.8515625   1.0236126e-21
 112211.1484375   1.0135698e-21
 112618.4453125   1.0001098e-21
 113025.7500000   9.8089585e-22
 113433.0468750   9.7961732e-22
 113840.3515625   9.7379212e-22
 114247.6484375   9.6192866e-22
 114654.9453125   9.4472952e-22
 115062.2500000   9.3973473e-22
 115469.5468750   9.3416722e-22
 115876.8515625   9.2227195e-22
 116284.1484375   9.1038820e-22
 116691.4453125   9.0043133e-22
 117098.7500000   8.8791205e-22
 117506.0468750   8.8165589e-22
 117913.3515625   8.7169559e-22
 118320.6484375   8.6145408e-22
 118727.9453125   8.5348934e-22
 119135.2500000   8.3898046e-22
 119542.5468750   8.3499571e-22
 119949.8515625   8.2190860e-22
 120357.1484375   8.1251966e-22
 120764.4453125   8.0569351e-22
 121171.7500000   7.9602129e-22
 121579.0468750   7.8492609e-22
 121986.3515625   7.7581999e-22
 122393.6484375   7.6614959e-22
 122800.9453125   7.5903596e-22
 123208.2500000   7.4879500e-22
 123615.5468750   7.3599147e-22
 124022.8515625   7.3115567e-22
 124430.1484375   7.2290501e-22
 124837.4453125   7.1465335e-22
 125244.7500000   7.0754235e-22
 125652.0468750   6.9730058e-22
 126059.3515625   6.8961973e-22
 126466.6484375   6.8392817e-22
 126873.9453125   6.7311711e-22
 127281.2500000   6.6685853e-22
 127688.5468750   6.5946384e-22
 128095.8515625   6.5206515e-22
 128503.1484375   6.4409854e-22
 128910.4453125   6.3556461e-22
 129317.7500000   6.3015870e-22
 129725.0468750   6.2247886e-22
 130132.3515625   6.1564921e-22
 130743.2968750   6.0455387e-22
 131557.9062500   5.9089862e-22
 132372.5000000   5.7781312e-22
 133187.0937500   5.6443949e-22
 134001.7031250   5.5021677e-22
 134816.2968750   5.3940446e-22
 135630.9062500   5.2745699e-22
 136445.5000000   5.1721457e-22
 137260.0937500   5.0554983e-22
 138074.7031250   4.9445428e-22
 138889.2968750   4.8336014e-22
 139703.8906250   4.7396985e-22
 140518.5000000   4.6458238e-22
 141333.0937500   4.5462551e-22
 142147.7031250   4.4552138e-22
 142962.2968750   4.3698704e-22
 143776.8906250   4.2731371e-22
 144591.5000000   4.1906376e-22
 145406.0937500   4.1052751e-22
 146220.7031250   4.0227819e-22
 147035.2968750   3.9488085e-22
 147849.8906250   3.8719924e-22
 148664.5000000   3.7838033e-22
 149479.0937500   3.7126745e-22
 150293.7031250   3.6216347e-22
 151108.2968750   3.5476756e-22
 151922.8906250   3.4907686e-22
 152737.5000000   3.3997310e-22
 153552.0937500   3.3599060e-22
 154366.7031250   3.2944735e-22
 155181.2968750   3.2347162e-22
 155995.8906250   3.1806632e-22
 156810.5000000   3.1266208e-22
 157625.0937500   3.0583352e-22
 158439.7031250   3.0042858e-22
 159254.2968750   2.9502325e-22
 160068.8906250   2.9018636e-22
 160883.5000000   2.8370036e-22
 161698.0937500   2.7872084e-22
 162512.7031250   2.7254735e-22
 163327.2968750   2.6822263e-22
 164141.8906250   2.6375677e-22
 164956.5000000   2.5826612e-22
 165771.0937500   2.5433994e-22
 166585.7031250   2.4990101e-22
 167400.2968750   2.4571970e-22
 168214.8906250   2.4162322e-22
 169029.5000000   2.3709882e-22
 169844.0937500   2.3243346e-22
 170658.7031250   2.2873523e-22
 171473.2968750   2.2452413e-22
 172287.8906250   2.2150846e-22
 173102.5000000   2.1718419e-22
 173917.0937500   2.1385628e-22
 174731.7031250   2.0406956e-22
 175546.2968750   1.9561959e-22
 176360.8906250   1.9564796e-22
 177175.5000000   1.8731211e-22
 177990.0937500   1.8276069e-22
 178804.7031250   1.7880608e-22
 179619.2968750   1.7106754e-22
 180433.8906250   1.6973024e-22
 181248.5000000   1.6588993e-22
 182063.0937500   1.6022808e-22
 182877.7031250   1.6054152e-22
 183692.2968750   1.5635948e-22
 184506.8906250   1.5209187e-22
 185321.5000000   1.5163635e-22
 186136.0937500   1.4904747e-22
 186950.7031250   1.4435361e-22
 187765.2968750   1.4472306e-22
 188579.8906250   1.4142310e-22
 189394.5000000   1.3928970e-22
 190209.0937500   1.3800913e-22
 191023.7031250   1.3570475e-22
 191838.2968750   1.3317246e-22
 192652.8906250   1.3294514e-22
 193467.5000000   1.3024222e-22
 194282.0937500   1.2847878e-22
 195096.7031250   1.2657233e-22
 195911.2968750   1.2395488e-22
 196725.8906250   1.2398374e-22
 197540.5000000   1.2162208e-22
 198355.0937500   1.1931799e-22
 199169.7031250   1.1800887e-22
 199984.2968750   1.1604608e-22
 200798.8906250   1.1453821e-22
 201613.5000000   1.1257530e-22
 202428.0937500   1.1192063e-22
 203242.7031250   1.0987269e-22
 204057.2968750   1.0884823e-22
 204871.8906250   1.0734051e-22
 205686.5000000   1.0512121e-22
 206501.0937500   1.0409716e-22
 207315.7031250   1.0270305e-22
 208130.2968750   1.0105295e-22
 208944.8906250   9.9573583e-23
 209759.5000000   9.8265077e-23
 210574.0937500   9.7809967e-23
 211388.7031250   9.6131202e-23
 212203.2968750   9.4794222e-23
 213017.8906250   9.3456938e-23
 213832.5000000   9.2574973e-23
 214647.0937500   9.2148243e-23
 215461.7031250   9.0014665e-23
 216276.2968750   8.8620571e-23
 217090.8906250   8.7937821e-23
 217905.5000000   8.6799760e-23
 218720.0937500   8.5690350e-23
 219534.7031250   8.4751297e-23
 220349.2968750   8.3698944e-23
 221163.8906250   8.2304641e-23
 221978.5000000   8.1792601e-23
 222793.0937500   8.0285012e-23
 223607.7031250   7.9659130e-23
 224422.2968750   7.8265080e-23
 225236.8906250   7.8378588e-23
 226051.5000000   7.6529542e-23
 226866.0937500   7.6131287e-23
 227680.7031250   7.4879504e-23
 228495.2968750   7.4424110e-23
 229309.8906250   7.2973452e-23
 230124.5000000   7.2546533e-23
 230939.0937500   7.1579358e-23
 231753.7031250   7.0270518e-23
 232568.2968750   6.9929092e-23
 233382.8906250   6.9132703e-23
 234197.5000000   6.8193668e-23
 235012.0937500   6.7368791e-23
 235826.7031250   6.6771427e-23
 236641.2968750   6.5861000e-23
 237455.8906250   6.5121231e-23
 238270.5000000   6.4353026e-23
 239085.0937500   6.3328819e-23
 239899.7031250   6.2674450e-23
 240714.2968750   6.1820965e-23
 241528.8906250   6.1337413e-23
 242343.5000000   6.0426985e-23
 243158.0937500   5.9971711e-23
 243972.7031250   5.9260607e-23
 244787.2968750   5.8577737e-23
 245601.8906250   5.7866639e-23
 246416.5000000   5.7041541e-23
 247231.0937500   5.6415697e-23
 248045.7031250   5.5704422e-23
 248860.2968750   5.5021679e-23
 249674.8906250   5.4509613e-23
 250489.5000000   5.3940441e-23
 251304.0937500   5.3456749e-23
 252118.7031250   5.2745695e-23
 252933.2968750   5.2261928e-23
 253747.8906250   5.1522169e-23
 254562.5000000   5.0810960e-23
 255377.0937500   5.0270477e-23
 256191.7031250   4.9729848e-23
 257006.2968750   4.9132412e-23
 257820.8906250   4.8734192e-23
 258635.5000000   4.8108348e-23
 259450.0937500   4.7710046e-23
 260264.7031250   4.7027283e-23
 261486.5937500   4.6287572e-23
 263115.8125000   4.5206507e-23
 264745.0000000   4.4210646e-23
 266374.1875000   4.3214892e-23
 268003.4062500   4.2333126e-23
 269632.5937500   4.1365673e-23
 271261.8125000   4.0483752e-23
 272891.0000000   3.9601840e-23
 274520.1875000   3.8691535e-23
 276149.4062500   3.7894906e-23
 277778.5937500   3.7041402e-23
 279407.7812500   3.6301700e-23
 281037.0000000   3.5476757e-23
 282666.1875000   3.4737010e-23
 284295.4062500   3.3997308e-23
 285924.5937500   3.3286074e-23
 287553.7812500   3.2603315e-23
 289183.0000000   3.1892097e-23
 290812.1875000   3.1237658e-23
 292441.4062500   3.0583352e-23
 294070.5937500   2.9957479e-23
 295699.7812500   2.9331530e-23
 297329.0000000   2.8734180e-23
 298958.1875000   2.8150849e-23
 300587.4062500   2.7584812e-23
 302216.5937500   2.6998714e-23
 303845.7812500   2.6418340e-23
 305475.0000000   2.5889183e-23
 307104.1875000   2.5408317e-23
 308733.4062500   2.4921927e-23
 310362.5937500   2.4429717e-23
 311991.7812500   2.3948913e-23
 313621.0000000   2.3473754e-23
 315250.1875000   2.3018638e-23
 316879.4062500   2.2571947e-23
 318508.5937500   2.2133828e-23
 320137.7812500   2.1709933e-23
 321767.0000000   2.1291725e-23
 323396.1875000   2.0882029e-23
 325025.4062500   2.0489395e-23
 326654.5937500   2.0091169e-23
 328283.7812500   1.9712713e-23
 329913.0000000   1.9348606e-23
 331542.1875000   1.8981554e-23
 333171.4062500   1.8634471e-23
 334800.5937500   1.8293093e-23
 336429.7812500   1.7951738e-23
 338059.0000000   1.7624571e-23
 339688.1875000   1.7294553e-23
 341317.4062500   1.6981597e-23
 342946.5937500   1.6680021e-23
 344575.7812500   1.6378474e-23
 346205.0000000   1.6085418e-23
 347834.1875000   1.5798090e-23
 349463.4062500   1.5516440e-23
 351092.5937500   1.5243292e-23
 352721.7812500   1.4975873e-23
 354351.0000000   1.4714179e-23
 355980.1875000   1.4455281e-23
 357609.4062500   1.4204868e-23
 359238.5937500   1.3954563e-23
 360867.7812500   1.3712704e-23
 362497.0000000   1.3476575e-23
 364126.1875000   1.3251844e-23
 365755.4062500   1.3018560e-23
 367384.5937500   1.2805178e-23
 369013.7812500   1.2591808e-23
 370643.0000000   1.2369874e-23
 372272.1875000   1.2167924e-23
 373901.4062500   1.1968748e-23
 375530.5937500   1.1772469e-23
 377159.7812500   1.1576154e-23
 378789.0000000   1.1385563e-23
 380418.1875000   1.1197765e-23
 382047.4062500   1.1015678e-23
 383676.5937500   1.0836457e-23
 385305.7812500   1.0660057e-23
 386935.0000000   1.0486530e-23
 388564.1875000   1.0318681e-23
 390193.4062500   1.0156508e-23
 391822.5937500   9.9915268e-24
 393451.7812500   9.8350571e-24
 395081.0000000   9.6785707e-24
 396710.1875000   9.5192634e-24
 398339.4062500   9.3741406e-24
 399968.5937500   9.2290399e-24
 401597.7812500   9.0868249e-24
 403227.0000000   8.9473905e-24
 404856.1875000   8.8080067e-24
 406485.4062500   8.6714407e-24
 408114.5937500   8.5377430e-24
 814600.0000000   5.7468256e-25
1629200.0000000   3.6927540e-26
2443800.0000000   7.3399979e-27
3258400.0000000   2.3251924e-27
4073000.0000000   9.5221077e-28
4887600.0000000   4.5889224e-28
5702200.0000000   2.4734162e-28
6516800.0000000   1.4483687e-28
