    237.2369843   4.9339179e-23
    245.0579834   5.6074373e-23
    250.2719879   5.9745687e-23
    255.4859924   3.1801076e-22
    260.6999817   8.7347072e-22
    265.9140015   9.4716482e-22
    271.1279907   8.9988264e-22
    276.3419800   9.1467718e-22
    281.5559998   9.3316353e-22
    286.7699890   1.0647013e-21
    297.1979980   1.1043202e-21
    307.6259766   1.0726237e-21
    315.4469910   1.3573528e-21
    325.8749695   1.4091236e-21
    331.0889893   1.4392328e-21
    333.6959839   1.4616872e-21
    341.5169983   1.4099158e-21
    344.1239929   1.4587821e-21
    349.3379822   1.3938040e-21
    357.1589966   1.5491125e-21
    364.9799805   1.5530704e-21
    372.8009949   1.9629965e-21
    383.2289734   2.4468826e-21
    393.6569824   2.1922657e-21
    404.0849915   2.4722346e-21
    414.5129700   2.4822767e-21
    422.3339844   2.4864993e-21
    432.7619934   2.5023512e-21
    443.1899719   2.5010327e-21
    451.0109863   2.0602026e-21
    461.4389648   2.5205726e-21
    469.2599792   2.5242727e-21
    474.4739685   2.5242727e-21
    484.9019775   2.5290219e-21
    497.9369812   2.5319336e-21
    505.7579651   2.5477843e-21
    516.1859741   2.5414367e-21
    526.6139526   2.5506841e-21
    534.4349976   2.5483102e-21
    547.4699707   2.4703896e-21
    563.1119995   2.5469901e-21
    573.5399780   2.5564936e-21
    581.3609619   2.5261246e-21
    591.7890015   2.5631037e-21
    599.6099854   3.2144398e-21
    610.0379639   4.8097830e-21
    625.6799927   5.2482328e-21
    641.3219604   4.8969383e-21
    656.9639893   5.0554141e-21
    669.9989624   4.6486448e-21
    677.8199463   4.8863687e-21
    688.2479858   6.1145696e-21
    701.2829590   6.2677531e-21
    714.3179932   6.3549261e-21
    727.3529663   5.4964972e-21
    740.3879395   6.4922825e-21
    756.0299683   6.7167672e-21
    771.6719360   6.1832429e-21
    784.7069702   5.6523388e-21
    802.9559326   6.0670358e-21
    829.0259399   5.9534572e-21
    855.0959473   6.1224969e-21
    881.1659546   5.7632852e-21
    907.2359619   5.4251965e-21
    930.6989746   7.0773565e-21
    954.1619263   1.0456692e-20
    977.6249390   1.0040937e-20
   1003.6949463   7.7808300e-21
   1029.7648926   1.1250521e-20
   1055.8349609   1.3595542e-20
   1079.2979736   1.3227551e-20
   1100.1539307   1.1789243e-20
   1121.0098877   1.1063737e-20
   1149.6868896   1.2627873e-20
   1175.7569580   1.2625267e-20
   1199.2199707   1.0917724e-20
   1225.2899170   1.0889136e-20
   1251.3599854   1.2043951e-20
   1277.4299316   1.0029214e-20
   1303.4998779   1.2213928e-20
   1319.1419678   1.0432976e-20
   1334.7839355   1.6307289e-20
   1355.6398926   1.5350461e-20
   1381.7099609   1.4004061e-20
   1407.7799072   1.1394128e-20
   1433.8499756   1.0949849e-20
   1459.9199219   1.4285210e-20
   1485.9898682   1.5886259e-20
   1512.0599365   1.5430692e-20
   1538.1298828   1.5631843e-20
   1564.1999512   1.3056020e-20
   1590.2698975   1.2643855e-20
   1616.3399658   1.6039790e-20
   1642.4099121   1.5093618e-20
   1668.4799805   1.6675276e-20
   1694.5499268   1.6079994e-20
   1715.4058838   1.4789671e-20
   1733.6549072   1.6784532e-20
   1759.7249756   1.7778126e-20
   1785.7949219   1.5333075e-20
   1811.8648682   1.8007900e-20
   1837.9349365   1.4686367e-20
   1866.6119385   1.9123652e-20
   1892.6818848   1.9631261e-20
   1916.1448975   2.0015711e-20
   1942.2149658   1.9696636e-20
   1968.2849121   1.9967334e-20
   1994.3548584   1.8317147e-20
   2020.4249268   2.0955915e-20
   2046.4948730   1.9705374e-20
   2072.5649414   2.1828408e-20
   2098.6350098   2.3548638e-20
   2124.7048340   2.5535085e-20
   2150.7749023   2.8059411e-20
   2176.8449707   2.4141765e-20
   2202.9147949   3.2325039e-20
   2228.9848633   3.4546717e-20
   2255.0549316   3.9006361e-20
   2281.1250000   4.2778544e-20
   2307.1948242   4.6864658e-20
   2333.2648926   5.1502310e-20
   2359.3349609   5.5449406e-20
   2385.4047852   5.8526880e-20
   2411.4748535   1.4837619e-19
   2437.5449219   2.4680363e-19
   2463.6149902   3.4365883e-19
   2489.6848145   4.2016807e-19
   2515.7548828   4.6714234e-19
   2541.8249512   1.9861245e-19
   2567.8947754   4.0630556e-19
   2593.9648438   4.0683591e-19
   2620.0349121   5.2575527e-19
   2646.1049805   5.5637238e-19
   2672.1748047   4.0219558e-19
   2698.2448730   5.4416857e-19
   2724.3149414   7.6455368e-19
   2750.3847656   7.5443375e-19
   2776.4548340   6.5105561e-19
   2802.5249023   7.3141326e-19
   2828.5949707   6.5261298e-19
   2854.6647949   7.7976951e-19
   2880.7348633   7.5965698e-19
   2906.8049316   7.5528574e-19
   2932.8747559   6.7864482e-19
   2958.9448242   8.2240763e-19
   2985.0148926   7.9254067e-19
   3011.0849609   8.1304880e-19
   3037.1547852   8.1788362e-19
   3063.2248535   5.6994016e-19
   3089.2949219   8.0454864e-19
   3115.3647461   6.8968401e-19
   3141.4348145   5.9510522e-19
   3167.5048828   4.8932407e-19
   3193.5749512   7.6792563e-19
   3219.6447754   9.4812207e-19
   3245.7148438   9.9473142e-19
   3271.7849121   9.7790305e-19
   3297.8547363   9.4120601e-19
   3323.9248047   1.1181511e-18
   3349.9948730   1.1601205e-18
   3376.0649414   1.0041378e-18
   3402.1347656   1.0151879e-18
   3428.2048340   1.1802972e-18
   3454.2749023   1.1453381e-18
   3480.3447266   1.0803204e-18
   3506.4147949   1.1990329e-18
   3532.4848633   1.1815835e-18
   3558.5549316   1.1054023e-18
   3584.6247559   1.1235758e-18
   3610.6948242   1.1260754e-18
   3636.7648926   8.8773354e-19
   3662.8347168   8.8242770e-19
   3688.9047852   1.0844037e-18
   3714.9748535   1.0751045e-18
   3741.0449219   1.1156004e-18
   3759.2937012   1.1478205e-18
   3772.3288574   1.1584913e-18
   3793.1848145   1.1304161e-18
   3819.2548828   1.0765077e-18
   3845.3247070   1.0959279e-18
   3871.3947754   1.1205993e-18
   3897.4648438   1.1290170e-18
   3923.5349121   1.0783295e-18
   3941.7836914   9.9209623e-19
   3954.8188477   1.0362242e-18
   3975.6748047   1.0214895e-18
   4001.7448730   8.8902498e-19
   4027.8146973   8.4751375e-19
   4053.8847656   8.3258707e-19
   4079.9548340   9.0602933e-19
   4106.0249023   9.6161266e-19
   4132.0947266   9.8969844e-19
   4158.1650391   1.0014116e-18
   4184.2348633   9.8167686e-19
   4210.3046875   9.7424216e-19
   4236.3750000   9.5280981e-19
   4262.4448242   1.0051968e-18
   4288.5146484   1.0157230e-18
   4314.5849609   9.8549119e-19
   4340.6547852   1.0361424e-18
   4358.9038086   9.4961399e-19
   4371.9389648   1.0716773e-18
   4392.7949219   1.0788695e-18
   4418.8647461   1.0286113e-18
   4444.9345703   1.0013678e-18
   4471.0048828   9.5157617e-19
   4497.0747070   9.3903022e-19
   4523.1450195   9.9076385e-19
   4549.2148438   9.7366044e-19
   4575.2846680   1.0070260e-18
   4601.3549805   9.6023272e-19
   4627.4248047   9.5615503e-19
   4653.4946289   9.7998393e-19
   4679.5649414   1.0174688e-18
   4705.6347656   1.0200101e-18
   4731.7045898   9.5024803e-19
   4757.7749023   9.6900207e-19
   4783.8447266   9.4561871e-19
   4809.9145508   8.8218347e-19
   4835.9848633   8.8528074e-19
   4862.0546875   9.0074861e-19
   4888.1250000   9.4447317e-19
   4914.1948242   8.7243173e-19
   4940.2646484   8.3725485e-19
   4966.3349609   8.8440249e-19
   4992.4047852   8.4738352e-19
   5018.4746094   8.1860952e-19
   5044.5449219   8.5586248e-19
   5070.6147461   8.7816337e-19
   5096.6845703   8.1305950e-19
   5127.9687500   8.7794738e-19
   5151.4316406   9.0148480e-19
   5172.2875977   8.5642264e-19
   5200.9648438   8.3599091e-19
   5227.0346680   8.6084604e-19
   5253.1049805   8.4131687e-19
   5279.1748047   8.6982632e-19
   5305.2446289   8.2028301e-19
   5331.3149414   8.3949356e-19
   5357.3847656   7.6277281e-19
   5383.4545898   7.8896714e-19
   5406.9179688   8.6099726e-19
   5417.3457031   8.1165381e-19
   5435.5947266   8.3800163e-19
   5461.6645508   7.9762834e-19
   5487.7348633   8.0879999e-19
   5513.8046875   8.1677447e-19
   5539.8745117   8.2203927e-19
   5565.9448242   7.8725721e-19
   5592.0146484   7.8477866e-19
   5618.0849609   8.1001925e-19
   5644.1547852   7.9031266e-19
   5670.2246094   7.8789367e-19
   5696.2949219   7.7050664e-19
   5722.3647461   7.9688605e-19
   5748.4345703   7.8370400e-19
   5774.5048828   7.5852018e-19
   5800.5747070   7.4289959e-19
   5826.6445312   7.6730535e-19
   5852.7148438   7.5020784e-19
   5878.7846680   7.2942441e-19
   5904.8544922   7.4447387e-19
   5930.9248047   7.5455969e-19
   5956.9946289   7.6234077e-19
   5983.0649414   7.2202047e-19
   6009.1347656   7.3135546e-19
   6035.2045898   7.1029839e-19
   6061.2749023   6.0712741e-19
   6087.3447266   6.8042952e-19
   6113.4145508   6.7164129e-19
   6139.4848633   6.9270141e-19
   6165.5546875   6.6236999e-19
   6191.6245117   6.6531460e-19
   6217.6948242   6.3434935e-19
   6243.7646484   6.5691489e-19
   6269.8344727   6.3800673e-19
   6295.9047852   6.4279926e-19
   6321.9746094   6.5844864e-19
   6348.0449219   6.3650375e-19
   6374.1147461   6.5496171e-19
   6400.1845703   6.4570794e-19
   6426.2548828   6.4016505e-19
   6452.3247070   6.2409723e-19
   6478.3945312   6.2935996e-19
   6504.4648438   5.5704715e-19
   6530.5346680   6.3203847e-19
   6551.3906250   5.8875686e-19
   6564.4257812   6.0906089e-19
   6582.6748047   5.9417288e-19
   6608.7446289   5.9592645e-19
   6634.8144531   5.8405682e-19
   6660.8847656   6.0328133e-19
   6686.9545898   5.9505295e-19
   6713.0249023   6.1188680e-19
   6739.0947266   6.0634929e-19
   6765.1645508   5.9971509e-19
   6791.2348633   5.8724100e-19
   6817.3046875   5.8004097e-19
   6843.3745117   5.9097443e-19
   6869.4448242   5.9532737e-19
   6895.5146484   6.1682977e-19
   6921.5844727   6.1790350e-19
   6947.6547852   5.8470099e-19
   6973.7246094   5.9679861e-19
   6999.7944336   5.9502943e-19
   7025.8647461   5.7658676e-19
   7051.9345703   5.8103022e-19
   7078.0048828   5.6637449e-19
   7104.0747070   5.6651873e-19
   7130.1445312   5.7705795e-19
   7156.2148438   5.3748712e-19
   7182.2846680   5.3977464e-19
   7208.3544922   5.4643649e-19
   7234.4248047   5.5948920e-19
   7260.4946289   5.4411594e-19
   7286.5644531   4.8305502e-19
   7312.6347656   5.0216682e-19
   7338.7045898   5.4662850e-19
   7364.7744141   5.5177083e-19
   7390.8447266   5.3162500e-19
   7416.9145508   5.2532597e-19
   7442.9848633   5.1627547e-19
   7469.0546875   5.3410334e-19
   7495.1245117   5.2802299e-19
   7521.1948242   5.2668895e-19
   7547.2646484   5.2024041e-19
   7586.3696289   5.3658141e-19
   7638.5097656   5.2447992e-19
   7690.6494141   5.1599439e-19
   7742.7895508   5.1720367e-19
   7794.9296875   5.1395663e-19
   7847.0698242   5.1263335e-19
   7899.2094727   5.1055728e-19
   7951.3496094   5.0697548e-19
   8003.4897461   5.0419993e-19
   8055.6293945   5.0068694e-19
   8107.7695312   4.9650022e-19
   8159.9096680   4.8881287e-19
   8212.0498047   4.8707708e-19
   8264.1894531   4.8113886e-19
   8316.3300781   4.6499110e-19
   8368.4697266   4.6810968e-19
   8420.6093750   4.5560136e-19
   8472.7500000   4.6093476e-19
   8524.8896484   4.6076478e-19
   8577.0292969   4.5532529e-19
   8629.1699219   4.5060064e-19
   8681.3095703   4.4329291e-19
   8733.4492188   4.3478790e-19
   8785.5898438   4.2330937e-19
   8837.7294922   4.2072200e-19
   8889.8691406   4.1809904e-19
   8942.0097656   4.1217733e-19
   8994.1494141   4.0861223e-19
   9046.2900391   4.0449843e-19
   9098.4296875   4.0277887e-19
   9150.5693359   4.0234220e-19
   9202.7099609   3.9425217e-19
   9254.8496094   3.9588311e-19
   9306.9892578   3.7828096e-19
   9359.1298828   3.7299202e-19
   9411.2695312   3.7548370e-19
   9463.4091797   3.7452352e-19
   9489.4794922   3.7385795e-19
   9515.5498047   3.8099533e-19
   9567.6894531   3.7424236e-19
   9619.8291016   3.5320860e-19
   9671.9697266   3.7159243e-19
   9724.1093750   3.6137892e-19
   9776.2500000   4.1319957e-19
   9828.3896484   4.2673276e-19
   9880.5292969   4.7212130e-19
   9932.6699219   5.1213600e-19
   9984.8095703   4.2511841e-19
  10036.9492188   5.2679308e-19
  10089.0898438   5.5586191e-19
  10141.2294922   4.1293652e-19
  10193.3691406   5.6423933e-19
  10245.5097656   5.0015290e-19
  10297.6494141   5.3919179e-19
  10349.7890625   3.7134772e-19
  10401.9296875   5.5678794e-19
  10454.0693359   5.9020929e-19
  10506.2099609   5.8298051e-19
  10558.3496094   5.8135691e-19
  10610.4892578   5.6013088e-19
  10662.6298828   5.1183470e-19
  10714.7695312   4.3699326e-19
  10766.9091797   5.4516605e-19
  10819.0498047   5.5798249e-19
  10871.1894531   5.5615003e-19
  10923.3291016   5.5265607e-19
  10975.4697266   5.5293767e-19
  11027.6093750   5.4473524e-19
  11079.7490234   5.4452478e-19
  11131.8896484   5.2810881e-19
  11184.0292969   5.2352256e-19
  11236.1699219   4.9410305e-19
  11288.3095703   4.5654476e-19
  11340.4492188   4.1427707e-19
  11392.5898438   5.1954858e-19
  11444.7294922   5.1063126e-19
  11496.8691406   5.1499143e-19
  11549.0097656   5.1751495e-19
  11601.1494141   5.1855472e-19
  11653.2890625   5.1710601e-19
  11705.4296875   5.1727636e-19
  11757.5693359   5.3596434e-19
  11809.7089844   5.1130226e-19
  11861.8496094   5.0930534e-19
  11913.9892578   5.2279655e-19
  11966.1298828   5.0711579e-19
  12018.2695312   5.1051918e-19
  12070.4091797   4.9828931e-19
  12122.5498047   4.9890241e-19
  12174.6894531   5.0223961e-19
  12226.8291016   4.9242413e-19
  12278.9697266   4.7893153e-19
  12331.1093750   4.9051826e-19
  12383.2490234   4.9273784e-19
  12435.3896484   4.9024684e-19
  12487.5292969   4.8451892e-19
  12539.6689453   4.7617567e-19
  12591.8095703   4.7123673e-19
  12643.9492188   4.1583928e-19
  12696.0898438   3.6218607e-19
  12748.2294922   4.5146231e-19
  12800.3691406   4.5765691e-19
  12852.5097656   4.5018726e-19
  12904.6494141   4.6007320e-19
  12956.7890625   4.5473975e-19
  13008.9296875   4.3760589e-19
  13061.0693359   4.2193586e-19
  13113.2089844   4.3289210e-19
  13165.3496094   4.2810120e-19
  13217.4892578   4.3732729e-19
  13269.6289062   4.2482166e-19
  13321.7695312   4.2612781e-19
  13373.9091797   4.1663630e-19
  13426.0498047   4.0754406e-19
  13478.1894531   3.9422102e-19
  13530.3291016   3.9657050e-19
  13582.4697266   4.0224682e-19
  13634.6093750   4.0638055e-19
  13686.7490234   4.1207235e-19
  13738.8896484   3.8838327e-19
  13791.0292969   4.0944037e-19
  13843.1689453   4.1469940e-19
  13895.3095703   3.9245726e-19
  13947.4492188   4.0642873e-19
  13999.5888672   4.0405984e-19
  14051.7294922   3.9651825e-19
  14103.8691406   3.9074771e-19
  14156.0097656   3.9148463e-19
  14208.1494141   3.9605180e-19
  14260.2890625   3.8708230e-19
  14312.4296875   3.8599582e-19
  14364.5693359   3.8286393e-19
  14416.7089844   3.8515928e-19
  14468.8496094   3.8699901e-19
  14520.9892578   3.8202747e-19
  14573.1289062   3.7453340e-19
  14625.2695312   3.7977082e-19
  14677.4091797   3.7498437e-19
  14729.5488281   3.7452021e-19
  14781.6894531   3.6879439e-19
  14833.8291016   3.7334600e-19
  14885.9697266   3.6668190e-19
  14938.1093750   3.8017467e-19
  14990.2490234   3.6913304e-19
  15042.3896484   3.7070081e-19
  15094.5292969   3.6168855e-19
  15146.6689453   3.6784970e-19
  15198.8095703   3.7148800e-19
  15250.9492188   3.6335392e-19
  15303.0888672   3.6005453e-19
  15355.2294922   3.4239937e-19
  15407.3691406   3.5550721e-19
  15459.5087891   3.5449691e-19
  15511.6494141   3.5278227e-19
  15563.7890625   3.5501416e-19
  15615.9296875   3.4933639e-19
  15668.0693359   3.4574190e-19
  15720.2089844   3.4959269e-19
  15772.3496094   3.5111754e-19
  15824.4892578   3.5030582e-19
  15876.6289062   3.4154179e-19
  15928.7695312   3.4118049e-19
  15980.9091797   3.3004142e-19
  16033.0488281   3.3036772e-19
  16085.1894531   3.2270994e-19
  16137.3291016   3.3077712e-19
  16189.4687500   3.2803853e-19
  16241.6093750   3.2058677e-19
  16293.7490234   3.1217253e-19
  16345.8896484   3.2119418e-19
  16398.0292969   3.2409190e-19
  16450.1699219   3.1777901e-19
  16502.3085938   3.1996365e-19
  16554.4492188   3.1765480e-19
  16606.5898438   3.1628639e-19
  16658.7285156   3.1941890e-19
  16710.8691406   3.1448575e-19
  16763.0097656   3.1571737e-19
  16815.1484375   3.1385931e-19
  16867.2890625   3.1270769e-19
  16919.4296875   3.0678896e-19
  16971.5683594   3.1087009e-19
  17023.7089844   3.0732161e-19
  17075.8496094   2.9134744e-19
  17127.9882812   2.6171925e-19
  17180.1289062   2.9949878e-19
  17232.2695312   3.0549820e-19
  17284.4082031   3.0335900e-19
  17336.5488281   3.0145183e-19
  17388.6894531   2.9570197e-19
  17440.8300781   2.9906764e-19
  17492.9687500   2.9186099e-19
  17545.1093750   2.9570588e-19
  17597.2500000   2.9137047e-19
  17649.3886719   2.9305034e-19
  17701.5292969   2.8942551e-19
  17753.6699219   2.8965440e-19
  17805.8085938   2.9036640e-19
  17857.9492188   2.8503318e-19
  17910.0898438   2.8791683e-19
  17962.2285156   2.8910919e-19
  18014.3691406   2.8763500e-19
  18066.5097656   2.8518846e-19
  18118.6484375   2.8249211e-19
  18170.7890625   2.8367818e-19
  18222.9296875   2.8267579e-19
  18275.0683594   2.7753626e-19
  18327.2089844   2.7968982e-19
  18379.3496094   2.7794734e-19
  18431.4882812   2.7278829e-19
  18483.6289062   2.6762041e-19
  18535.7695312   2.6317731e-19
  18587.9082031   2.5896942e-19
  18640.0488281   2.5793309e-19
  18692.1894531   2.5885115e-19
  18744.3281250   2.5609770e-19
  18796.4687500   2.5946350e-19
  18848.6093750   2.6258735e-19
  18900.7500000   2.6228075e-19
  18952.8886719   2.6148024e-19
  19005.0292969   2.5773040e-19
  19057.1699219   2.6208732e-19
  19109.3085938   2.6128281e-19
  19161.4492188   2.6121397e-19
  19213.5898438   2.6656469e-19
  19265.7285156   2.5934728e-19
  19317.8691406   2.6026124e-19
  19370.0097656   2.6290237e-19
  19422.1484375   2.6159512e-19
  19474.2890625   2.6300285e-19
  19526.4296875   2.6119678e-19
  19578.5683594   2.6359372e-19
  19630.7089844   2.6475627e-19
  19682.8496094   2.6542220e-19
  19734.9882812   2.6261617e-19
  19787.1289062   2.5831853e-19
  19839.2695312   2.5699232e-19
  19891.4082031   2.5491835e-19
  19943.5488281   2.5060354e-19
  19995.6894531   2.4431674e-19
  20047.8281250   2.4884984e-19
  20099.9687500   2.4397255e-19
  20152.1093750   2.4464637e-19
  20204.2500000   2.4295034e-19
  20256.3886719   2.4327387e-19
  20308.5292969   2.4529405e-19
  20360.6699219   2.4431780e-19
  20412.8085938   2.4313927e-19
  20464.9492188   2.4033332e-19
  20517.0898438   2.3909945e-19
  20569.2285156   2.3405732e-19
  20621.3691406   2.2986028e-19
  20673.5097656   2.3210114e-19
  20725.6484375   2.2864906e-19
  20777.7890625   2.3267270e-19
  20829.9296875   2.3325894e-19
  20882.0683594   2.3578029e-19
  20934.2089844   2.3453269e-19
  20986.3496094   2.3262772e-19
  21038.4882812   2.3197988e-19
  21090.6289062   2.2800525e-19
  21142.7695312   2.2740224e-19
  21194.9082031   2.3090853e-19
  21247.0488281   2.3219802e-19
  21299.1894531   2.3215010e-19
  21351.3281250   2.2644250e-19
  21403.4687500   2.2661763e-19
  21455.6093750   2.2684265e-19
  21507.7480469   2.2711782e-19
  21559.8886719   2.2779709e-19
  21612.0292969   2.2695828e-19
  21664.1699219   2.2013639e-19
  21716.3085938   2.1987358e-19
  21768.4492188   2.1943176e-19
  21820.5898438   2.1957347e-19
  21872.7285156   2.1595553e-19
  21924.8691406   2.1932190e-19
  21977.0097656   2.1450458e-19
  22029.1484375   2.1237763e-19
  22081.2890625   2.1090995e-19
  22133.4296875   2.1399740e-19
  22185.5683594   2.0470708e-19
  22237.7089844   2.1470061e-19
  22289.8496094   1.9652653e-19
  22341.9882812   2.1797944e-19
  22394.1289062   2.1071275e-19
  22446.2695312   2.1063966e-19
  22498.4082031   2.2032692e-19
  22550.5488281   2.1739434e-19
  22602.6894531   1.9471293e-19
  22654.8281250   2.1343800e-19
  22706.9687500   2.2081323e-19
  22759.1093750   2.1626021e-19
  22811.2480469   2.0232153e-19
  22863.3886719   2.1506017e-19
  22915.5292969   2.2147365e-19
  22967.6679688   2.1390719e-19
  23019.8085938   2.1667946e-19
  23071.9492188   2.1128543e-19
  23124.0898438   2.0100278e-19
  23176.2285156   2.1061098e-19
  23228.3691406   2.1467234e-19
  23280.5097656   2.1222474e-19
  23332.6484375   2.1363775e-19
  23384.7890625   2.1257734e-19
  23436.9296875   2.0963463e-19
  23489.0683594   1.9611698e-19
  23541.2089844   2.0428136e-19
  23593.3496094   2.1258201e-19
  23645.4882812   2.1265296e-19
  23697.6289062   2.0709252e-19
  23749.7695312   2.0865915e-19
  23801.9082031   2.1131233e-19
  23854.0488281   2.1013977e-19
  23906.1894531   2.0842195e-19
  23958.3281250   2.0778946e-19
  24010.4687500   1.9671825e-19
  24062.6093750   1.8729500e-19
  24114.7480469   1.9409136e-19
  24166.8886719   1.9941568e-19
  24219.0292969   2.0108491e-19
  24271.1679688   1.9997875e-19
  24323.3085938   2.0045444e-19
  24375.4492188   1.9898176e-19
  24427.5878906   1.9776813e-19
  24479.7285156   1.9946474e-19
  24531.8691406   1.9465906e-19
  24584.0097656   1.9874944e-19
  24636.1484375   1.9250642e-19
  24688.2890625   1.9727627e-19
  24740.4296875   1.9649891e-19
  24792.5683594   1.9368689e-19
  24844.7089844   1.9194247e-19
  24896.8496094   1.8106396e-19
  24948.9882812   1.9053484e-19
  25001.1289062   1.9419028e-19
  25053.2695312   1.9306862e-19
  25105.4082031   1.9330363e-19
  25157.5488281   1.9024552e-19
  25209.6894531   1.9061018e-19
  25261.8281250   1.9186409e-19
  25313.9687500   1.9068550e-19
  25366.1093750   1.8913834e-19
  25418.2480469   1.8635799e-19
  25470.3886719   1.8860747e-19
  25522.5292969   1.8543135e-19
  25574.6679688   1.9004176e-19
  25626.8085938   1.8943430e-19
  25678.9492188   1.8827477e-19
  25731.0878906   1.8556496e-19
  25783.2285156   1.8487515e-19
  25835.3691406   1.8439510e-19
  25887.5078125   1.8609626e-19
  25939.6484375   1.8574678e-19
  25991.7890625   1.8547614e-19
  26043.9296875   1.8515222e-19
  26135.1738281   1.7989718e-19
  26265.5234375   1.7560690e-19
  26395.8730469   1.7911985e-19
  26526.2246094   1.7566475e-19
  26656.5742188   1.7593111e-19
  26786.9238281   1.7611201e-19
  26917.2734375   1.7523247e-19
  27047.6230469   1.7273315e-19
  27177.9746094   1.7072546e-19
  27308.3242188   1.6933207e-19
  27438.6738281   1.6768985e-19
  27569.0234375   1.6686996e-19
  27699.3730469   1.6582817e-19
  27829.7246094   1.6264874e-19
  27960.0742188   1.6283600e-19
  28090.4238281   1.6258303e-19
  28220.7734375   1.5850854e-19
  28351.1230469   1.5488063e-19
  28481.4726562   1.5006040e-19
  28611.8242188   1.4906986e-19
  28742.1738281   1.4939297e-19
  28872.5234375   1.4646368e-19
  29002.8730469   1.4804424e-19
  29133.2226562   1.4809236e-19
  29263.5742188   1.4800523e-19
  29393.9238281   1.4565159e-19
  29524.2734375   1.4396816e-19
  29654.6230469   1.4149901e-19
  29784.9726562   1.3955496e-19
  29915.3242188   1.4116508e-19
  30045.6738281   1.4287533e-19
  30176.0234375   1.4145366e-19
  30306.3730469   1.3982859e-19
  30436.7226562   1.3806443e-19
  30567.0742188   1.3681435e-19
  30697.4238281   1.3626986e-19
  30827.7734375   1.3452579e-19
  30958.1230469   1.3294293e-19
  31088.4726562   1.3209322e-19
  31218.8242188   1.2809915e-19
  31349.1738281   1.3185501e-19
  31479.5234375   1.2780469e-19
  31609.8730469   1.2926278e-19
  31740.2226562   1.2891694e-19
  31870.5742188   1.2899114e-19
  32000.9238281   1.2754788e-19
  32131.2734375   1.2525193e-19
  32261.6230469   1.2591765e-19
  32391.9726562   1.2367224e-19
  32522.3242188   1.2186334e-19
  32652.6738281   1.2164730e-19
  32783.0234375   1.2063274e-19
  32913.3750000   1.2244917e-19
  33043.7226562   1.1847895e-19
  33174.0742188   1.2037923e-19
  33304.4218750   1.1847271e-19
  33434.7734375   1.1369084e-19
  33565.1250000   1.1556354e-19
  33695.4726562   1.1751764e-19
  33825.8242188   1.1624003e-19
  33956.1718750   1.1692304e-19
  34086.5234375   1.1589289e-19
  34216.8750000   1.1449658e-19
  34347.2226562   1.1334784e-19
  34477.5742188   1.1316977e-19
  34607.9218750   1.1106970e-19
  34738.2734375   1.1113996e-19
  34868.6250000   1.0925878e-19
  34998.9726562   1.1152672e-19
  35129.3242188   1.1109116e-19
  35259.6718750   1.1090640e-19
  35390.0234375   1.0759831e-19
  35520.3750000   1.0635097e-19
  35650.7226562   1.0792107e-19
  35781.0742188   1.0605804e-19
  35911.4218750   1.0701487e-19
  36041.7734375   1.0676653e-19
  36172.1250000   1.0556638e-19
  36302.4726562   1.0434122e-19
  36432.8242188   1.0182197e-19
  36563.1718750   1.0218663e-19
  36693.5234375   9.9971550e-20
  36823.8750000   9.7164842e-20
  36954.2226562   9.7639669e-20
  37084.5742188   9.7858187e-20
  37214.9218750   9.8053072e-20
  37345.2734375   9.7460591e-20
  37475.6250000   9.8438816e-20
  37605.9726562   9.5337070e-20
  37736.3242188   9.5558819e-20
  37866.6718750   9.3353245e-20
  37983.9882812   9.5342938e-20
  38114.3398438   9.4231866e-20
  38257.7226562   9.2876414e-20
  38388.0742188   9.1678062e-20
  38518.4218750   9.1725179e-20
  38648.7734375   9.3128840e-20
  38779.1250000   9.3088360e-20
  38909.4726562   9.4578894e-20
  39039.8242188   9.3010308e-20
  39170.1718750   9.0622438e-20
  39300.5234375   9.1572228e-20
  39430.8750000   8.9971666e-20
  39561.2226562   9.2226470e-20
  39691.5742188   9.0822854e-20
  39821.9218750   9.2767976e-20
  39952.2734375   9.0909056e-20
  40082.6250000   8.9559698e-20
  40212.9726562   9.0991735e-20
  40343.3242188   9.0348628e-20
  40473.6718750   8.8712555e-20
  40604.0234375   8.6164412e-20
  40734.3710938   8.8163359e-20
  40864.7226562   8.8176523e-20
  40995.0742188   8.9073684e-20
  41125.4218750   8.2749804e-20
  41255.7734375   8.3958942e-20
  41386.1210938   8.3906229e-20
  41516.4726562   8.5459293e-20
  41646.8242188   8.5264718e-20
  41842.3476562   8.5350518e-20
  42103.0468750   8.5303673e-20
  42363.7460938   8.2171088e-20
  42624.4492188   8.5130017e-20
  42885.1484375   8.3511760e-20
  43145.8476562   8.1970678e-20
  43406.5468750   8.0053409e-20
  43667.2460938   8.3652349e-20
  43927.9492188   7.8914039e-20
  44188.6484375   8.0092797e-20
  44449.3476562   7.8485107e-20
  44710.0468750   7.8771376e-20
  44970.7460938   7.5919341e-20
  45231.4492188   7.4818099e-20
  45492.1484375   7.4380391e-20
  45752.8476562   7.4693343e-20
  46013.5468750   7.2084183e-20
  46274.2460938   6.9818684e-20
  46534.9492188   7.1520039e-20
  46795.6484375   6.5302013e-20
  47056.3476562   6.5841683e-20
  47317.0468750   6.5476903e-20
  47577.7460938   6.2118770e-20
  47838.4492188   6.0621883e-20
  48099.1484375   6.2551314e-20
  48359.8476562   6.2125044e-20
  48620.5468750   5.9367728e-20
  48881.2460938   5.7248395e-20
  49141.9492188   5.7634371e-20
  49402.6484375   5.5798735e-20
  49663.3476562   5.8987755e-20
  49924.0468750   5.5781590e-20
  50184.7460938   5.6221592e-20
  50445.4492188   5.5906184e-20
  50706.1484375   5.1604881e-20
  50966.8476562   5.2804848e-20
  51227.5468750   5.2218846e-20
  51488.2460938   5.1020313e-20
  51748.9492188   4.8760145e-20
  52009.6484375   5.0225509e-20
  52270.3476562   4.9460244e-20
  52531.0468750   5.0453222e-20
  52791.7460938   4.7982004e-20
  53052.4492188   4.6743789e-20
  53313.1484375   4.5503942e-20
  53573.8476562   4.4730396e-20
  53834.5468750   4.3606151e-20
  54095.2460938   4.2801469e-20
  54355.9492188   4.4974459e-20
  54616.6484375   4.2343582e-20
  54877.3476562   4.2599873e-20
  55138.0468750   4.1320499e-20
  55398.7460938   4.1547053e-20
  55659.4492188   4.0860325e-20
  55920.1484375   3.9430239e-20
  56180.8476562   3.9478584e-20
  56441.5468750   3.8369212e-20
  56702.2460938   3.7202516e-20
  56962.9453125   3.6834925e-20
  57223.6484375   3.5725708e-20
  57484.3476562   3.4318974e-20
  57745.0468750   3.4391850e-20
  58005.7460938   3.4734603e-20
  58266.4453125   3.4275896e-20
  58527.1484375   3.4645933e-20
  58787.8476562   3.2997618e-20
  59048.5468750   3.2448215e-20
  59309.2460938   3.2523116e-20
  59569.9453125   3.1732296e-20
  59830.6484375   2.8203221e-20
  60091.3476562   3.0779032e-20
  60352.0468750   3.1387310e-20
  60612.7460938   2.6914092e-20
  60873.4453125   3.0134196e-20
  61134.1484375   2.7963455e-20
  61394.8476562   2.5546751e-20
  61655.5468750   2.7052625e-20
  61916.2460938   2.7020684e-20
  62176.9453125   2.3733138e-20
  62437.6484375   2.6379988e-20
  62698.3476562   2.5186249e-20
  62959.0468750   2.2191763e-20
  63219.7460938   2.2592994e-20
  63480.4453125   2.2127143e-20
  63741.1484375   2.1292025e-20
  64001.8476562   2.0877557e-20
  64262.5468750   2.0836428e-20
  64523.2460938   2.0050640e-20
  64783.9453125   1.8185690e-20
  65044.6484375   1.8009560e-20
  65305.3476562   1.8342829e-20
  65566.0468750   1.7449139e-20
  65826.7500000   1.7943478e-20
  66087.4453125   1.7942927e-20
  66348.1484375   1.7839993e-20
  66608.8437500   1.7972029e-20
  66869.5468750   1.7976134e-20
  67130.2500000   1.8307336e-20
  67390.9453125   1.7969030e-20
  67651.6484375   1.7982134e-20
  67912.3437500   1.8428581e-20
  68173.0468750   1.7959878e-20
  68433.7500000   1.8143729e-20
  68694.4453125   1.8559185e-20
  68955.1484375   1.7896258e-20
  69215.8437500   1.8237759e-20
  69476.5468750   1.8505386e-20
  69737.2500000   1.7941509e-20
  69997.9453125   1.7207439e-20
  70258.6484375   1.7512785e-20
  70519.3437500   1.7537875e-20
  70780.0468750   1.7221427e-20
  71040.7500000   1.8070725e-20
  71301.4453125   1.7631322e-20
  71562.1484375   1.8201911e-20
  71822.8437500   1.7426012e-20
  72083.5468750   1.6974977e-20
  72344.2500000   1.7088149e-20
  72604.9453125   1.7364208e-20
  72865.6484375   1.7408953e-20
  73126.3437500   1.6861222e-20
  73387.0468750   1.6521681e-20
  73647.7500000   1.6584419e-20
  73908.4453125   1.5811015e-20
  74169.1484375   1.4519748e-20
  74429.8437500   1.5424663e-20
  74690.5468750   1.5598650e-20
  74951.2500000   1.5021602e-20
  75211.9453125   1.4688820e-20
  75472.6484375   1.4099592e-20
  75733.3437500   1.4551412e-20
  75994.0468750   1.3891960e-20
  76254.7500000   1.3186659e-20
  76515.4453125   1.3055389e-20
  76776.1484375   1.2664585e-20
  77036.8437500   1.2325688e-20
  77297.5468750   1.2108923e-20
  77558.2500000   1.1916571e-20
  77818.9453125   1.1641782e-20
  78079.6484375   1.1525739e-20
  78340.3437500   1.1418875e-20
  78601.0468750   1.1272333e-20
  78861.7500000   1.1116632e-20
  79122.4453125   1.0924247e-20
  79383.1484375   1.0881535e-20
  79643.8437500   1.0796042e-20
  79904.5468750   1.0707506e-20
  80165.2500000   1.0634209e-20
  80425.9453125   1.0481567e-20
  80686.6484375   1.0362470e-20
  80947.3437500   1.0319733e-20
  81208.0468750   1.0179291e-20
  81468.7421875   1.0075481e-20
  81729.4453125   9.9564055e-21
  81990.1484375   9.8617523e-21
  82250.8437500   9.7487993e-21
  82511.5468750   9.6236050e-21
  82772.2421875   9.5503446e-21
  83032.9453125   9.4831782e-21
  83293.6484375   9.4312605e-21
  83684.6953125   9.2724806e-21
  84206.0937500   9.0862349e-21
  84727.4921875   8.9794034e-21
  85248.8984375   8.8206340e-21
  85770.2968750   8.6588144e-21
  86291.6953125   8.5214184e-21
  86813.0937500   8.5030992e-21
  87334.4921875   8.6099727e-21
  87855.8984375   8.3229451e-21
  88377.2968750   8.3412780e-21
  88898.6953125   8.3870855e-21
  89420.0937500   8.5030992e-21
  89941.4921875   8.3229451e-21
  90462.8984375   8.1672421e-21
  90984.2968750   7.8191978e-21
  91505.6953125   7.8558215e-21
  92027.0937500   7.6481903e-21
  92548.4921875   7.2634915e-21
  93069.8984375   7.3245801e-21
  93591.2968750   7.0711430e-21
  94112.6953125   7.0284163e-21
  94634.0937500   6.6803462e-21
  95155.4921875   6.5002139e-21
  95676.8984375   6.3628300e-21
  96198.2968750   6.1124487e-21
  96719.6953125   5.8895861e-21
  97241.0937500   5.7399703e-21
  97762.4921875   5.4987667e-21
  98283.8984375   5.3919179e-21
  98805.2968750   5.2819929e-21
  99326.6953125   5.1690165e-21
  99848.0937500   5.0652150e-21
 100369.4921875   4.9888927e-21
 100890.8984375   4.8881285e-21
 101412.2968750   4.8057081e-21
 101933.6953125   4.7263166e-21
 102455.0937500   4.6774592e-21
 102976.4921875   4.6102992e-21
 103497.8984375   4.5583953e-21
 104019.2968750   4.4820656e-21
 104540.6953125   4.4209912e-21
 105062.0937500   4.3782504e-21
 105583.4921875   4.3385708e-21
 106104.8984375   4.3110864e-21
 106626.2968750   4.2958151e-21
 107147.6953125   4.2958151e-21
 107669.0937500   4.2194883e-21
 108190.4921875   4.0759959e-21
 108711.8984375   4.0821044e-21
 109233.2968750   4.0943138e-21
 109754.6953125   3.9904966e-21
 110276.0937500   4.0057732e-21
 110797.4921875   3.9599620e-21
 111318.8984375   3.9263828e-21
 111840.2968750   3.7370857e-21
 112361.6953125   3.5447355e-21
 112883.0937500   3.5264131e-21
 113404.4921875   3.3065945e-21
 113925.8906250   3.2058396e-21
 114447.2968750   3.1295090e-21
 114968.6953125   3.0510397e-21
 115490.0937500   3.0287576e-21
 116011.4921875   2.9469202e-21
 116532.8906250   2.8712132e-21
 117054.2968750   2.8962388e-21
 117575.6953125   2.8287699e-21
 118097.0937500   2.6968758e-21
 118618.4921875   2.5988660e-21
 119139.8906250   2.5149001e-21
 119661.2968750   2.4465066e-21
 120182.6953125   2.4648300e-21
 120704.0937500   2.4251435e-21
 121225.4921875   2.3982723e-21
 121746.8906250   2.3625502e-21
 122268.2968750   2.2877461e-21
 122789.6953125   2.2547693e-21
 123311.0937500   2.3066729e-21
 123832.4921875   2.2501892e-21
 124353.8906250   2.2117232e-21
 124875.2968750   2.1744686e-21
 125396.6953125   2.1201233e-21
 125918.0937500   2.1222660e-21
 126439.4921875   2.0776848e-21
 126960.8906250   2.0431816e-21
 127482.2968750   2.0251712e-21
 128003.6953125   1.9824294e-21
 128525.0937500   1.9647218e-21
 129046.4921875   1.9006013e-21
 129567.8906250   1.8740360e-21
 130089.2968750   1.8606030e-21
 130610.6953125   1.8462524e-21
 131132.0937500   1.8141975e-21
 131653.5000000   1.7644336e-21
 132174.8906250   1.7461098e-21
 132696.2968750   1.7378701e-21
 133217.6875000   1.7195504e-21
 133739.0937500   1.7021487e-21
 134260.5000000   1.6792494e-21
 134781.8906250   1.6774141e-21
 135303.2968750   1.6487177e-21
 135824.6875000   1.6212386e-21
 136346.0937500   1.5958983e-21
 136867.5000000   1.5836797e-21
 137388.8906250   1.5809348e-21
 137910.2968750   1.5516250e-21
 138431.6875000   1.5259783e-21
 138953.0937500   1.5079637e-21
 139474.5000000   1.4826220e-21
 139995.8906250   1.4673538e-21
 140517.2968750   1.4493436e-21
 141038.6875000   1.4374388e-21
 141560.0937500   1.4233920e-21
 142081.5000000   1.4151455e-21
 142602.8906250   1.3934673e-21
 143124.2968750   1.3830901e-21
 143645.6875000   1.3629381e-21
 144167.0937500   1.3693520e-21
 144688.5000000   1.3299666e-21
 145209.8906250   1.3385100e-21
 145731.2968750   1.3064566e-21
 146252.6875000   1.3009599e-21
 146774.0937500   1.2722563e-21
 147295.5000000   1.2689026e-21
 147816.8906250   1.2478359e-21
 148338.2968750   1.2261546e-21
 148859.6875000   1.2145513e-21
 149381.0937500   1.2017322e-21
 149902.5000000   1.1821907e-21
 150423.8906250   1.1638715e-21
 150945.2968750   1.1669219e-21
 151466.6875000   1.1528777e-21
 151988.0937500   1.1458562e-21
 152509.5000000   1.1336426e-21
 153030.8906250   1.1220421e-21
 153552.2968750   1.1058588e-21
 154073.6875000   1.0887606e-21
 154595.0937500   1.0716632e-21
 155116.5000000   1.0576222e-21
 155637.8906250   1.0515133e-21
 156159.2968750   1.0359421e-21
 156680.6875000   1.0197592e-21
 157202.0937500   1.0115162e-21
 157723.5000000   1.0044951e-21
 158244.8906250   9.9869306e-22
 158766.2968750   9.8617529e-22
 159287.6875000   9.7030093e-22
 159809.0937500   9.5808861e-22
 160330.5000000   9.4709413e-22
 160851.8906250   9.3335619e-22
 161373.2968750   9.1595157e-22
 161894.6875000   9.0465761e-22
 162416.0937500   8.9488533e-22
 162937.4843750   8.8694633e-22
 163458.8906250   8.7259648e-22
 163980.2968750   8.5733332e-22
 164501.6875000   8.4572907e-22
 165023.0937500   8.3901438e-22
 165544.4843750   8.3382391e-22
 166065.8906250   8.2924432e-22
 166587.2968750   8.1641939e-22
 167369.3906250   7.9382606e-22
 168412.1875000   7.7276027e-22
 169454.9843750   7.5841022e-22
 170497.7968750   7.4161523e-22
 171540.5937500   7.1810859e-22
 172583.3906250   6.9856715e-22
 173626.1875000   6.8879709e-22
 174668.9843750   6.7658548e-22
 175711.7968750   6.6131777e-22
 176754.5937500   6.4299969e-22
 177797.3906250   6.3231329e-22
 178840.1875000   6.1949037e-22
 179882.9843750   5.9872816e-22
 180925.7968750   5.8498865e-22
 181968.5937500   5.7247139e-22
 183011.3906250   5.6209003e-22
 184054.1875000   5.4926605e-22
 185096.9843750   5.3888641e-22
 186139.7968750   5.2789315e-22
 187182.5937500   5.1934558e-22
 188225.3906250   5.1171334e-22
 189268.1875000   5.0377495e-22
 190310.9843750   4.9308855e-22
 191353.7968750   4.8209706e-22
 192396.5937500   4.7110430e-22
 193439.3906250   4.6194604e-22
 194482.1875000   4.5614391e-22
 195524.9843750   4.4729019e-22
 196567.7968750   4.4026809e-22
 197610.5937500   4.2683393e-22
 198653.3906250   4.1889673e-22
 199696.1875000   4.0729358e-22
 200738.9843750   4.0301952e-22
 201781.7968750   3.9691374e-22
 202824.5937500   3.9019552e-22
 203867.3906250   3.8134185e-22
 204910.1875000   3.7248780e-22
 205952.9843750   3.6638088e-22
 206995.7968750   3.6210657e-22
 208038.5937500   3.5569463e-22
 209081.3906250   3.4989374e-22
 210124.1875000   3.4226105e-22
 211166.9843750   3.3646049e-22
 212209.7968750   3.2974295e-22
 213252.5937500   3.2363676e-22
 214295.3906250   3.1569797e-22
 215338.1875000   3.1020316e-22
 216380.9843750   3.0513481e-22
 217423.7968750   3.0012686e-22
 218466.5937500   2.9646398e-22
 219509.3906250   2.9118113e-22
 220552.1875000   2.8592964e-22
 221594.9843750   2.8089249e-22
 222637.7968750   2.7722806e-22
 223680.5937500   2.7316834e-22
 224723.3906250   2.6877120e-22
 225766.1875000   2.6434381e-22
 226808.9843750   2.5994709e-22
 227851.7812500   2.5683322e-22
 228894.5937500   2.5417714e-22
 229937.3906250   2.5234522e-22
 230980.1875000   2.4874276e-22
 232022.9843750   2.4571992e-22
 233065.7812500   2.4114004e-22
 234108.5937500   2.3686593e-22
 235151.3906250   2.3384258e-22
 236194.1875000   2.2853058e-22
 237236.9843750   2.2419525e-22
 238279.7812500   2.1973744e-22
 239322.5937500   2.1625641e-22
 240365.3906250   2.1424097e-22
 241408.1875000   2.1369217e-22
 242450.9843750   2.1140239e-22
 243493.7812500   2.0654753e-22
 244536.5937500   2.0267014e-22
 245579.3906250   1.9888391e-22
 246622.1875000   1.9610580e-22
 247664.9843750   1.9534247e-22
 248707.7812500   1.9296096e-22
 249750.5937500   1.8954082e-22
 250793.3906250   1.8728183e-22
 251836.1875000   1.8340410e-22
 252878.9843750   1.7961850e-22
 253921.7812500   1.7879368e-22
 254964.5937500   1.7723709e-22
 256007.3906250   1.7473296e-22
 257050.1875000   1.7326802e-22
 258092.9843750   1.7149725e-22
 259135.7812500   1.6792495e-22
 260178.5937500   1.6407793e-22
 261221.3906250   1.6074981e-22
 521399.9687500   7.7856154e-24
1042799.9375000   4.9888929e-25
1564199.8750000   9.8953325e-26
2085599.8750000   3.1295086e-26
2606999.7500000   1.2808059e-26
3128399.7500000   6.1643710e-27
3649799.7500000   3.3218490e-27
4171199.7500000   1.9433446e-27
