    385.4760132   3.5920882e-23
    398.1840210   4.0788347e-23
    406.6560059   4.3434044e-23
    415.1279907   2.2912711e-22
    423.6000061   6.2861556e-22
    432.0720215   6.8152877e-22
    440.5440063   6.4752414e-22
    449.0159912   6.5812643e-22
    457.4880066   6.7135390e-22
    465.9600220   7.6599065e-22
    482.9039917   7.9448017e-22
    499.8480225   7.7175477e-22
    512.5560303   9.7603465e-22
    529.5000000   1.0133461e-21
    537.9719849   1.0345488e-21
    542.2080078   1.0515066e-21
    554.9160156   1.0141965e-21
    559.1519775   1.0489651e-21
    567.6240234   1.0023249e-21
    580.3320312   1.1142614e-21
    593.0400391   1.1168040e-21
    605.7479858   1.4110529e-21
    622.6920166   1.7595782e-21
    639.6359863   1.5764112e-21
    656.5800171   1.7782384e-21
    673.5239868   1.7850224e-21
    686.2319946   1.7884123e-21
    703.1760254   1.7994343e-21
    720.1199951   1.7985891e-21
    732.8280029   1.4814410e-21
    749.7720337   1.8121552e-21
    762.4799805   1.8155488e-21
    770.9520264   1.8155488e-21
    787.8959961   1.8189409e-21
    809.0759888   1.8206350e-21
    821.7839966   1.8325078e-21
    838.7280273   1.8274203e-21
    855.6719971   1.8341985e-21
    868.3800049   1.8325078e-21
    889.5599976   1.7765368e-21
    914.9760132   1.8170246e-21
    931.9200439   1.7402650e-21
    944.6279907   1.6649409e-21
    961.5720215   1.6193851e-21
    974.2800293   1.9668933e-21
    991.2239990   2.8240722e-21
   1016.6400146   2.8987652e-21
   1042.0560303   2.5409294e-21
   1067.4720459   2.4705258e-21
   1088.6519775   2.1623697e-21
   1101.3599854   2.2068868e-21
   1118.3039551   2.6546480e-21
   1139.4840088   2.5929780e-21
   1160.6640625   2.5073957e-21
   1181.8439941   2.0696299e-21
   1203.0240479   2.3325542e-21
   1228.4400635   2.2743476e-21
   1253.8559570   1.9826780e-21
   1275.0360107   1.7330345e-21
   1304.6879883   1.7474794e-21
   1347.0479736   1.5722696e-21
   1389.4079590   1.4857087e-21
   1431.7680664   1.2880181e-21
   1474.1280518   1.1192297e-21
   1512.2520752   1.3870413e-21
   1550.3759766   1.9517058e-21
   1588.5000000   1.7853124e-21
   1630.8599854   1.3108853e-21
   1673.2199707   1.8000193e-21
   1715.5800781   2.0658884e-21
   1753.7039795   1.9202556e-21
   1787.5920410   1.6451776e-21
   1821.4799805   1.4859110e-21
   1868.0760498   1.6109156e-21
   1910.4360352   1.5391744e-21
   1948.5600586   1.2794990e-21
   1990.9200439   1.2274507e-21
   2033.2800293   1.3046077e-21
   2075.6401367   1.0453549e-21
   2118.0000000   1.2269710e-21
   2143.4160156   1.0263214e-21
   2168.8320312   1.5723663e-21
   2202.7199707   1.4417289e-21
   2245.0800781   1.2765242e-21
   2287.4399414   1.0099606e-21
   2329.8000488   9.4622333e-22
   2372.1601562   1.2058746e-21
   2414.5200195   1.3134959e-21
   2456.8801270   1.2531551e-21
   2499.2399902   1.2508018e-21
   2541.6000977   1.0318126e-21
   2583.9599609   9.8980945e-22
   2626.3200684   1.2486721e-21
   2668.6799316   1.1716286e-21
   2711.0400391   1.2953076e-21
   2753.4001465   1.2543830e-21
   2787.2880859   1.1607706e-21
   2816.9399414   1.3266154e-21
   2859.3000488   1.4238707e-21
   2901.6601562   1.2499616e-21
   2944.0200195   1.4997577e-21
   2986.3801270   1.2557335e-21
   3032.9760742   1.6919197e-21
   3075.3359375   1.7988339e-21
   3113.4599609   1.9006894e-21
   3155.8200684   1.9564516e-21
   3198.1799316   2.0839131e-21
   3240.5400391   2.0199440e-21
   3282.9001465   2.4540561e-21
   3325.2600098   2.4637104e-21
   3367.6201172   2.9311797e-21
   3409.9799805   3.3534161e-21
   3452.3400879   3.8105985e-21
   3494.6999512   4.4111882e-21
   3537.0600586   4.0240499e-21
   3579.4201660   5.7527285e-21
   3621.7800293   6.6066035e-21
   3664.1401367   8.0769445e-21
   3706.5000000   9.6488518e-21
   3748.8601074   1.1610051e-20
   3791.2199707   1.4111894e-20
   3833.5800781   1.6942693e-20
   3875.9399414   2.0423430e-20
   3918.3000488   7.3900943e-20
   3960.6601562   1.3535225e-19
   4003.0200195   1.9573369e-19
   4045.3801270   2.5341425e-19
   4087.7399902   2.6674453e-19
   4130.1000977   1.2377958e-19
   4172.4599609   2.4117557e-19
   4214.8198242   2.2966003e-19
   4257.1801758   2.8203907e-19
   4299.5400391   2.8366642e-19
   4341.8999023   1.9468261e-19
   4384.2602539   3.0948270e-19
   4426.6201172   4.1793481e-19
   4468.9799805   3.9679448e-19
   4511.3398438   3.2985817e-19
   4553.7001953   3.5779336e-19
   4596.0600586   3.0824963e-19
   4638.4199219   3.5622701e-19
   4680.7802734   3.3577045e-19
   4723.1401367   3.2260445e-19
   4765.5000000   2.8012813e-19
   4807.8598633   3.2769804e-19
   4850.2202148   3.0476857e-19
   4892.5800781   3.0209536e-19
   4934.9399414   2.9359856e-19
   4977.3002930   1.9803806e-19
   5019.6601562   2.7030838e-19
   5062.0200195   2.2414754e-19
   5104.3798828   1.8754157e-19
   5146.7402344   1.4945436e-19
   5189.1000977   3.5560019e-19
   5231.4599609   4.3283226e-19
   5273.8203125   4.4735215e-19
   5316.1801758   4.3253396e-19
   5358.5400391   4.0864909e-19
   5400.8999023   4.6672518e-19
   5443.2602539   4.7574621e-19
   5485.6201172   4.0537793e-19
   5527.9799805   4.0316388e-19
   5570.3398438   4.6260293e-19
   5612.7001953   4.4185755e-19
   5655.0600586   4.0940537e-19
   5697.4199219   4.4772562e-19
   5739.7802734   4.3372094e-19
   5782.1401367   3.9918033e-19
   5824.5000000   4.0107822e-19
   5866.8598633   3.9702281e-19
   5909.2202148   3.0981179e-19
   5951.5800781   3.0404931e-19
   5993.9399414   3.6766002e-19
   6036.3002930   3.6028159e-19
   6078.6601562   3.6868678e-19
   6108.3120117   3.7626210e-19
   6129.4921875   3.7757647e-19
   6163.3798828   3.6433111e-19
   6205.7402344   3.4195385e-19
   6248.1000977   3.4324485e-19
   6290.4599609   3.4632478e-19
   6332.8203125   3.4415051e-19
   6375.1801758   3.2616461e-19
   6404.8320312   2.9817131e-19
   6426.0122070   3.1047242e-19
   6459.8999023   3.0361163e-19
   6502.2602539   2.6210290e-19
   6544.6201172   2.4975261e-19
   6586.9799805   2.4416929e-19
   6629.3403320   2.6424460e-19
   6671.7001953   2.7993625e-19
   6714.0600586   2.8699846e-19
   6756.4199219   2.8849346e-19
   6798.7802734   2.8056152e-19
   6841.1401367   2.7635830e-19
   6883.5000000   2.6803627e-19
   6925.8598633   2.8034105e-19
   6968.2202148   2.8092031e-19
   7010.5800781   2.6934141e-19
   7052.9399414   2.8116223e-19
   7082.5922852   2.5551751e-19
   7103.7719727   2.8816421e-19
   7137.6601562   2.8915812e-19
   7180.0200195   2.7383806e-19
   7222.3798828   2.6494998e-19
   7264.7402344   2.5059204e-19
   7307.1000977   2.4611040e-19
   7349.4599609   2.5855409e-19
   7391.8203125   2.5290946e-19
   7434.1801758   2.6062101e-19
   7476.5400391   2.4624663e-19
   7518.8999023   2.4376964e-19
   7561.2602539   2.4782740e-19
   7603.6201172   2.5564322e-19
   7645.9799805   2.5418110e-19
   7688.3403320   2.3560487e-19
   7730.7001953   2.3872650e-19
   7773.0600586   2.3161701e-19
   7815.4199219   2.1470774e-19
   7857.7802734   2.1496249e-19
   7900.1401367   2.1827694e-19
   7942.5000000   2.2832548e-19
   7984.8603516   2.1050698e-19
   8027.2202148   2.0164696e-19
   8069.5800781   2.1216933e-19
   8111.9399414   2.0306089e-19
   8154.3002930   1.9571734e-19
   8196.6601562   2.0365658e-19
   8239.0205078   2.0867797e-19
   8281.3798828   1.9270482e-19
   8332.2119141   2.0725952e-19
   8370.3359375   2.1204170e-19
   8404.2246094   2.0088854e-19
   8450.8203125   1.9524687e-19
   8493.1796875   2.0006356e-19
   8535.5400391   1.9475187e-19
   8577.9003906   2.0041181e-19
   8620.2597656   1.8863939e-19
   8662.6201172   1.9239024e-19
   8704.9804688   1.7436695e-19
   8747.3398438   1.7942892e-19
   8785.4638672   1.9514743e-19
   8802.4082031   1.8406139e-19
   8832.0605469   1.8944888e-19
   8874.4199219   1.7964024e-19
   8916.7802734   1.8123304e-19
   8959.1396484   1.8234439e-19
   9001.5000000   1.8285363e-19
   9043.8603516   1.7408688e-19
   9086.2197266   1.7338414e-19
   9128.5800781   1.7823590e-19
   9170.9404297   1.7308744e-19
   9213.2998047   1.7179768e-19
   9255.6601562   1.6747976e-19
   9298.0205078   1.7260160e-19
   9340.3798828   1.6880157e-19
   9382.7402344   1.6220543e-19
   9425.1005859   1.5802515e-19
   9467.4599609   1.6271843e-19
   9509.8203125   1.5793079e-19
   9552.1796875   1.5253320e-19
   9594.5400391   1.5469677e-19
   9636.9003906   1.5600949e-19
   9679.2597656   1.5683179e-19
   9721.6201172   1.4769130e-19
   9763.9804688   1.4884583e-19
   9806.3398438   1.4373160e-19
   9848.7001953   1.2180316e-19
   9891.0605469   1.3625762e-19
   9933.4199219   1.3376552e-19
   9975.7802734   1.3805506e-19
  10018.1406250   1.3111560e-19
  10060.5000000   1.3168980e-19
  10102.8603516   1.2494785e-19
  10145.2197266   1.2932781e-19
  10187.5800781   1.2530010e-19
  10229.9404297   1.2609504e-19
  10272.2998047   1.2936702e-19
  10314.6601562   1.2471485e-19
  10357.0205078   1.2836021e-19
  10399.3798828   1.2630677e-19
  10441.7402344   1.2488147e-19
  10484.1005859   1.2135144e-19
  10526.4599609   1.2215030e-19
  10568.8203125   1.0805698e-19
  10611.1796875   1.2242312e-19
  10645.0683594   1.1338197e-19
  10666.2480469   1.1698753e-19
  10695.9003906   1.1380352e-19
  10738.2597656   1.1388752e-19
  10780.6201172   1.1137965e-19
  10822.9804688   1.1496799e-19
  10865.3398438   1.1299720e-19
  10907.7001953   1.1605515e-19
  10950.0605469   1.1464479e-19
  10992.4199219   1.1302003e-19
  11034.7802734   1.1024427e-19
  11077.1406250   1.0850304e-19
  11119.5000000   1.1052983e-19
  11161.8603516   1.1114315e-19
  11204.2197266   1.1523288e-19
  11246.5800781   1.1518582e-19
  11288.9404297   1.0831878e-19
  11331.2998047   1.1044151e-19
  11373.6601562   1.0978527e-19
  11416.0205078   1.0592982e-19
  11458.3798828   1.0661544e-19
  11500.7402344   1.0344624e-19
  11543.1005859   1.0319395e-19
  11585.4599609   1.0510033e-19
  11627.8203125   9.7125402e-20
  11670.1796875   9.7451841e-20
  11712.5400391   9.8599574e-20
  11754.9003906   1.0101824e-19
  11797.2597656   9.7834787e-20
  11839.6201172   8.5987699e-20
  11881.9804688   8.9489924e-20
  11924.3398438   9.8265839e-20
  11966.7001953   9.9423594e-20
  12009.0605469   9.5708991e-20
  12051.4199219   9.4410634e-20
  12093.7802734   9.2556586e-20
  12136.1406250   9.5956473e-20
  12178.5000000   9.4696328e-20
  12220.8603516   9.4347213e-20
  12263.2197266   9.3022373e-20
  12326.7597656   9.5988933e-20
  12411.4804688   9.3228095e-20
  12496.2001953   9.1232438e-20
  12580.9199219   9.1026722e-20
  12665.6406250   8.9977812e-20
  12750.3603516   8.9320294e-20
  12835.0800781   8.8429976e-20
  12919.7998047   8.7383347e-20
  13004.5205078   8.6526769e-20
  13089.2402344   8.5665422e-20
  13173.9599609   8.4567902e-20
  13258.6806641   8.2966888e-20
  13343.4003906   8.2514478e-20
  13428.1201172   8.1307214e-20
  13512.8398438   7.8260870e-20
  13597.5605469   7.8739051e-20
  13682.2802734   7.6411585e-20
  13767.0000000   7.7370610e-20
  13851.7197266   7.7393041e-20
  13936.4404297   7.6421646e-20
  14021.1601562   7.5625349e-20
  14105.8798828   7.4324401e-20
  14190.6005859   7.2877934e-20
  14275.3203125   7.0862069e-20
  14360.0400391   7.0432962e-20
  14444.7597656   6.9989852e-20
  14529.4804688   6.9029780e-20
  14614.2001953   6.8456757e-20
  14698.9199219   6.7728573e-20
  14783.6406250   6.7479178e-20
  14868.3603516   6.7436513e-20
  14953.0800781   6.5999339e-20
  15037.7998047   6.6346044e-20
  15122.5205078   6.3215656e-20
  15207.2402344   6.2309906e-20
  15291.9599609   6.2776863e-20
  15376.6806641   6.2637237e-20
  15419.0400391   6.2502859e-20
  15461.4003906   6.3780369e-20
  15546.1201172   6.2518233e-20
  15630.8398438   5.8859542e-20
  15715.5605469   6.2056472e-20
  15800.2802734   6.0174540e-20
  15885.0000000   6.8928592e-20
  15969.7207031   7.1242455e-20
  16054.4404297   7.8973861e-20
  16139.1601562   8.5713592e-20
  16223.8798828   7.0737067e-20
  16308.6005859   8.7999933e-20
  16393.3203125   9.3028906e-20
  16478.0410156   6.8326702e-20
  16562.7597656   9.3991951e-20
  16647.4804688   8.2176336e-20
  16732.2011719   8.9237175e-20
  16816.9199219   6.0630814e-20
  16901.6406250   9.2108901e-20
  16986.3593750   9.7791832e-20
  17071.0800781   9.6503776e-20
  17155.8007812   9.5893704e-20
  17240.5195312   9.2116584e-20
  17325.2402344   8.3661732e-20
  17409.9609375   7.1031259e-20
  17494.6796875   8.9053554e-20
  17579.4003906   9.1097517e-20
  17664.1210938   9.0611516e-20
  17748.8398438   8.9847505e-20
  17833.5605469   8.9726446e-20
  17918.2792969   8.8184478e-20
  18003.0000000   8.8021194e-20
  18087.7207031   8.5146302e-20
  18172.4394531   8.4242070e-20
  18257.1601562   7.9148518e-20
  18341.8808594   7.2744273e-20
  18426.5996094   6.5766701e-20
  18511.3203125   8.2942841e-20
  18596.0410156   8.1477723e-20
  18680.7597656   8.2002925e-20
  18765.4804688   8.2225075e-20
  18850.2011719   8.2300581e-20
  18934.9199219   8.2019132e-20
  19019.6406250   8.1842458e-20
  19104.3593750   8.4787325e-20
  19189.0800781   8.0653528e-20
  19273.8007812   8.0209507e-20
  19358.5195312   8.2281426e-20
  19443.2402344   7.9623721e-20
  19527.9609375   8.0118672e-20
  19612.6796875   7.8013795e-20
  19697.4003906   7.8056634e-20
  19782.1210938   7.8430164e-20
  19866.8398438   7.6733073e-20
  19951.5605469   7.4489430e-20
  20036.2812500   7.6269419e-20
  20121.0000000   7.6548625e-20
  20205.7207031   7.6016276e-20
  20290.4394531   7.5044688e-20
  20375.1601562   7.3606505e-20
  20459.8808594   7.2712646e-20
  20544.5996094   6.3777286e-20
  20629.3203125   5.5315274e-20
  20714.0410156   6.9266043e-20
  20798.7597656   7.0233722e-20
  20883.4804688   6.9029172e-20
  20968.2011719   7.0530156e-20
  21052.9199219   6.9644594e-20
  21137.6406250   6.6890232e-20
  21222.3593750   6.4414596e-20
  21307.0800781   6.6021653e-20
  21391.8007812   6.5199571e-20
  21476.5195312   6.6553543e-20
  21561.2402344   6.4555068e-20
  21645.9609375   6.4666589e-20
  21730.6796875   6.3160707e-20
  21815.4003906   6.1680151e-20
  21900.1210938   5.9637299e-20
  21984.8398438   5.9933998e-20
  22069.5605469   6.0739284e-20
  22154.2812500   6.1250398e-20
  22239.0000000   6.2056201e-20
  22323.7207031   5.8349165e-20
  22408.4394531   6.1511884e-20
  22493.1601562   6.2237703e-20
  22577.8808594   5.8795210e-20
  22662.5996094   6.0874418e-20
  22747.3203125   6.0433292e-20
  22832.0410156   5.9254295e-20
  22916.7597656   5.8275921e-20
  23001.4804688   5.8397103e-20
  23086.2011719   5.9028326e-20
  23170.9199219   5.7659323e-20
  23255.6406250   5.7431105e-20
  23340.3593750   5.6907112e-20
  23425.0800781   5.7161857e-20
  23509.8007812   5.7403368e-20
  23594.5195312   5.6569467e-20
  23679.2402344   5.5425922e-20
  23763.9609375   5.6177790e-20
  23848.6796875   5.5436876e-20
  23933.4003906   5.5327668e-20
  24018.1210938   5.4397866e-20
  24102.8398438   5.5041923e-20
  24187.5605469   5.3990392e-20
  24272.2812500   5.5926948e-20
  24357.0000000   5.4255190e-20
  24441.7207031   5.4441603e-20
  24526.4394531   5.3078639e-20
  24611.1601562   5.3897764e-20
  24695.8808594   5.4420807e-20
  24780.5996094   5.3164733e-20
  24865.3203125   5.2689844e-20
  24950.0410156   5.0070574e-20
  25034.7597656   5.1928292e-20
  25119.4804688   5.1722534e-20
  25204.2011719   5.1449080e-20
  25288.9199219   5.1715493e-20
  25373.6406250   5.0834343e-20
  25458.3613281   5.0249894e-20
  25543.0800781   5.0745343e-20
  25627.8007812   5.0943853e-20
  25712.5195312   5.0764291e-20
  25797.2402344   4.9476438e-20
  25881.9609375   4.9363790e-20
  25966.6796875   4.7723827e-20
  26051.4003906   4.7745841e-20
  26136.1210938   4.6618636e-20
  26220.8398438   4.7789895e-20
  26305.5605469   4.7379038e-20
  26390.2812500   4.6277970e-20
  26475.0000000   4.5000648e-20
  26559.7207031   4.6293825e-20
  26644.4394531   4.6626620e-20
  26729.1601562   4.5700524e-20
  26813.8808594   4.5938380e-20
  26898.5996094   4.5580456e-20
  26983.3203125   4.5357799e-20
  27068.0410156   4.5771632e-20
  27152.7597656   4.4979704e-20
  27237.4804688   4.5149715e-20
  27322.2011719   4.4858774e-20
  27406.9199219   4.4649051e-20
  27491.6406250   4.3748012e-20
  27576.3613281   4.4283670e-20
  27661.0800781   4.3748203e-20
  27745.8007812   4.1381436e-20
  27830.5195312   3.7033396e-20
  27915.2402344   4.2533979e-20
  27999.9609375   4.3422410e-20
  28084.6796875   4.3089767e-20
  28169.4003906   4.2797814e-20
  28254.1210938   4.1989604e-20
  28338.8398438   4.2457462e-20
  28423.5605469   4.1391071e-20
  28508.2812500   4.1940396e-20
  28593.0000000   4.1294659e-20
  28677.7207031   4.1517966e-20
  28762.4394531   4.0953305e-20
  28847.1601562   4.0986412e-20
  28931.8808594   4.1033063e-20
  29016.5996094   4.0250576e-20
  29101.3203125   4.0623341e-20
  29186.0410156   4.0751463e-20
  29270.7597656   4.0498643e-20
  29355.4804688   4.0123501e-20
  29440.2011719   3.9720942e-20
  29524.9199219   3.9835196e-20
  29609.6406250   3.9704724e-20
  29694.3613281   3.8920722e-20
  29779.0800781   3.9184680e-20
  29863.8007812   3.8972036e-20
  29948.5195312   3.8282953e-20
  30033.2402344   3.7525543e-20
  30117.9609375   3.6944859e-20
  30202.6796875   3.6350481e-20
  30287.4003906   3.6110056e-20
  30372.1210938   3.6210106e-20
  30456.8398438   3.5846967e-20
  30541.5605469   3.6260393e-20
  30626.2812500   3.6701148e-20
  30711.0000000   3.6555725e-20
  30795.7207031   3.6396810e-20
  30880.4414062   3.5856099e-20
  30965.1601562   3.6419673e-20
  31049.8808594   3.6287796e-20
  31134.5996094   3.6169419e-20
  31219.3203125   3.6937721e-20
  31304.0410156   3.5850906e-20
  31388.7597656   3.6005382e-20
  31473.4804688   3.6350959e-20
  31558.2011719   3.6123223e-20
  31642.9199219   3.6332286e-20
  31727.6406250   3.6009020e-20
  31812.3613281   3.6354633e-20
  31897.0800781   3.6481786e-20
  31981.8007812   3.6540636e-20
  32066.5195312   3.6121633e-20
  32151.2402344   3.5524742e-20
  32235.9609375   3.5392373e-20
  32320.6796875   3.5123097e-20
  32405.4003906   3.4443933e-20
  32490.1210938   3.3641697e-20
  32574.8398438   3.4274171e-20
  32659.5605469   3.3539906e-20
  32744.2812500   3.3653074e-20
  32829.0000000   3.3397033e-20
  32913.7187500   3.3400849e-20
  32998.4414062   3.3691674e-20
  33083.1601562   3.3531217e-20
  33167.8789062   3.3329776e-20
  33252.6015625   3.2936745e-20
  33337.3203125   3.2680407e-20
  33422.0390625   3.1945053e-20
  33506.7617188   3.1360239e-20
  33591.4804688   3.1719275e-20
  33676.1992188   3.1175268e-20
  33760.9218750   3.1684882e-20
  33845.6406250   3.1797802e-20
  33930.3593750   3.2157041e-20
  34015.0820312   3.1927659e-20
  34099.8007812   3.1629687e-20
  34184.5195312   3.1496059e-20
  34269.2421875   3.0924086e-20
  34353.9609375   3.0803990e-20
  34438.6796875   3.1259036e-20
  34523.4023438   3.1440363e-20
  34608.1210938   3.1402413e-20
  34692.8398438   3.0610865e-20
  34777.5585938   3.0668729e-20
  34862.2812500   3.0658089e-20
  34947.0000000   3.0688536e-20
  35031.7187500   3.0760052e-20
  35116.4414062   3.0667114e-20
  35201.1601562   2.9710334e-20
  35285.8789062   2.9699510e-20
  35370.6015625   2.9620048e-20
  35455.3203125   2.9609253e-20
  35540.0390625   2.9159519e-20
  35624.7617188   2.9546381e-20
  35709.4804688   2.8918099e-20
  35794.1992188   2.8591524e-20
  35878.9218750   2.8388451e-20
  35963.6406250   2.8788971e-20
  36048.3593750   2.7556569e-20
  36133.0820312   2.8917972e-20
  36217.8007812   2.6395001e-20
  36302.5195312   2.9280145e-20
  36387.2421875   2.8280685e-20
  36471.9609375   2.8242085e-20
  36556.6796875   2.9576502e-20
  36641.4023438   2.9167203e-20
  36726.1210938   2.6079850e-20
  36810.8398438   2.8609360e-20
  36895.5585938   2.9614588e-20
  36980.2812500   2.8889154e-20
  37065.0000000   2.6927160e-20
  37149.7187500   2.8701991e-20
  37234.4414062   2.9638786e-20
  37319.1601562   2.8473356e-20
  37403.8789062   2.8915559e-20
  37488.6015625   2.8148472e-20
  37573.3203125   2.6803746e-20
  37658.0390625   2.8015767e-20
  37742.7617188   2.8568052e-20
  37827.4804688   2.8268022e-20
  37912.1992188   2.8476733e-20
  37996.9218750   2.8300317e-20
  38081.6406250   2.7876462e-20
  38166.3593750   2.6035788e-20
  38251.0820312   2.7110851e-20
  38335.8007812   2.8172214e-20
  38420.5195312   2.8229561e-20
  38505.2421875   2.7447743e-20
  38589.9609375   2.7628915e-20
  38674.6796875   2.7961435e-20
  38759.4023438   2.7812261e-20
  38844.1210938   2.7580541e-20
  38928.8398438   2.7472707e-20
  39013.5625000   2.5891884e-20
  39098.2812500   2.4668828e-20
  39183.0000000   2.5565670e-20
  39267.7187500   2.6311205e-20
  39352.4414062   2.6574828e-20
  39437.1601562   2.6356658e-20
  39521.8789062   2.6441410e-20
  39606.6015625   2.6209253e-20
  39691.3203125   2.6087409e-20
  39776.0390625   2.6309820e-20
  39860.7617188   2.5650580e-20
  39945.4804688   2.6176126e-20
  40030.1992188   2.5241234e-20
  40114.9218750   2.5932057e-20
  40199.6406250   2.5810027e-20
  40284.3593750   2.5453747e-20
  40369.0820312   2.5207559e-20
  40453.8007812   2.3734655e-20
  40538.5195312   2.5018297e-20
  40623.2421875   2.5461349e-20
  40707.9609375   2.5339200e-20
  40792.6796875   2.5382414e-20
  40877.4023438   2.4929238e-20
  40962.1210938   2.5013791e-20
  41046.8398438   2.5139783e-20
  41131.5625000   2.4989965e-20
  41216.2812500   2.4771098e-20
  41301.0000000   2.4345294e-20
  41385.7187500   2.4691913e-20
  41470.4414062   2.4252238e-20
  41555.1601562   2.4874773e-20
  41639.8789062   2.4835148e-20
  41724.6015625   2.4602397e-20
  41809.3203125   2.4203928e-20
  41894.0390625   2.4095217e-20
  41978.7617188   2.4069305e-20
  42063.4804688   2.4319433e-20
  42148.1992188   2.4252131e-20
  42232.9218750   2.4212434e-20
  42317.6406250   2.4186503e-20
  42465.9023438   2.3416790e-20
  42677.6992188   2.2813603e-20
  42889.5000000   2.3246284e-20
  43101.3007812   2.2725803e-20
  43313.1015625   2.2757863e-20
  43524.9023438   2.2775861e-20
  43736.6992188   2.2697177e-20
  43948.5000000   2.2328195e-20
  44160.3007812   2.1986445e-20
  44372.1015625   2.1824627e-20
  44583.9023438   2.1565749e-20
  44795.6992188   2.1500402e-20
  45007.5000000   2.1351913e-20
  45219.3007812   2.0912662e-20
  45431.1015625   2.0944097e-20
  45642.9023438   2.0933705e-20
  45854.6992188   2.0355732e-20
  46066.5000000   1.9819118e-20
  46278.3007812   1.9171294e-20
  46490.1015625   1.9022091e-20
  46701.9023438   1.9066839e-20
  46913.6992188   1.8640345e-20
  47125.5000000   1.8906654e-20
  47337.3007812   1.8937319e-20
  47549.1015625   1.8926510e-20
  47760.9023438   1.8596599e-20
  47972.6992188   1.8336025e-20
  48184.5000000   1.7964418e-20
  48396.3007812   1.7689458e-20
  48608.1015625   1.7886558e-20
  48819.9023438   1.8166655e-20
  49031.6992188   1.7989130e-20
  49243.5000000   1.7783478e-20
  49455.3007812   1.7508289e-20
  49667.1015625   1.7274796e-20
  49878.9023438   1.7249475e-20
  50090.6992188   1.7001877e-20
  50302.5000000   1.6809876e-20
  50514.3007812   1.6603845e-20
  50726.1015625   1.6091972e-20
  50937.9023438   1.6622304e-20
  51149.6992188   1.6026943e-20
  51361.5000000   1.6251490e-20
  51573.3007812   1.6197977e-20
  51785.1015625   1.6228095e-20
  51996.9023438   1.6021593e-20
  52208.6992188   1.5689792e-20
  52420.5000000   1.5803139e-20
  52632.3007812   1.5485176e-20
  52844.1015625   1.5208837e-20
  53055.9023438   1.5210842e-20
  53267.6992188   1.5059687e-20
  53479.5000000   1.5353868e-20
  53691.3007812   1.4771013e-20
  53903.1015625   1.5065243e-20
  54114.9023438   1.4774645e-20
  54326.6992188   1.4191508e-20
  54538.5000000   1.4374296e-20
  54750.3007812   1.4710286e-20
  54962.1015625   1.4475215e-20
  55173.9023438   1.4630137e-20
  55385.6992188   1.4450758e-20
  55597.5000000   1.4285244e-20
  55809.3007812   1.4119580e-20
  56021.1015625   1.4093311e-20
  56232.9023438   1.3806232e-20
  56444.6992188   1.3807871e-20
  56656.5000000   1.3541586e-20
  56868.3007812   1.3883454e-20
  57080.1015625   1.3836098e-20
  57291.9023438   1.3819459e-20
  57503.6992188   1.3355010e-20
  57715.5000000   1.3170889e-20
  57927.3007812   1.3406724e-20
  58139.1015625   1.3116513e-20
  58350.9023438   1.3270059e-20
  58562.6992188   1.3235079e-20
  58774.5000000   1.3075906e-20
  58986.3007812   1.2960018e-20
  59198.1015625   1.2584332e-20
  59409.9023438   1.2677749e-20
  59621.6992188   1.2331294e-20
  59833.5000000   1.1940069e-20
  60045.3007812   1.2005534e-20
  60257.1015625   1.2072312e-20
  60468.9023438   1.2133599e-20
  60680.6992188   1.2000684e-20
  60892.5000000   1.2135944e-20
  61104.3007812   1.1729003e-20
  61316.1015625   1.1712016e-20
  61527.9023438   1.1409829e-20
  61718.5195312   1.1695978e-20
  61930.3203125   1.1564150e-20
  62163.3007812   1.1364070e-20
  62375.1015625   1.1211237e-20
  62586.9023438   1.1206708e-20
  62798.6992188   1.1413337e-20
  63010.5000000   1.1422714e-20
  63222.3007812   1.1600011e-20
  63434.1015625   1.1380002e-20
  63645.9023438   1.1038283e-20
  63857.6992188   1.1186154e-20
  64069.5000000   1.0910081e-20
  64281.3007812   1.1242646e-20
  64493.1015625   1.1035084e-20
  64704.9023438   1.1317351e-20
  64916.6992188   1.1050992e-20
  65128.5000000   1.0834970e-20
  65340.3007812   1.1066825e-20
  65552.1015625   1.0961279e-20
  65763.8984375   1.0736774e-20
  65975.7031250   1.0433872e-20
  66187.5000000   1.0703488e-20
  66399.3046875   1.0716987e-20
  66611.1015625   1.0813151e-20
  66822.8984375   9.9860774e-21
  67034.7031250   1.0176097e-20
  67246.5000000   1.0186605e-20
  67458.3046875   1.0331821e-20
  67670.1015625   1.0356353e-20
  67987.8046875   1.0357626e-20
  68411.3984375   1.0318489e-20
  68835.0000000   9.8995732e-21
  69258.6015625   1.0289346e-20
  69682.2031250   1.0136711e-20
  70105.8046875   9.8534635e-21
  70529.3984375   9.6122232e-21
  70953.0000000   1.0171942e-20
  71376.6015625   9.5041736e-21
  71800.2031250   9.6681524e-21
  72223.8046875   9.4646442e-21
  72647.3984375   9.5318462e-21
  73071.0000000   9.1457499e-21
  73494.6015625   9.0360354e-21
  73918.2031250   8.9782418e-21
  74341.8046875   9.0467968e-21
  74765.3984375   8.6855725e-21
  75189.0000000   8.3889112e-21
  75612.6015625   8.6541211e-21
  76036.2031250   7.7671242e-21
  76459.8046875   7.8847712e-21
  76883.3984375   7.8659900e-21
  77307.0000000   7.3875961e-21
  77730.6015625   7.1889290e-21
  78154.2031250   7.5032826e-21
  78577.8046875   7.4605657e-21
  79001.3984375   7.0943961e-21
  79425.0000000   6.8181323e-21
  79848.6015625   6.8765923e-21
  80272.2031250   6.6522273e-21
  80695.8046875   7.1059960e-21
  81119.3984375   6.6636014e-21
  81543.0000000   6.7458732e-21
  81966.6015625   6.7311645e-21
  82390.2031250   6.1421182e-21
  82813.8046875   6.3102487e-21
  83237.3984375   6.2517685e-21
  83661.0000000   6.1018420e-21
  84084.6015625   5.7856417e-21
  84508.2031250   6.0157627e-21
  84931.8046875   5.9135493e-21
  85355.3984375   6.0703821e-21
  85779.0000000   5.7399840e-21
  86202.6015625   5.5771437e-21
  86626.2031250   5.3987788e-21
  87049.8046875   5.3062562e-21
  87473.3984375   5.1616559e-21
  87897.0000000   5.0549823e-21
  88320.6015625   5.3908653e-21
  88744.2031250   5.0263359e-21
  89167.8046875   5.0676526e-21
  89591.3984375   4.9003278e-21
  90015.0000000   4.9458623e-21
  90438.6015625   4.8547012e-21
  90862.2031250   4.6605125e-21
  91285.8046875   4.6820741e-21
  91709.3984375   4.5456115e-21
  92133.0000000   4.3823778e-21
  92556.6015625   4.3404485e-21
  92980.2031250   4.1884622e-21
  93403.8046875   4.0054129e-21
  93827.3984375   4.0169874e-21
  94251.0000000   4.0864730e-21
  94674.6015625   4.0289661e-21
  95098.2031250   4.0941797e-21
  95521.8046875   3.8630538e-21
  95945.3984375   3.7998694e-21
  96369.0000000   3.8157228e-21
  96792.6015625   3.7157539e-21
  97216.2031250   3.3334607e-21
  97639.8046875   3.6585116e-21
  98063.3984375   3.7477449e-21
  98487.0000000   3.2071711e-21
  98910.6015625   3.6212651e-21
  99334.2031250   3.3362583e-21
  99757.8046875   3.0554053e-21
 100181.3984375   3.2223627e-21
 100605.0000000   3.2466540e-21
 101028.6015625   2.8216050e-21
 101452.2031250   3.1638025e-21
 101875.8046875   3.0058003e-21
 102299.3984375   2.6202347e-21
 102723.0000000   2.6543448e-21
 103146.6015625   2.6022642e-21
 103570.2031250   2.5035443e-21
 103993.8046875   2.4457604e-21
 104417.3984375   2.4374822e-21
 104841.0000000   2.3387189e-21
 105264.6015625   2.1225600e-21
 105688.2031250   2.1043305e-21
 106111.8046875   2.1398664e-21
 106535.3984375   2.0297261e-21
 106959.0000000   2.0878707e-21
 107382.6015625   2.0838033e-21
 107806.2031250   2.0698301e-21
 108229.8046875   2.0884026e-21
 108653.3984375   2.0857260e-21
 109077.0000000   2.1283567e-21
 109500.6015625   2.0945752e-21
 109924.2031250   2.0919000e-21
 110347.8046875   2.1543598e-21
 110771.3984375   2.0965078e-21
 111195.0000000   2.1292451e-21
 111618.6015625   2.1846206e-21
 112042.2031250   2.0927637e-21
 112465.8046875   2.1467568e-21
 112889.3984375   2.1893940e-21
 113313.0000000   2.1074472e-21
 113736.6015625   2.0056412e-21
 114160.2031250   2.0568082e-21
 114583.8046875   2.0612030e-21
 115007.3984375   2.0202990e-21
 115431.0000000   2.1409098e-21
 115854.6015625   2.0857993e-21
 116278.2031250   2.1653347e-21
 116701.8046875   2.0606509e-21
 117125.3984375   2.0012946e-21
 117549.0000000   2.0212841e-21
 117972.6015625   2.0597371e-21
 118396.2031250   2.0669957e-21
 118819.8046875   1.9948361e-21
 119243.3984375   1.9524772e-21
 119667.0000000   1.9625702e-21
 120090.6015625   1.8563793e-21
 120514.2031250   1.6806479e-21
 120937.8046875   1.8097296e-21
 121361.3984375   1.8381015e-21
 121785.0000000   1.7629273e-21
 122208.6015625   1.7189655e-21
 122632.2031250   1.6409561e-21
 123055.8046875   1.7076187e-21
 123479.3984375   1.6182616e-21
 123903.0000000   1.5246556e-21
 124326.6015625   1.5090539e-21
 124750.2031250   1.4579978e-21
 125173.8046875   1.4137451e-21
 125597.3984375   1.3862313e-21
 126021.0000000   1.3624027e-21
 126444.6015625   1.3277988e-21
 126868.2031250   1.3150313e-21
 127291.8046875   1.3035483e-21
 127715.3984375   1.2851082e-21
 128139.0000000   1.2668120e-21
 128562.6015625   1.2444021e-21
 128986.2031250   1.2400048e-21
 129409.8046875   1.2307867e-21
 129833.3984375   1.2214279e-21
 130257.0000000   1.2133439e-21
 130680.6015625   1.1954709e-21
 131104.2031250   1.1810052e-21
 131527.7968750   1.1771784e-21
 131951.4062500   1.1614336e-21
 132375.0000000   1.1489531e-21
 132798.6093750   1.1346266e-21
 133222.2031250   1.1241313e-21
 133645.7968750   1.1113680e-21
 134069.4062500   1.0964745e-21
 134493.0000000   1.0881083e-21
 134916.6093750   1.0813009e-21
 135340.2031250   1.0764772e-21
 135975.6093750   1.0580429e-21
 136822.7968750   1.0370507e-21
 137670.0000000   1.0266956e-21
 138517.2031250   1.0092511e-21
 139364.4062500   9.9166303e-22
 140211.6093750   9.7606464e-22
 141058.7968750   9.7805141e-22
 141906.0000000   9.9691187e-22
 142753.2031250   9.6088893e-22
 143600.4062500   9.6755433e-22
 144447.6093750   9.7805141e-22
 145294.7968750   9.9691187e-22
 146142.0000000   9.7521201e-22
 146989.2031250   9.5719923e-22
 147836.4062500   9.1266506e-22
 148683.6093750   9.2103643e-22
 149530.7968750   8.9550470e-22
 150378.0000000   8.4586478e-22
 151225.2031250   8.5763675e-22
 152072.4062500   8.2572482e-22
 152919.6093750   8.2246380e-22
 153766.7968750   7.7722085e-22
 154614.0000000   7.5566246e-22
 155461.2031250   7.3991876e-22
 156308.4062500   7.0843395e-22
 157155.6093750   6.8049393e-22
 158002.7968750   6.6177256e-22
 158850.0000000   6.3170421e-22
 159697.2031250   6.1823072e-22
 160544.4062500   6.0574920e-22
 161391.6093750   5.9241808e-22
 162238.7968750   5.7979530e-22
 163086.0000000   5.7142777e-22
 163933.2031250   5.6022327e-22
 164780.4062500   5.5100452e-22
 165627.6093750   5.4192795e-22
 166474.7968750   5.3738926e-22
 167322.0000000   5.3043921e-22
 168169.2031250   5.2533184e-22
 169016.4062500   5.1724809e-22
 169863.6093750   5.1029844e-22
 170710.7968750   5.0590243e-22
 171558.0000000   5.0264026e-22
 172405.2031250   5.0037162e-22
 173252.4062500   4.9994551e-22
 174099.6093750   5.0136369e-22
 174946.7968750   4.9257025e-22
 175794.0000000   4.7399014e-22
 176641.2031250   4.7668529e-22
 177488.4062500   4.7966318e-22
 178335.6093750   4.6704090e-22
 179182.7968750   4.7016090e-22
 180030.0000000   4.6533948e-22
 180877.2031250   4.6207700e-22
 181724.4062500   4.3952730e-22
 182571.6093750   4.1640862e-22
 183418.7968750   4.1399799e-22
 184266.0000000   3.8690813e-22
 185113.2031250   3.7456883e-22
 185960.4062500   3.6535021e-22
 186807.6093750   3.5712458e-22
 187654.7968750   3.5499632e-22
 188502.0000000   3.4506919e-22
 189349.2031250   3.3655883e-22
 190196.4062500   3.4024608e-22
 191043.6093750   3.3230388e-22
 191890.7968750   3.1542711e-22
 192738.0000000   3.0209536e-22
 193585.2031250   2.9145818e-22
 194432.4062500   2.8379850e-22
 195279.6093750   2.8621050e-22
 196126.7968750   2.8195487e-22
 196974.0000000   2.7911865e-22
 197821.2031250   2.7443764e-22
 198668.4062500   2.6493604e-22
 199515.6093750   2.6139016e-22
 200362.7968750   2.6862314e-22
 201210.0000000   2.6195675e-22
 202057.2031250   2.5713521e-22
 202904.4062500   2.5259644e-22
 203751.6093750   2.4621419e-22
 204598.7968750   2.4635591e-22
 205446.0000000   2.4110884e-22
 206293.2031250   2.3727881e-22
 207140.4062500   2.3529363e-22
 207987.6093750   2.3004567e-22
 208834.7968750   2.2820216e-22
 209682.0000000   2.1997648e-22
 210529.2031250   2.1657248e-22
 211376.4062500   2.1557890e-22
 212223.6093750   2.1401953e-22
 213070.7968750   2.1004800e-22
 213918.0000000   2.0394927e-22
 214765.2031250   2.0182238e-22
 215612.4062500   2.0125501e-22
 216459.6093750   1.9941092e-22
 217306.7968750   1.9756721e-22
 218154.0000000   1.9487252e-22
 219001.2031250   1.9487252e-22
 219848.4062500   1.9146894e-22
 220695.6093750   1.8820660e-22
 221542.7968750   1.8522831e-22
 222390.0000000   1.8381016e-22
 223237.2031250   1.8366814e-22
 224084.4062500   1.8040556e-22
 224931.6093750   1.7728579e-22
 225778.7968750   1.7501677e-22
 226626.0000000   1.7189581e-22
 227473.2031250   1.7019435e-22
 228320.4062500   1.6806702e-22
 229167.6093750   1.6679050e-22
 230014.7968750   1.6551424e-22
 230862.0000000   1.6452137e-22
 231709.2031250   1.6210999e-22
 232556.4062500   1.6097556e-22
 233403.6093750   1.5870605e-22
 234250.7968750   1.5955728e-22
 235098.0000000   1.5473483e-22
 235945.2031250   1.5615344e-22
 236792.4062500   1.5218192e-22
 237639.6093750   1.5161488e-22
 238486.7968750   1.4821112e-22
 239334.0000000   1.4792696e-22
 240181.2031250   1.4537394e-22
 241028.4062500   1.4282108e-22
 241875.6093750   1.4131801e-22
 242722.7968750   1.3988542e-22
 243570.0000000   1.3750261e-22
 244417.2031250   1.3529044e-22
 245264.4062500   1.3597127e-22
 246111.6093750   1.3441096e-22
 246958.7968750   1.3373029e-22
 247806.0000000   1.3232580e-22
 248653.2031250   1.3112019e-22
 249500.4062500   1.2910649e-22
 250347.6093750   1.2707850e-22
 251194.7968750   1.2489409e-22
 252042.0000000   1.2327721e-22
 252889.2031250   1.2262491e-22
 253736.4062500   1.2075282e-22
 254583.6093750   1.1878142e-22
 255430.7968750   1.1790204e-22
 256278.0000000   1.1726376e-22
 257125.2031250   1.1669657e-22
 257972.4062500   1.1522174e-22
 258819.6093750   1.1329287e-22
 259666.7968750   1.1183157e-22
 260514.0000000   1.1051282e-22
 261361.2031250   1.0882517e-22
 262208.4062500   1.0665526e-22
 263055.5937500   1.0529345e-22
 263902.8125000   1.0420134e-22
 264750.0000000   1.0339310e-22
 265597.2187500   1.0160600e-22
 266444.4062500   9.9705632e-23
 267291.5937500   9.8301239e-23
 268138.8125000   9.7549479e-23
 268986.0000000   9.7067410e-23
 269833.2187500   9.6613606e-23
 270680.4062500   9.5081815e-23
 271951.2187500   9.2245330e-23
 273645.5937500   8.9720533e-23
 275340.0000000   8.8103955e-23
 277034.4062500   8.6174837e-23
 278728.8125000   8.3253414e-23
 280423.2187500   8.0927448e-23
 282117.5937500   7.9934506e-23
 283812.0000000   7.8558751e-23
 285506.4062500   7.6786004e-23
 287200.8125000   7.4573552e-23
 288895.2187500   7.3396357e-23
 290589.5937500   7.1935406e-23
 292284.0000000   6.9354013e-23
 293978.4062500   6.7737201e-23
 295672.8125000   6.6276439e-23
 297367.2187500   6.5099434e-23
 299061.5937500   6.3596048e-23
 300756.0000000   6.2447157e-23
 302450.4062500   6.1156587e-23
 304144.8125000   6.0234560e-23
 305839.2187500   5.9440398e-23
 307533.5937500   5.8560957e-23
 309228.0000000   5.7284498e-23
 310922.4062500   5.6008051e-23
 312616.8125000   5.4703326e-23
 314311.2187500   5.3639657e-23
 316005.5937500   5.3086332e-23
 317700.0000000   5.2065309e-23
 319394.4062500   5.1256925e-23
 321088.8125000   4.9569094e-23
 322783.2187500   4.8661425e-23
 324477.5937500   4.7257258e-23
 326172.0000000   4.6831848e-23
 327866.4062500   4.6179296e-23
 329560.8125000   4.5427574e-23
 331255.2187500   4.4363868e-23
 332949.5937500   4.3286079e-23
 334644.0000000   4.2591181e-23
 336338.4062500   4.2179793e-23
 338032.8125000   4.1413983e-23
 339727.2187500   4.0789962e-23
 341421.5937500   3.9882106e-23
 343116.0000000   3.9201373e-23
 344810.4062500   3.8392904e-23
 346504.8125000   3.7712237e-23
 348199.2187500   3.6719364e-23
 349893.5937500   3.6095309e-23
 351588.0000000   3.5513821e-23
 353282.4062500   3.4946611e-23
 354976.8125000   3.4563647e-23
 356671.2187500   3.3939538e-23
 358365.5937500   3.3329777e-23
 360060.0000000   3.2748223e-23
 361754.4062500   3.2351107e-23
 363448.8125000   3.1897247e-23
 365143.2187500   3.1386696e-23
 366837.5937500   3.0876044e-23
 368532.0000000   3.0365430e-23
 370226.4062500   3.0025150e-23
 371920.8125000   2.9755647e-23
 373615.2187500   2.9599629e-23
 375309.5937500   2.9188349e-23
 377004.0000000   2.8862145e-23
 378698.4062500   2.8309018e-23
 380392.8125000   2.7812629e-23
 382087.2187500   2.7472223e-23
 383781.5937500   2.6805629e-23
 385476.0000000   2.6295033e-23
 387170.4062500   2.5756015e-23
 388864.8125000   2.5344763e-23
 390559.2187500   2.5146189e-23
 392253.5937500   2.5146189e-23
 393948.0000000   2.4905052e-23
 395642.4062500   2.4295201e-23
 397336.8125000   2.3827190e-23
 399031.2187500   2.3373327e-23
 400725.5937500   2.3047139e-23
 402420.0000000   2.3018814e-23
 404114.4062500   2.2749270e-23
 405808.8125000   2.2338002e-23
 407503.2187500   2.2082732e-23
 409197.5937500   2.1614678e-23
 410892.0000000   2.1146603e-23
 412586.4062500   2.1089934e-23
 414280.8125000   2.0933888e-23
 415975.2187500   2.0636035e-23
 417669.5937500   2.0494234e-23
 419364.0000000   2.0295656e-23
 421058.4062500   1.9855973e-23
 422752.8125000   1.9373755e-23
 424447.2187500   1.8962452e-23
 847200.0000000   8.5905414e-25
1694400.0000000   5.4958590e-26
2541600.0000000   1.0895285e-26
3388800.0000000   3.4464358e-27
4236000.0000000   1.4090650e-27
5083200.0000000   6.7822336e-28
5930400.0000000   3.6535021e-28
6777600.0000000   2.1373585e-28
