    370.7339783   4.1030840e-25
    382.9559937   4.6948135e-25
    391.1040039   5.0207471e-25
    399.2519836   2.8130880e-24
    407.3999939   7.7842562e-24
    415.5479736   8.4477213e-24
    423.6959839   8.0215739e-24
    431.8439941   8.1544907e-24
    439.9919739   8.3211265e-24
    448.1399841   9.5056627e-24
    464.4359741   9.8621513e-24
    480.7319946   9.5773615e-24
    492.9539795   1.2129958e-23
    509.2500000   1.2594045e-23
    517.3980103   1.2868288e-23
    521.4719849   1.3068710e-23
    533.6939697   1.2604558e-23
    537.7680054   1.3047606e-23
    545.9159546   1.2456907e-23
    558.1380005   1.3859797e-23
    570.3599854   1.3891426e-23
    582.5819702   1.7551455e-23
    598.8779907   2.1833895e-23
    615.1740112   1.9544993e-23
    631.4699707   2.2055368e-23
    647.7659912   2.2150304e-23
    659.9879761   2.2181942e-23
    676.2839966   2.2319044e-23
    692.5799561   2.2297980e-23
    704.8020020   1.8332053e-23
    721.0979614   2.2466759e-23
    733.3200073   2.2498357e-23
    741.4679565   2.2498357e-23
    757.7639771   2.2540586e-23
    778.1339722   2.2561682e-23
    790.3559570   2.2698838e-23
    806.6519775   2.2635524e-23
    822.9479980   2.2719884e-23
    835.1699829   2.2698838e-23
    855.5399780   2.2002640e-23
    879.9839478   2.2677714e-23
    896.2799683   2.2751536e-23
    908.5019531   2.2487884e-23
    924.7979736   2.2052461e-23
    937.0199585   2.6810773e-23
    953.3159790   3.8534574e-23
    977.7599487   3.9656044e-23
   1002.2039795   3.5013235e-23
   1026.6479492   3.4173117e-23
   1047.0179443   3.0085959e-23
   1059.2399902   3.0748930e-23
   1075.5360107   3.7250946e-23
   1095.9060059   3.6571891e-23
   1116.2760010   3.5536862e-23
   1136.6459961   2.9394261e-23
   1157.0159912   3.3366052e-23
   1181.4599609   3.2874986e-23
   1205.9039307   2.8784127e-23
   1226.2739258   2.5159851e-23
   1254.7919922   2.5553060e-23
   1295.5319824   2.3184972e-23
   1336.2719727   2.2110067e-23
   1377.0119629   1.9324440e-23
   1417.7519531   1.6931290e-23
   1454.4179688   2.1210659e-23
   1491.0839844   3.0166666e-23
   1527.7500000   2.7797202e-23
   1568.4899902   2.0550988e-23
   1609.2299805   2.8495587e-23
   1649.9699707   3.2990116e-23
   1686.6359863   3.0904762e-23
   1719.2279053   2.6619294e-23
   1751.8199463   2.4175210e-23
   1796.6339111   2.6433012e-23
   1837.3739014   2.5454718e-23
   1874.0399170   2.1284753e-23
   1914.7799072   2.0575463e-23
   1955.5198975   2.2009115e-23
   1996.2598877   1.7747873e-23
   2037.0000000   2.0972970e-23
   2061.4438477   1.7587875e-23
   2085.8879395   2.7077496e-23
   2118.4799805   2.4941138e-23
   2159.2199707   2.2194709e-23
   2199.9599609   1.7647142e-23
   2240.6999512   1.6605353e-23
   2281.4399414   2.1267464e-23
   2322.1799316   2.3267801e-23
   2362.9199219   2.2291616e-23
   2403.6599121   2.2309832e-23
   2444.3999023   1.8455975e-23
   2485.1398926   1.7758633e-23
   2525.8798828   2.2447034e-23
   2566.6198730   2.1099910e-23
   2607.3598633   2.3366109e-23
   2648.0998535   2.2642286e-23
   2680.6918945   2.0948575e-23
   2709.2099609   2.3944435e-23
   2749.9499512   2.5690792e-23
   2790.6899414   2.2519808e-23
   2831.4299316   2.6989043e-23
   2872.1699219   2.2532668e-23
   2916.9838867   3.0246795e-23
   2957.7238770   3.2036752e-23
   2994.3898926   3.3741231e-23
   3035.1298828   3.4521421e-23
   3075.8698730   3.6561772e-23
   3116.6098633   3.5194231e-23
   3157.3498535   4.2460754e-23
   3198.0898438   4.2254454e-23
   3238.8298340   4.9819132e-23
   3279.5698242   5.8798486e-23
   3320.3098145   7.1679846e-23
   3361.0498047   8.9079246e-23
   3401.7897949   8.7086306e-23
   3442.5297852   1.3332488e-22
   3483.2700195   1.6365275e-22
   3524.0100098   2.1367362e-22
   3564.7500000   2.7266042e-22
   3605.4899902   3.4974046e-22
   3646.2299805   4.5264405e-22
   3686.9699707   5.7759860e-22
   3727.7099609   7.3750068e-22
   3768.4499512   2.7272987e-21
   3809.1899414   5.3111211e-21
   3849.9299316   8.2320344e-21
   3890.6699219   1.1373690e-20
   3931.4099121   1.3008869e-20
   3972.1499023   6.4476204e-21
   4012.8898926   1.3515009e-20
   4053.6298828   1.3984101e-20
   4094.3698730   1.8635980e-20
   4135.1098633   2.0462726e-20
   4175.8500977   1.5423186e-20
   4216.5898438   2.5555417e-20
   4257.3300781   3.6692071e-20
   4298.0698242   3.7126490e-20
   4338.8100586   3.2936842e-20
   4379.5498047   3.7822985e-20
   4420.2900391   3.4667275e-20
   4461.0297852   4.2168805e-20
   4501.7700195   4.1579584e-20
   4542.5097656   4.2154546e-20
   4583.2500000   3.8429622e-20
   4623.9897461   4.7599840e-20
   4664.7299805   4.6988977e-20
   4705.4697266   4.8938470e-20
   4746.2099609   4.9901467e-20
   4786.9497070   3.4900702e-20
   4827.6899414   5.1004228e-20
   4868.4296875   4.5831910e-20
   4909.1699219   3.9951647e-20
   4949.9096680   3.3698876e-20
   4990.6499023   7.6844252e-20
   5031.3896484   9.3708655e-20
   5072.1298828   9.8495989e-20
   5112.8696289   9.8771931e-20
   5153.6098633   9.9392459e-20
   5194.3496094   1.1975237e-19
   5235.0898438   1.2555883e-19
   5275.8300781   1.1125825e-19
   5316.5698242   1.1631214e-19
   5357.3100586   1.3532410e-19
   5398.0498047   1.3302016e-19
   5438.7900391   1.2943845e-19
   5479.5297852   1.4364809e-19
   5520.2700195   1.4477037e-19
   5561.0097656   1.3905832e-19
   5601.7500000   1.4149231e-19
   5642.4897461   1.4345643e-19
   5683.2299805   1.1057142e-19
   5723.9697266   1.1124359e-19
   5764.7099609   1.4477101e-19
   5805.4497070   1.4415178e-19
   5846.1899414   1.5384219e-19
   5874.7080078   1.5845509e-19
   5895.0776367   1.5981233e-19
   5927.6699219   1.5794166e-19
   5968.4096680   1.5367877e-19
   6009.1499023   1.6021571e-19
   6049.8896484   1.6556054e-19
   6090.6298828   1.6801659e-19
   6131.3696289   1.6142347e-19
   6159.8876953   1.5030129e-19
   6180.2578125   1.5636803e-19
   6212.8496094   1.5777805e-19
   6253.5898438   1.3840697e-19
   6294.3295898   1.2645034e-19
   6335.0698242   1.2689539e-19
   6375.8100586   1.4180025e-19
   6416.5498047   1.5106100e-19
   6457.2900391   1.5479647e-19
   6498.0297852   1.5690598e-19
   6538.7700195   1.5614842e-19
   6579.5097656   1.5584013e-19
   6620.2500000   1.5562125e-19
   6660.9897461   1.6554163e-19
   6701.7299805   1.6829428e-19
   6742.4697266   1.6812509e-19
   6783.2099609   1.7610523e-19
   6811.7280273   1.6627756e-19
   6832.0976562   1.8528012e-19
   6864.6899414   1.8465055e-19
   6905.4296875   1.7815972e-19
   6946.1699219   1.7564871e-19
   6986.9096680   1.6789635e-19
   7027.6499023   1.6639883e-19
   7068.3896484   1.7590579e-19
   7109.1298828   1.7376047e-19
   7149.8696289   1.7829905e-19
   7190.6098633   1.7483982e-19
   7231.3496094   1.7247406e-19
   7272.0898438   1.7891168e-19
   7312.8295898   1.8522885e-19
   7353.5698242   1.8854885e-19
   7394.3095703   1.7562249e-19
   7435.0498047   1.8154585e-19
   7475.7895508   1.7909328e-19
   7516.5297852   1.6868201e-19
   7557.2700195   1.6908847e-19
   7598.0097656   1.7211539e-19
   7638.7500000   1.8002856e-19
   7679.4897461   1.6588368e-19
   7720.2299805   1.5871976e-19
   7760.9697266   1.6996329e-19
   7801.7099609   1.6177193e-19
   7842.4497070   1.5568414e-19
   7883.1899414   1.6541445e-19
   7923.9296875   1.6910332e-19
   7964.6699219   1.5565544e-19
   8013.5576172   1.6874203e-19
   8050.2236328   1.7456208e-19
   8082.8159180   1.6620965e-19
   8127.6298828   1.6363479e-19
   8168.3696289   1.7008126e-19
   8209.1093750   1.6793028e-19
   8249.8496094   1.7412869e-19
   8290.5898438   1.6332606e-19
   8331.3300781   1.6697202e-19
   8372.0693359   1.5074751e-19
   8412.8095703   1.5801660e-19
   8449.4755859   1.7401174e-19
   8465.7714844   1.6193044e-19
   8494.2900391   1.6850579e-19
   8535.0292969   1.6122226e-19
   8575.7695312   1.6573586e-19
   8616.5097656   1.6807046e-19
   8657.2500000   1.6943637e-19
   8697.9902344   1.6615930e-19
   8738.7294922   1.6280898e-19
   8779.4697266   1.6891997e-19
   8820.2099609   1.6688259e-19
   8860.9501953   1.6757149e-19
   8901.6894531   1.6381310e-19
   8942.4296875   1.6908772e-19
   8983.1699219   1.6839482e-19
   9023.9101562   1.6556926e-19
   9064.6494141   1.6372824e-19
   9105.3896484   1.6685547e-19
   9146.1298828   1.6698596e-19
   9186.8701172   1.6399236e-19
   9227.6093750   1.6845176e-19
   9268.3496094   1.7033094e-19
   9309.0898438   1.7184875e-19
   9349.8300781   1.6384477e-19
   9390.5693359   1.6825288e-19
   9431.3095703   1.6531931e-19
   9472.0498047   1.4580405e-19
   9512.7900391   1.6172363e-19
   9553.5292969   1.6226148e-19
   9594.2695312   1.6382318e-19
   9635.0097656   1.6082128e-19
   9675.7500000   1.6000969e-19
   9716.4892578   1.5572792e-19
   9757.2294922   1.5901910e-19
   9797.9697266   1.5568483e-19
   9838.7099609   1.5623552e-19
   9879.4501953   1.5773855e-19
   9920.1894531   1.5340433e-19
   9960.9296875   1.5607232e-19
  10001.6699219   1.5494338e-19
  10042.4101562   1.5361401e-19
  10083.1494141   1.5132462e-19
  10123.8896484   1.5149485e-19
  10164.6298828   1.3126232e-19
  10205.3701172   1.4970311e-19
  10237.9619141   1.4297903e-19
  10258.3320312   1.4890577e-19
  10286.8496094   1.4700707e-19
  10327.5898438   1.4727396e-19
  10368.3300781   1.4447312e-19
  10409.0693359   1.4727915e-19
  10449.8095703   1.4645931e-19
  10490.5498047   1.4883383e-19
  10531.2900391   1.4812436e-19
  10572.0292969   1.4736454e-19
  10612.7695312   1.4596037e-19
  10653.5097656   1.4484923e-19
  10694.2500000   1.4570547e-19
  10734.9892578   1.4610918e-19
  10775.7294922   1.4806843e-19
  10816.4697266   1.4814455e-19
  10857.2099609   1.4352828e-19
  10897.9492188   1.4517276e-19
  10938.6894531   1.4534883e-19
  10979.4296875   1.4228559e-19
  11020.1699219   1.4217940e-19
  11060.9101562   1.4116212e-19
  11101.6494141   1.4143639e-19
  11142.3896484   1.4193608e-19
  11183.1298828   1.3777502e-19
  11223.8701172   1.3768370e-19
  11264.6093750   1.3803850e-19
  11305.3496094   1.3983487e-19
  11346.0898438   1.3817437e-19
  11386.8300781   1.3035062e-19
  11427.5693359   1.3329969e-19
  11468.3095703   1.3647003e-19
  11509.0498047   1.3530628e-19
  11549.7900391   1.3069112e-19
  11590.5292969   1.3074852e-19
  11631.2695312   1.2978111e-19
  11672.0097656   1.3099108e-19
  11712.7500000   1.2958235e-19
  11753.4892578   1.2912161e-19
  11794.2294922   1.2788961e-19
  11855.3398438   1.2831155e-19
  11936.8193359   1.2740971e-19
  12018.2998047   1.2580446e-19
  12099.7792969   1.2600296e-19
  12181.2597656   1.2527241e-19
  12262.7392578   1.2430347e-19
  12344.2197266   1.2468401e-19
  12425.6992188   1.2413381e-19
  12507.1796875   1.2349107e-19
  12588.6591797   1.2197268e-19
  12670.1396484   1.2147284e-19
  12751.6201172   1.1987919e-19
  12833.0996094   1.1918518e-19
  12914.5800781   1.1727286e-19
  12996.0595703   1.1495924e-19
  13077.5400391   1.1421945e-19
  13159.0195312   1.1258737e-19
  13240.5000000   1.1158465e-19
  13321.9794922   1.0975521e-19
  13403.4599609   1.0830388e-19
  13484.9394531   1.0681823e-19
  13566.4199219   1.0486181e-19
  13647.8994141   1.0291455e-19
  13729.3798828   1.0124505e-19
  13810.8593750   9.9918093e-20
  13892.3398438   9.8540559e-20
  13973.8193359   9.6305059e-20
  14055.2998047   9.4819798e-20
  14136.7792969   9.3728404e-20
  14218.2597656   9.2338017e-20
  14299.7392578   9.1249544e-20
  14381.2197266   8.9998239e-20
  14462.6992188   8.8835844e-20
  14544.1796875   8.7266637e-20
  14625.6591797   8.5453373e-20
  14707.1396484   8.4430105e-20
  14788.6191406   8.3577508e-20
  14829.3593750   8.3195907e-20
  14870.0996094   8.3080903e-20
  14951.5791016   8.1710898e-20
  15033.0595703   7.8524139e-20
  15114.5400391   8.0108358e-20
  15196.0195312   7.9462556e-20
  15277.5000000   8.7236742e-20
  15358.9794922   8.7595318e-20
  15440.4599609   9.3151019e-20
  15521.9394531   9.8646639e-20
  15603.4199219   8.6793826e-20
  15684.8994141   1.0033232e-19
  15766.3798828   1.0197647e-19
  15847.8593750   8.2944541e-20
  15929.3398438   1.0210464e-19
  16010.8193359   9.7775799e-20
  16092.2998047   9.8999935e-20
  16173.7792969   7.7689210e-20
  16255.2597656   9.8308865e-20
  16336.7392578   1.0018129e-19
  16418.2187500   9.7729871e-20
  16499.6992188   9.8850481e-20
  16581.1796875   9.5998905e-20
  16662.6601562   9.0219853e-20
  16744.1386719   7.9899644e-20
  16825.6191406   9.2944650e-20
  16907.0996094   9.3815303e-20
  16988.5800781   9.3466562e-20
  17070.0585938   9.3166567e-20
  17151.5390625   9.2823087e-20
  17233.0195312   9.1830477e-20
  17314.5000000   9.1005009e-20
  17395.9804688   8.8852239e-20
  17477.4589844   8.8793722e-20
  17558.9394531   8.6167902e-20
  17640.4199219   8.0138970e-20
  17721.9003906   7.3810011e-20
  17803.3789062   8.5643482e-20
  17884.8593750   8.4476098e-20
  17966.3398438   8.4782355e-20
  18047.8203125   8.4663661e-20
  18129.2988281   8.4410453e-20
  18210.7792969   8.2429963e-20
  18292.2597656   8.3209070e-20
  18373.7402344   8.4068240e-20
  18455.2187500   8.2030545e-20
  18536.6992188   8.1281391e-20
  18618.1796875   8.1920381e-20
  18699.6601562   8.0384300e-20
  18781.1386719   8.0083730e-20
  18862.6191406   7.8755194e-20
  18944.0996094   7.7902752e-20
  19025.5800781   7.8217126e-20
  19107.0585938   7.7301217e-20
  19188.5390625   7.5504432e-20
  19270.0195312   7.6336667e-20
  19351.5000000   7.6172575e-20
  19432.9785156   7.6002150e-20
  19514.4589844   7.5031731e-20
  19595.9394531   7.3879417e-20
  19677.4199219   7.3222396e-20
  19758.9003906   6.7732941e-20
  19840.3789062   6.0506239e-20
  19921.8593750   7.1062356e-20
  20003.3398438   7.1094823e-20
  20084.8203125   6.9535084e-20
  20166.2988281   7.0371641e-20
  20247.7792969   6.9612386e-20
  20329.2597656   6.8022106e-20
  20410.7402344   6.5680015e-20
  20492.2187500   6.6935985e-20
  20573.6992188   6.6012283e-20
  20655.1796875   6.6876034e-20
  20736.6601562   6.5632717e-20
  20818.1386719   6.5347120e-20
  20899.6191406   6.4129975e-20
  20981.0996094   6.3167557e-20
  21062.5800781   6.1930599e-20
  21144.0585938   6.1799911e-20
  21225.5390625   6.1621576e-20
  21307.0195312   6.1889001e-20
  21388.5000000   6.2065378e-20
  21469.9785156   6.0208551e-20
  21551.4589844   6.1554225e-20
  21632.9394531   6.1589652e-20
  21714.4199219   5.9845277e-20
  21795.8984375   6.0556749e-20
  21877.3789062   6.0261723e-20
  21958.8593750   5.9321128e-20
  22040.3398438   5.8649412e-20
  22121.8203125   5.8388043e-20
  22203.2988281   5.8401381e-20
  22284.7792969   5.7345582e-20
  22366.2597656   5.6981054e-20
  22447.7402344   5.6565408e-20
  22529.2187500   5.6708188e-20
  22610.6992188   5.6708433e-20
  22692.1796875   5.6191529e-20
  22773.6601562   5.5292604e-20
  22855.1386719   5.5379858e-20
  22936.6191406   5.4661226e-20
  23018.0996094   5.4365076e-20
  23099.5800781   5.3780644e-20
  23181.0585938   5.4050104e-20
  23262.5390625   5.3364197e-20
  23344.0195312   5.4349314e-20
  23425.5000000   5.3130577e-20
  23506.9785156   5.3202961e-20
  23588.4589844   5.2214768e-20
  23669.9394531   5.2669407e-20
  23751.4199219   5.2835292e-20
  23832.8984375   5.1932325e-20
  23914.3789062   5.0878716e-20
  23995.8593750   4.9526806e-20
  24077.3398438   5.0561741e-20
  24158.8183594   5.0376217e-20
  24240.2988281   4.9992279e-20
  24321.7792969   5.0245413e-20
  24403.2597656   4.9463329e-20
  24484.7402344   4.9225812e-20
  24566.2187500   4.9519843e-20
  24647.6992188   4.9571848e-20
  24729.1796875   4.9473543e-20
  24810.6601562   4.8498142e-20
  24892.1386719   4.8350759e-20
  24973.6191406   4.7172588e-20
  25055.0996094   4.6915361e-20
  25136.5800781   4.6043752e-20
  25218.0585938   4.6394916e-20
  25299.5390625   4.5879841e-20
  25381.0195312   4.4928703e-20
  25462.5000000   4.4022982e-20
  25543.9785156   4.4942316e-20
  25625.4589844   4.5310550e-20
  25706.9394531   4.4698627e-20
  25788.4199219   4.5025887e-20
  25869.8984375   4.4618801e-20
  25951.3789062   4.4439855e-20
  26032.8593750   4.4730241e-20
  26114.3398438   4.4354455e-20
  26195.8183594   4.4330890e-20
  26277.2988281   4.4142245e-20
  26358.7792969   4.4039422e-20
  26440.2597656   4.3264541e-20
  26521.7382812   4.3619218e-20
  26603.2187500   4.3228452e-20
  26684.6992188   4.1713287e-20
  26766.1796875   3.7970947e-20
  26847.6601562   4.2309232e-20
  26929.1386719   4.2693748e-20
  27010.6191406   4.2347156e-20
  27092.0996094   4.1972579e-20
  27173.5800781   4.1145065e-20
  27255.0585938   4.1280995e-20
  27336.5390625   4.0474936e-20
  27418.0195312   4.0730293e-20
  27499.5000000   4.0194170e-20
  27580.9785156   4.0269440e-20
  27662.4589844   3.9835661e-20
  27743.9394531   3.9962527e-20
  27825.4199219   4.0041584e-20
  27906.8984375   3.9593397e-20
  27988.3789062   3.9831115e-20
  28069.8593750   4.0138603e-20
  28151.3398438   4.0007660e-20
  28232.8183594   3.9635325e-20
  28314.2988281   3.9266280e-20
  28395.7792969   3.9460073e-20
  28477.2597656   3.9207346e-20
  28558.7382812   3.8786544e-20
  28640.2187500   3.8865837e-20
  28721.6992188   3.8566576e-20
  28803.1796875   3.7400118e-20
  28884.6582031   3.6733831e-20
  28966.1386719   3.5614827e-20
  29047.6191406   3.5062784e-20
  29129.0996094   3.5200412e-20
  29210.5800781   3.5359696e-20
  29292.0585938   3.5137085e-20
  29373.5390625   3.5760747e-20
  29455.0195312   3.5980670e-20
  29536.5000000   3.6239325e-20
  29617.9785156   3.6240282e-20
  29699.4589844   3.5911051e-20
  29780.9394531   3.6477890e-20
  29862.4199219   3.6461711e-20
  29943.8984375   3.6560969e-20
  30025.3789062   3.7047168e-20
  30106.8593750   3.6571086e-20
  30188.3398438   3.6465078e-20
  30269.8183594   3.6568999e-20
  30351.2988281   3.6545237e-20
  30432.7792969   3.6465395e-20
  30514.2597656   3.6273560e-20
  30595.7382812   3.6465876e-20
  30677.2187500   3.6652770e-20
  30758.6992188   3.6672254e-20
  30840.1796875   3.6416743e-20
  30921.6582031   3.5992364e-20
  31003.1386719   3.5689829e-20
  31084.6191406   3.5437119e-20
  31166.0996094   3.5109936e-20
  31247.5781250   3.4291587e-20
  31329.0585938   3.4616462e-20
  31410.5390625   3.4184677e-20
  31492.0195312   3.4102353e-20
  31573.5000000   3.3945903e-20
  31654.9785156   3.3998719e-20
  31736.4589844   3.4170566e-20
  31817.9394531   3.4109539e-20
  31899.4199219   3.4013802e-20
  31980.8984375   3.3570214e-20
  32062.3789062   3.3564466e-20
  32143.8593750   3.2736096e-20
  32225.3398438   3.2276982e-20
  32306.8183594   3.2395133e-20
  32388.2988281   3.2117617e-20
  32469.7792969   3.2705920e-20
  32551.2597656   3.2605815e-20
  32632.7382812   3.2815845e-20
  32714.2187500   3.2749903e-20
  32795.6992188   3.2562311e-20
  32877.1796875   3.2322228e-20
  32958.6601562   3.1826953e-20
  33040.1406250   3.1666057e-20
  33121.6171875   3.2008484e-20
  33203.0976562   3.1962970e-20
  33284.5781250   3.2015793e-20
  33366.0585938   3.1638534e-20
  33447.5390625   3.1457999e-20
  33529.0195312   3.1626307e-20
  33610.5000000   3.1631587e-20
  33691.9804688   3.1729957e-20
  33773.4609375   3.1472229e-20
  33854.9375000   3.0698737e-20
  33936.4179688   3.0702376e-20
  34017.8984375   3.0617680e-20
  34099.3789062   3.0691186e-20
  34180.8593750   3.0282950e-20
  34262.3398438   3.0767574e-20
  34343.8203125   3.0269918e-20
  34425.3007812   3.0065750e-20
  34506.7773438   2.9890511e-20
  34588.2578125   3.0363920e-20
  34669.7382812   2.8994487e-20
  34751.2187500   3.0266464e-20
  34832.6992188   2.8112108e-20
  34914.1796875   3.0867324e-20
  34995.6601562   2.9854170e-20
  35077.1406250   2.9866238e-20
  35158.6171875   3.1025797e-20
  35240.0976562   3.0544885e-20
  35321.5781250   2.7769015e-20
  35403.0585938   3.0187872e-20
  35484.5390625   3.0909920e-20
  35566.0195312   3.0617544e-20
  35647.5000000   2.8906757e-20
  35728.9804688   3.0377659e-20
  35810.4570312   3.0808542e-20
  35891.9375000   3.0382328e-20
  35973.4179688   3.0423322e-20
  36054.8984375   2.9923478e-20
  36136.3789062   2.8447946e-20
  36217.8593750   3.0184958e-20
  36299.3398438   3.0575083e-20
  36380.8203125   3.0084901e-20
  36462.3007812   3.0088866e-20
  36543.7773438   3.0032230e-20
  36625.2578125   2.9727391e-20
  36706.7382812   2.7956359e-20
  36788.2187500   2.9012320e-20
  36869.6992188   3.0167196e-20
  36951.1796875   2.9793918e-20
  37032.6601562   2.9061291e-20
  37114.1406250   2.9148336e-20
  37195.6171875   2.9485153e-20
  37277.0976562   2.9249517e-20
  37358.5781250   2.8879347e-20
  37440.0585938   2.8721743e-20
  37521.5390625   2.7616866e-20
  37603.0195312   2.6234666e-20
  37684.5000000   2.7316622e-20
  37765.9804688   2.7830669e-20
  37847.4570312   2.7934636e-20
  37928.9375000   2.8069298e-20
  38010.4179688   2.7909374e-20
  38091.8984375   2.7872016e-20
  38173.3789062   2.7545156e-20
  38254.8593750   2.7679522e-20
  38336.3398438   2.7099148e-20
  38417.8203125   2.7572508e-20
  38499.3007812   2.7157406e-20
  38580.7773438   2.7396519e-20
  38662.2578125   2.7369940e-20
  38743.7382812   2.7009202e-20
  38825.2187500   2.6771471e-20
  38906.6992188   2.5281027e-20
  38988.1796875   2.6511722e-20
  39069.6601562   2.7086176e-20
  39151.1406250   2.6810064e-20
  39232.6171875   2.6794643e-20
  39314.0976562   2.6586228e-20
  39395.5781250   2.6445669e-20
  39477.0585938   2.6666566e-20
  39558.5390625   2.6531991e-20
  39640.0195312   2.6440909e-20
  39721.5000000   2.6261988e-20
  39802.9804688   2.6282872e-20
  39884.4570312   2.5978186e-20
  39965.9375000   2.6374568e-20
  40047.4179688   2.6175857e-20
  40128.8984375   2.6284258e-20
  40210.3789062   2.6122684e-20
  40291.8593750   2.6023519e-20
  40373.3398438   2.5905384e-20
  40454.8203125   2.5950475e-20
  40536.2968750   2.5901174e-20
  40617.7773438   2.5876958e-20
  40699.2578125   2.5720032e-20
  40841.8476562   2.5204311e-20
  41045.5468750   2.4713578e-20
  41249.2500000   2.5185168e-20
  41452.9492188   2.4959109e-20
  41656.6484375   2.4897689e-20
  41860.3476562   2.4821154e-20
  42064.0468750   2.4443394e-20
  42267.7500000   2.4237188e-20
  42471.4492188   2.4188698e-20
  42675.1484375   2.3929403e-20
  42878.8476562   2.3834797e-20
  43082.5468750   2.3571631e-20
  43286.2500000   2.3415624e-20
  43489.9492188   2.2999381e-20
  43693.6484375   2.2927776e-20
  43897.3476562   2.2721978e-20
  44101.0468750   2.2269305e-20
  44304.7500000   2.1912667e-20
  44508.4492188   2.1107696e-20
  44712.1484375   2.0968917e-20
  44915.8476562   2.0836172e-20
  45119.5468750   2.0650147e-20
  45323.2500000   2.0547557e-20
  45526.9492188   2.0431297e-20
  45730.6484375   2.0347659e-20
  45934.3476562   2.0157584e-20
  46138.0468750   2.0079740e-20
  46341.7500000   1.9994820e-20
  46545.4492188   1.9866499e-20
  46749.1484375   1.9974544e-20
  46952.8476562   1.9905799e-20
  47156.5468750   1.9712664e-20
  47360.2500000   1.9502292e-20
  47563.9492188   1.9439098e-20
  47767.6484375   1.9516860e-20
  47971.3476562   1.9284848e-20
  48175.0468750   1.9160072e-20
  48378.7500000   1.8892766e-20
  48582.4492188   1.9078454e-20
  48786.1484375   1.8578040e-20
  48989.8476562   1.8768961e-20
  49193.5468750   1.8574043e-20
  49397.2500000   1.8498334e-20
  49600.9492188   1.8476900e-20
  49804.6484375   1.8335193e-20
  50008.3476562   1.8210724e-20
  50212.0468750   1.8051626e-20
  50415.7500000   1.7981205e-20
  50619.4492188   1.7828106e-20
  50823.1484375   1.7743354e-20
  51026.8476562   1.7547986e-20
  51230.5468750   1.7483215e-20
  51434.2500000   1.7382307e-20
  51637.9492188   1.7211916e-20
  51841.6484375   1.7172652e-20
  52045.3476562   1.7084714e-20
  52249.0468750   1.6391891e-20
  52452.7500000   1.6782706e-20
  52656.4492188   1.6608853e-20
  52860.1484375   1.6686939e-20
  53063.8476562   1.6491539e-20
  53267.5468750   1.6520681e-20
  53471.2500000   1.6289482e-20
  53674.9492188   1.6225863e-20
  53878.6484375   1.6183235e-20
  54082.3476562   1.5970428e-20
  54286.0468750   1.6018756e-20
  54489.7500000   1.5861592e-20
  54693.4492188   1.5888716e-20
  54897.1484375   1.5773370e-20
  55100.8476562   1.5700109e-20
  55304.5468750   1.5492093e-20
  55508.2500000   1.5425422e-20
  55711.9492188   1.5408224e-20
  55915.6484375   1.5383815e-20
  56119.3476562   1.5295360e-20
  56323.0468750   1.5255309e-20
  56526.7500000   1.5093897e-20
  56730.4492188   1.4904775e-20
  56934.1484375   1.4864114e-20
  57137.8476562   1.4623051e-20
  57341.5468750   1.4553280e-20
  57545.2500000   1.4261027e-20
  57748.9492188   1.4205021e-20
  57952.6484375   1.4025616e-20
  58156.3476562   1.3875693e-20
  58360.0468750   1.4020629e-20
  58563.7500000   1.4027835e-20
  58767.4492188   1.3724781e-20
  58971.1484375   1.3891668e-20
  59174.8476562   1.3739617e-20
  59358.1796875   1.3781558e-20
  59561.8789062   1.3642509e-20
  59785.9492188   1.3600633e-20
  59989.6484375   1.3431988e-20
  60193.3476562   1.3474884e-20
  60397.0468750   1.3459625e-20
  60600.7500000   1.3399524e-20
  60804.4492188   1.3580994e-20
  61008.1484375   1.3455192e-20
  61211.8476562   1.3425207e-20
  61415.5468750   1.3328272e-20
  61619.2500000   1.3436059e-20
  61822.9492188   1.3456079e-20
  62026.6484375   1.3439542e-20
  62230.3476562   1.3437593e-20
  62434.0468750   1.3354816e-20
  62637.7500000   1.3441017e-20
  62841.4492188   1.3386466e-20
  63045.1484375   1.3405469e-20
  63248.8476562   1.3278085e-20
  63452.5468750   1.2715090e-20
  63656.2500000   1.2850668e-20
  63859.9492188   1.2848071e-20
  64063.6484375   1.3037868e-20
  64267.3476562   1.2285383e-20
  64471.0468750   1.2171048e-20
  64674.7500000   1.2165811e-20
  64878.4492188   1.2570891e-20
  65082.1484375   1.2172117e-20
  65387.6992188   1.2307525e-20
  65795.1015625   1.2461120e-20
  66202.5000000   1.2139338e-20
  66609.8984375   1.2420251e-20
  67017.2968750   1.1895040e-20
  67424.6953125   1.2131397e-20
  67832.1015625   1.1865039e-20
  68239.5000000   1.1785942e-20
  68646.8984375   1.1525700e-20
  69054.2968750   1.1564743e-20
  69461.6953125   1.1363754e-20
  69869.1015625   1.1236065e-20
  70276.5000000   1.1033857e-20
  70683.8984375   1.0753416e-20
  71091.2968750   1.0715466e-20
  71498.6953125   1.0578369e-20
  71906.1015625   1.0425658e-20
  72313.5000000   1.0249552e-20
  72720.8984375   1.0164693e-20
  73128.2968750   9.9937409e-21
  73535.6953125   9.7932231e-21
  73943.1015625   9.6213327e-21
  74350.5000000   9.4951069e-21
  74757.8984375   9.3469026e-21
  75165.2968750   9.1737359e-21
  75572.6953125   9.0695394e-21
  75980.1015625   8.8568611e-21
  76387.5000000   8.6668891e-21
  76794.8984375   8.6313340e-21
  77202.2968750   8.3616433e-21
  77609.6953125   8.4110705e-21
  78017.1015625   8.2506032e-21
  78424.5000000   8.1429671e-21
  78831.8984375   7.9506193e-21
  79239.2968750   7.7494965e-21
  79646.6953125   7.7362010e-21
  80054.1015625   7.5914743e-21
  80461.5000000   7.4420979e-21
  80868.8984375   7.3460747e-21
  81276.2968750   7.2427611e-21
  81683.6953125   7.1784761e-21
  82091.0937500   7.0783582e-21
  82498.5000000   6.9066673e-21
  82905.8984375   6.8031962e-21
  83313.2968750   6.7625933e-21
  83720.6953125   6.6371009e-21
  84128.0937500   6.5234710e-21
  84535.5000000   6.4410260e-21
  84942.8984375   6.3378191e-21
  85350.2968750   6.2306535e-21
  85757.6953125   6.1849595e-21
  86165.0937500   6.0724262e-21
  86572.5000000   5.9819525e-21
  86979.8984375   5.9320611e-21
  87387.2968750   5.8396504e-21
  87794.6953125   5.7486791e-21
  88202.0937500   5.6199180e-21
  88609.5000000   5.5645110e-21
  89016.8984375   5.5009942e-21
  89424.2968750   5.4365787e-21
  89831.6953125   5.3223293e-21
  90239.0937500   5.2960513e-21
  90646.5000000   5.1822736e-21
  91053.8984375   5.1197007e-21
  91461.2968750   5.0529774e-21
  91868.6953125   4.9909796e-21
  92276.0937500   4.9006437e-21
  92683.5000000   4.8730220e-21
  93090.8984375   4.7792347e-21
  93498.2968750   4.0446329e-21
  93905.6953125   4.3201317e-21
  94313.0937500   4.2919914e-21
  94720.5000000   3.6821052e-21
  95127.8984375   3.9831291e-21
  95535.2968750   3.7629294e-21
  95942.6953125   3.3817631e-21
  96350.0937500   3.6857452e-21
  96757.5000000   3.4817571e-21
  97164.8984375   3.2190341e-21
  97572.2968750   3.4600957e-21
  97979.6953125   3.3622151e-21
  98387.0937500   3.1236622e-21
  98794.5000000   3.3010407e-21
  99201.8984375   3.1961847e-21
  99609.2968750   3.0902997e-21
 100016.6953125   3.1148673e-21
 100424.0937500   3.1293056e-21
 100831.5000000   3.0608403e-21
 101238.8984375   2.7810388e-21
 101646.2968750   2.7774746e-21
 102053.6953125   2.8566759e-21
 102461.0937500   2.7613226e-21
 102868.5000000   2.8567010e-21
 103275.8984375   2.8833470e-21
 103683.2968750   2.8885561e-21
 104090.6953125   2.8929489e-21
 104498.0937500   2.9051591e-21
 104905.5000000   2.9253113e-21
 105312.8984375   2.8368719e-21
 105720.2968750   2.8415976e-21
 106127.6953125   2.8484451e-21
 106535.0937500   2.7862959e-21
 106942.5000000   2.7448304e-21
 107349.8984375   2.7569845e-21
 107757.2968750   2.7345908e-21
 108164.6953125   2.6912818e-21
 108572.0937500   2.6483096e-21
 108979.5000000   2.6650291e-21
 109386.8984375   2.6424539e-21
 109794.2968750   2.5771254e-21
 110201.6953125   2.5850263e-21
 110609.0937500   2.5572707e-21
 111016.5000000   2.5445774e-21
 111423.8984375   2.4801977e-21
 111831.2968750   2.4817012e-21
 112238.6953125   2.4587994e-21
 112646.0937500   2.4274154e-21
 113053.5000000   2.3820982e-21
 113460.8984375   2.3801320e-21
 113868.2968750   2.3671744e-21
 114275.6953125   2.3394449e-21
 114683.0937500   2.2993323e-21
 115090.5000000   2.2879493e-21
 115497.8984375   2.2757031e-21
 115905.2968750   2.2469424e-21
 116312.6953125   2.2192759e-21
 116720.0937500   2.1938088e-21
 117127.5000000   2.1632405e-21
 117534.8984375   2.1479609e-21
 117942.2968750   2.1241889e-21
 118349.6953125   2.0995732e-21
 118757.0937500   2.0800424e-21
 119164.5000000   2.0443864e-21
 119571.8984375   2.0350430e-21
 119979.2968750   2.0027864e-21
 120386.6953125   1.9798647e-21
 120794.0937500   1.9637314e-21
 121201.5000000   1.9399611e-21
 121608.8984375   1.9136357e-21
 122016.2968750   1.8907125e-21
 122423.6953125   1.8677932e-21
 122831.0937500   1.8499634e-21
 123238.5000000   1.8253402e-21
 123645.8984375   1.7930814e-21
 124053.2968750   1.7820433e-21
 124460.6953125   1.7616711e-21
 124868.0937500   1.7421437e-21
 125275.5000000   1.7243163e-21
 125682.8984375   1.6988418e-21
 126090.2968750   1.6801658e-21
 126497.6953125   1.6665847e-21
 126905.0937500   1.6402621e-21
 127312.5000000   1.6258320e-21
 127719.8984375   1.6071538e-21
 128127.2968750   1.5884737e-21
 128534.6953125   1.5697973e-21
 128942.0937500   1.5485698e-21
 129349.5000000   1.5358365e-21
 129756.8984375   1.5171589e-21
 130164.2968750   1.5010274e-21
 130775.3984375   1.4730114e-21
 131590.2031250   1.4398980e-21
 132405.0000000   1.4076343e-21
 133219.7968750   1.3753744e-21
 134034.5937500   1.3405646e-21
 134849.3906250   1.3142499e-21
 135664.2031250   1.2853828e-21
 136479.0000000   1.2599134e-21
 137293.7968750   1.2318935e-21
 138108.5937500   1.2047243e-21
 138923.3906250   1.1775594e-21
 139738.2031250   1.1546371e-21
 140553.0000000   1.1317136e-21
 141367.7968750   1.1079405e-21
 142182.5937500   1.0858678e-21
 142997.3906250   1.0646416e-21
 143812.2031250   1.0408685e-21
 144627.0000000   1.0204949e-21
 145441.7968750   9.9926871e-22
 146256.5937500   9.7974394e-22
 147071.3906250   9.6106482e-22
 147886.2031250   9.4323460e-22
 148701.0000000   9.2116053e-22
 149515.7968750   9.0418182e-22
 150330.5937500   8.8210694e-22
 151145.3906250   8.6427894e-22
 151960.2031250   8.4984780e-22
 152775.0000000   8.2743345e-22
 153589.7968750   8.1817907e-22
 154404.5937500   8.0204814e-22
 155219.3906250   7.8778371e-22
 156034.2031250   7.7462642e-22
 156849.0000000   7.6086980e-22
 157663.7968750   7.4448441e-22
 158478.5937500   7.3115708e-22
 159293.3906250   7.1774357e-22
 160108.2031250   7.0610952e-22
 160923.0000000   6.9031802e-22
 161737.7968750   6.7826412e-22
 162552.5937500   6.6306624e-22
 163367.3906250   6.5262506e-22
 164182.1875000   6.4175619e-22
 164997.0000000   6.2842699e-22
 165811.7968750   6.1883288e-22
 166626.5937500   6.0813668e-22
 167441.3906250   5.9786433e-22
 168256.1875000   5.8793064e-22
 169071.0000000   5.7680767e-22
 169885.7968750   5.6551750e-22
 170700.5937500   5.5651711e-22
 171515.3906250   5.4615872e-22
 172330.1875000   5.3894371e-22
 173145.0000000   5.2832971e-22
 173959.7968750   5.2026606e-22
 174774.5937500   4.9589922e-22
 175589.3906250   4.7475825e-22
 176404.1875000   4.7501478e-22
 177219.0000000   4.5429906e-22
 178033.7968750   4.4309088e-22
 178848.5937500   4.3341371e-22
 179663.3906250   4.1439575e-22
 180478.1875000   4.1108400e-22
 181293.0000000   4.0183047e-22
 182107.7968750   3.8773771e-22
 182922.5937500   3.8867030e-22
 183737.3906250   3.7856720e-22
 184552.1875000   3.6804075e-22
 185367.0000000   3.6702060e-22
 186181.7968750   3.6090821e-22
 186996.5937500   3.4919252e-22
 187811.3906250   3.5038155e-22
 188626.1875000   3.4231550e-22
 189441.0000000   3.3713679e-22
 190255.7968750   3.3416496e-22
 191070.5937500   3.2856226e-22
 191885.3906250   3.2236464e-22
 192700.1875000   3.2202501e-22
 193515.0000000   3.1540171e-22
 194329.7968750   3.1115721e-22
 195144.5937500   3.0657240e-22
 195959.3906250   3.0012055e-22
 196774.1875000   3.0037506e-22
 197589.0000000   2.9460171e-22
 198403.7968750   2.8899903e-22
 199218.5937500   2.8585709e-22
 200033.3906250   2.8110257e-22
 200848.1875000   2.7745243e-22
 201663.0000000   2.7269753e-22
 202477.7968750   2.7117004e-22
 203292.5937500   2.6616021e-22
 204107.3906250   2.6369820e-22
 204922.1875000   2.6004783e-22
 205737.0000000   2.5461426e-22
 206551.7968750   2.5223687e-22
 207366.5937500   2.4884134e-22
 208181.3906250   2.4476589e-22
 208996.1875000   2.4119959e-22
 209811.0000000   2.3805921e-22
 210625.7968750   2.3703995e-22
 211440.5937500   2.3287941e-22
 212255.3906250   2.2965367e-22
 213070.1875000   2.2642782e-22
 213885.0000000   2.2430479e-22
 214699.7968750   2.2337088e-22
 215514.5937500   2.1810701e-22
 216329.3906250   2.1471120e-22
 217144.1875000   2.1318339e-22
 217959.0000000   2.1038191e-22
 218773.7968750   2.0766469e-22
 219588.5937500   2.0545754e-22
 220403.3906250   2.0290993e-22
 221218.1875000   1.9951399e-22
 222033.0000000   1.9832587e-22
 222847.7968750   1.9467463e-22
 223662.5937500   1.9314682e-22
 224477.3906250   1.8975089e-22
 225292.1875000   1.9017553e-22
 226107.0000000   1.8550565e-22
 226921.7968750   1.8465704e-22
 227736.5937500   1.8151557e-22
 228551.3906250   1.8049645e-22
 229366.1875000   1.7693085e-22
 230181.0000000   1.7591198e-22
 230995.7968750   1.7362012e-22
 231810.5937500   1.7039379e-22
 232625.3906250   1.6962996e-22
 233440.1875000   1.6767677e-22
 234255.0000000   1.6546967e-22
 235069.7968750   1.6334687e-22
 235884.5937500   1.6198878e-22
 236699.3906250   1.5978145e-22
 237514.1875000   1.5799854e-22
 238329.0000000   1.5613058e-22
 239143.7968750   1.5366867e-22
 239958.5937500   1.5205543e-22
 240773.3906250   1.4993275e-22
 241588.1875000   1.4882928e-22
 242403.0000000   1.4662150e-22
 243217.7968750   1.4551810e-22
 244032.5937500   1.4381978e-22
 244847.3906250   1.4212196e-22
 245662.1875000   1.4042382e-22
 246477.0000000   1.3838630e-22
 247291.7968750   1.3685837e-22
 248106.5937500   1.3516018e-22
 248921.3906250   1.3354697e-22
 249736.1875000   1.3227390e-22
 250551.0000000   1.3091517e-22
 251365.7968750   1.2972698e-22
 252180.5937500   1.2802898e-22
 252995.3906250   1.2684024e-22
 253810.1875000   1.2497238e-22
 254625.0000000   1.2327432e-22
 255439.7968750   1.2200108e-22
 256254.5937500   1.2064239e-22
 257069.3906250   1.1919932e-22
 257884.1875000   1.1826541e-22
 258699.0000000   1.1673690e-22
 259513.7968750   1.1580295e-22
 260328.5937500   1.1410513e-22
 261550.7968750   1.1232216e-22
 263180.4062500   1.0969064e-22
 264810.0000000   1.0731337e-22
 266439.5937500   1.0485122e-22
 268069.1875000   1.0272850e-22
 269698.7812500   1.0035127e-22
 271328.4062500   9.8229023e-23
 272958.0000000   9.6106482e-23
 274587.5937500   9.3898984e-23
 276217.1875000   9.1946289e-23
 277846.7812500   8.9908951e-23
 279476.4062500   8.8041168e-23
 281106.0000000   8.6088466e-23
 282735.5937500   8.4297089e-23
 284365.1875000   8.2505662e-23
 285994.7812500   8.0731022e-23
 287624.4062500   7.9084120e-23
 289254.0000000   7.7394632e-23
 290883.5937500   7.5815459e-23
 292513.1875000   7.4219265e-23
 294142.7812500   7.2691147e-23
 295772.4062500   7.1179803e-23
 297402.0000000   6.9736617e-23
 299031.5937500   6.8284904e-23
 300661.1875000   6.6918048e-23
 302290.7812500   6.5491630e-23
 303920.4062500   6.4082390e-23
 305550.0000000   6.2791933e-23
 307179.5937500   6.1628616e-23
 308809.1875000   6.0448600e-23
 310438.7812500   5.9251614e-23
 312068.4062500   5.8088278e-23
 313698.0000000   5.6933777e-23
 315327.5937500   5.5830173e-23
 316957.1875000   5.4743387e-23
 318586.7812500   5.3682004e-23
 320216.4062500   5.2654837e-23
 321846.0000000   5.1635985e-23
 323475.5937500   5.0642633e-23
 325105.1875000   4.9691734e-23
 326734.7812500   4.8724016e-23
 328364.3750000   4.7798644e-23
 329994.0000000   4.6924015e-23
 331623.5937500   4.6032628e-23
 333253.1875000   4.5192103e-23
 334882.7812500   4.4360104e-23
 336512.3750000   4.3528124e-23
 338142.0000000   4.2738584e-23
 339771.5937500   4.1932047e-23
 341401.1875000   4.1176340e-23
 343030.7812500   4.0446151e-23
 344660.3750000   3.9716004e-23
 346290.0000000   3.9002974e-23
 347919.5937500   3.8306779e-23
 349549.1875000   3.7627479e-23
 351178.7812500   3.6956814e-23
 352808.3750000   3.6311656e-23
 354438.0000000   3.5674786e-23
 356067.5937500   3.5046619e-23
 357697.1875000   3.4435262e-23
 359326.7812500   3.3832487e-23
 360956.3750000   3.3246691e-23
 362586.0000000   3.2677922e-23
 364215.5937500   3.2126080e-23
 365845.1875000   3.1557213e-23
 367474.7812500   3.1039288e-23
 369104.3750000   3.0521420e-23
 370734.0000000   2.9986629e-23
 372363.5937500   2.9494222e-23
 373993.1875000   2.9010281e-23
 375622.7812500   2.8534784e-23
 377252.3750000   2.8059315e-23
 378882.0000000   2.7600858e-23
 380511.5937500   2.7142384e-23
 382141.1875000   2.6701020e-23
 383770.7812500   2.6267986e-23
 385400.3750000   2.5834941e-23
 387030.0000000   2.5418966e-23
 388659.5937500   2.5011450e-23
 390289.1875000   2.4612411e-23
 391918.7812500   2.4221867e-23
 393548.3750000   2.3839821e-23
 395178.0000000   2.3457827e-23
 396807.5937500   2.3075770e-23
 398437.1875000   2.2719183e-23
 400066.7812500   2.2371056e-23
 401696.3750000   2.2022944e-23
 403326.0000000   2.1683388e-23
 404955.5937500   2.1343820e-23
 406585.1875000   2.1021198e-23
 408214.7812500   2.0698544e-23
 814800.0000000   1.3906564e-24
1629600.0000000   8.9314678e-26
2444400.0000000   1.7744055e-26
3259200.0000000   5.6195235e-27
4074000.0000000   2.3007866e-27
4888800.0000000   1.1087923e-27
5703600.0000000   5.9752304e-28
6518400.0000000   3.4978653e-28
