    232.5959930   4.3427346e-22
    240.2639923   4.9699196e-22
    245.3760071   5.3145789e-22
    250.4880066   2.9776547e-21
    255.6000061   8.2402529e-21
    260.7120056   8.9419945e-21
    265.8240051   8.4910995e-21
    270.9360046   8.6312282e-21
    276.0480042   8.8075275e-21
    281.1600037   1.0061880e-20
    291.3840027   1.0439321e-20
    301.6080017   1.0137596e-20
    309.2760010   1.2848534e-20
    319.5000000   1.3334490e-20
    324.6119995   1.3616960e-20
    327.1679993   1.3831655e-20
    334.8359985   1.3345739e-20
    337.3919983   1.3809076e-20
    342.5039978   1.3187552e-20
    350.1719971   1.4667895e-20
    357.8399963   1.4701817e-20
    365.5079956   1.8577813e-20
    375.7319946   2.3120627e-20
    385.9559937   2.0691017e-20
    396.1799927   2.3357923e-20
    406.4039917   2.3448268e-20
    414.0719910   2.3482174e-20
    424.2959900   2.3629073e-20
    434.5199890   2.3606565e-20
    442.1879883   1.9402781e-20
    452.4119873   2.3787341e-20
    460.0799866   2.3821212e-20
    465.1919861   2.3821212e-20
    475.4159851   2.3855133e-20
    488.1959839   2.3888997e-20
    495.8640137   2.4024618e-20
    506.0880127   2.3968130e-20
    516.3120117   2.4047210e-20
    523.9799805   2.4024618e-20
    536.7600098   2.3290112e-20
    552.0960083   2.4002049e-20
    562.3200073   2.4092453e-20
    569.9879761   2.3798626e-20
    580.2119751   2.4148916e-20
    587.8800049   3.0239784e-20
    598.1040039   4.5224106e-20
    613.4400024   4.9281017e-20
    628.7760010   4.5981348e-20
    644.1119995   4.7472949e-20
    656.8920288   4.3721290e-20
    664.5599976   4.5902256e-20
    674.7839966   5.7598040e-20
    687.5640259   5.9089770e-20
    700.3439941   5.9959770e-20
    713.1240234   5.1767047e-20
    725.9039917   6.1304727e-20
    741.2399902   6.3496936e-20
    756.5759888   5.8400405e-20
    769.3560181   5.3349246e-20
    787.2479858   5.7315674e-20
    812.8079834   5.6241942e-20
    838.3679810   5.7891967e-20
    863.9279785   5.4490374e-20
    889.4879761   5.1292478e-20
    912.4920044   6.8388211e-20
    935.4959717   1.0110117e-19
    958.5000000   9.7122791e-20
    984.0599976   7.5179900e-20
   1009.6199951   1.0914293e-19
   1035.1800537   1.3191606e-19
   1058.1839600   1.2849550e-19
   1078.6319580   1.1454809e-19
   1099.0799561   1.0756968e-19
   1127.1960449   1.2294300e-19
   1152.7559814   1.2299377e-19
   1175.7600098   1.0636237e-19
   1201.3199463   1.0659900e-19
   1226.8800049   1.1754315e-19
   1252.4399414   9.7957268e-20
   1278.0000000   1.1936970e-19
   1293.3359375   1.0194790e-19
   1308.6719971   1.5957892e-19
   1329.1199951   1.5026644e-19
   1354.6800537   1.3706480e-19
   1380.2399902   1.1149657e-19
   1405.8000488   1.0718111e-19
   1431.3599854   1.3990194e-19
   1456.9200439   1.5570070e-19
   1482.4799805   1.5122774e-19
   1508.0400391   1.5313588e-19
   1533.5999756   1.2791331e-19
   1559.1600342   1.2380615e-19
   1584.7199707   1.5714749e-19
   1610.2800293   1.4779958e-19
   1635.8399658   1.6325592e-19
   1661.4000244   1.5736157e-19
   1681.8480225   1.4467516e-19
   1699.7399902   1.6412651e-19
   1725.3000488   1.7380872e-19
   1750.8599854   1.4980519e-19
   1776.4200439   1.7577234e-19
   1801.9799805   1.4325761e-19
   1830.0959473   1.8634442e-19
   1855.6560059   1.9116970e-19
   1878.6600342   1.9467737e-19
   1904.2199707   1.9143097e-19
   1929.7800293   1.9379616e-19
   1955.3399658   1.7758260e-19
   1980.9000244   2.0288873e-19
   2006.4599609   1.9044568e-19
   2032.0200195   2.1065854e-19
   2057.5800781   2.2545756e-19
   2083.1398926   2.4118177e-19
   2108.6999512   2.6126034e-19
   2134.2600098   2.2149545e-19
   2159.8200684   2.9238498e-19
   2185.3798828   3.0791255e-19
   2210.9399414   3.4279572e-19
   2236.5000000   3.7032398e-19
   2262.0600586   3.9987146e-19
   2287.6198730   4.3286819e-19
   2313.1799316   4.5925042e-19
   2338.7399902   4.7746654e-19
   2364.3000488   1.1886590e-18
   2389.8601074   1.9500940e-18
   2415.4199219   2.6804674e-18
   2440.9799805   3.2320842e-18
   2466.5400391   3.5488699e-18
   2492.1000977   1.4862823e-18
   2517.6599121   3.0003518e-18
   2543.2199707   2.9681368e-18
   2568.7800293   3.7874379e-18
   2594.3400879   3.9662525e-18
   2619.8999023   2.8386065e-18
   2645.4599609   3.7817370e-18
   2671.0200195   5.2442560e-18
   2696.5800781   5.1146037e-18
   2722.1398926   4.3715143e-18
   2747.6999512   4.8655628e-18
   2773.2600098   4.3073664e-18
   2798.8200684   5.1034074e-18
   2824.3798828   4.9035548e-18
   2849.9399414   4.8262970e-18
   2875.5000000   4.2854966e-18
   2901.0600586   5.1556042e-18
   2926.6198730   4.9328006e-18
   2952.1799316   5.0081547e-18
   2977.7399902   4.9855069e-18
   3003.3000488   3.4272045e-18
   3028.8601074   4.8556577e-18
   3054.4199219   4.1962480e-18
   3079.9799805   3.5924173e-18
   3105.5400391   2.9494893e-18
   3131.1000977   4.5627101e-18
   3156.6599121   5.5296300e-18
   3182.2199707   5.7077030e-18
   3207.7800293   5.5701883e-18
   3233.3400879   5.3931121e-18
   3258.8999023   6.1829555e-18
   3284.4599609   6.3254224e-18
   3310.0200195   5.4476018e-18
   3335.5800781   5.5397659e-18
   3361.1398926   6.3389659e-18
   3386.6999512   6.0854333e-18
   3412.2600098   5.7371076e-18
   3437.8200684   6.2597873e-18
   3463.3798828   6.1410360e-18
   3488.9399414   5.7354450e-18
   3514.5000000   5.7530031e-18
   3540.0600586   5.7314666e-18
   3565.6198730   4.3982248e-18
   3591.1799316   4.3487656e-18
   3616.7399902   5.4417913e-18
   3642.3000488   5.3338467e-18
   3667.8601074   5.5545542e-18
   3685.7519531   5.6607460e-18
   3698.5319824   5.6663423e-18
   3718.9799805   5.5073085e-18
   3744.5400391   5.2361091e-18
   3770.1000977   5.3280172e-18
   3795.6599121   5.3948649e-18
   3821.2199707   5.3737011e-18
   3846.7800293   5.1019284e-18
   3864.6718750   4.6986129e-18
   3877.4519043   4.8758947e-18
   3897.8999023   4.8457518e-18
   3923.4599609   4.2013376e-18
   3949.0200195   3.8727513e-18
   3974.5800781   3.8440460e-18
   4000.1398926   4.2406188e-18
   4025.6999512   4.4891857e-18
   4051.2600098   4.5827121e-18
   4076.8200684   4.6009428e-18
   4102.3798828   4.5173293e-18
   4127.9399414   4.4672758e-18
   4153.5000000   4.3915850e-18
   4179.0600586   4.6101460e-18
   4204.6201172   4.6231426e-18
   4230.1801758   4.5260271e-18
   4255.7402344   4.6957869e-18
   4273.6318359   4.3772396e-18
   4286.4121094   4.8532275e-18
   4306.8598633   4.8283107e-18
   4332.4199219   4.6127789e-18
   4357.9799805   4.4952423e-18
   4383.5400391   4.2530782e-18
   4409.1000977   4.1876689e-18
   4434.6601562   4.3959269e-18
   4460.2202148   4.3104129e-18
   4485.7797852   4.4092875e-18
   4511.3398438   4.2508750e-18
   4536.8999023   4.1637001e-18
   4562.4599609   4.2663796e-18
   4588.0200195   4.3749140e-18
   4613.5800781   4.3963322e-18
   4639.1401367   4.0637415e-18
   4664.7001953   4.1591675e-18
   4690.2597656   4.0608691e-18
   4715.8198242   3.7894182e-18
   4741.3798828   3.7778195e-18
   4766.9399414   3.8342836e-18
   4792.5000000   4.0096881e-18
   4818.0600586   3.6790210e-18
   4843.6201172   3.5087463e-18
   4869.1801758   3.7391120e-18
   4894.7397461   3.5463925e-18
   4920.2998047   3.4080073e-18
   4945.8598633   3.5993189e-18
   4971.4199219   3.6589917e-18
   4996.9799805   3.3580123e-18
   5027.6518555   3.6212313e-18
   5050.6557617   3.7241979e-18
   5071.1040039   3.5290226e-18
   5099.2202148   3.4467975e-18
   5124.7797852   3.5598127e-18
   5150.3398438   3.4856924e-18
   5175.8999023   3.6020229e-18
   5201.4599609   3.3606386e-18
   5227.0200195   3.4198072e-18
   5252.5800781   3.0807624e-18
   5278.1401367   3.2046631e-18
   5301.1440430   3.4994513e-18
   5311.3681641   3.2565629e-18
   5329.2597656   3.3731036e-18
   5354.8198242   3.2065636e-18
   5380.3798828   3.2708678e-18
   5405.9399414   3.2995215e-18
   5431.5000000   3.3102480e-18
   5457.0600586   3.2128789e-18
   5482.6201172   3.1484148e-18
   5508.1801758   3.2471370e-18
   5533.7397461   3.1812030e-18
   5559.2998047   3.1695584e-18
   5584.8598633   3.0817774e-18
   5610.4199219   3.1642731e-18
   5635.9799805   3.1209498e-18
   5661.5400391   3.0404113e-18
   5687.1000977   2.9750403e-18
   5712.6601562   3.0215489e-18
   5738.2202148   2.9831917e-18
   5763.7797852   2.9019864e-18
   5789.3398438   2.9533001e-18
   5814.8999023   2.9667292e-18
   5840.4599609   2.9716974e-18
   5866.0200195   2.8112380e-18
   5891.5800781   2.8521403e-18
   5917.1401367   2.7763430e-18
   5942.7001953   2.4105048e-18
   5968.2597656   2.6744701e-18
   5993.8198242   2.6648324e-18
   6019.3798828   2.6882483e-18
   6044.9399414   2.6155310e-18
   6070.5000000   2.5971707e-18
   6096.0600586   2.5131492e-18
   6121.6201172   2.5702100e-18
   6147.1801758   2.5030262e-18
   6172.7397461   2.5080881e-18
   6198.2998047   2.5309599e-18
   6223.8598633   2.4506944e-18
   6249.4199219   2.4957048e-18
   6274.9799805   2.4655708e-18
   6300.5400391   2.4392156e-18
   6326.1000977   2.3892459e-18
   6351.6601562   2.3942145e-18
   6377.2202148   2.0852487e-18
   6402.7797852   2.3564719e-18
   6423.2280273   2.2361451e-18
   6436.0078125   2.3235044e-18
   6453.8999023   2.2789357e-18
   6479.4599609   2.2752554e-18
   6505.0200195   2.2217647e-18
   6530.5800781   2.2612095e-18
   6556.1401367   2.2375399e-18
   6581.7001953   2.2719105e-18
   6607.2597656   2.2507963e-18
   6632.8198242   2.2302016e-18
   6658.3798828   2.1937049e-18
   6683.9399414   2.1680931e-18
   6709.5000000   2.1748260e-18
   6735.0600586   2.1725254e-18
   6760.6201172   2.1996476e-18
   6786.1801758   2.1892871e-18
   6811.7397461   2.1067705e-18
   6837.2998047   2.1262535e-18
   6862.8598633   2.1168987e-18
   6888.4199219   2.0632308e-18
   6913.9799805   2.0563015e-18
   6939.5400391   2.0274354e-18
   6965.1000977   2.0237346e-18
   6990.6601562   2.0314995e-18
   7016.2202148   1.9530681e-18
   7041.7797852   1.9451756e-18
   7067.3398438   1.9481336e-18
   7092.8999023   1.9732518e-18
   7118.4599609   1.9470132e-18
   7144.0200195   1.8166725e-18
   7169.5800781   1.8615218e-18
   7195.1401367   1.9164888e-18
   7220.7001953   1.8991612e-18
   7246.2597656   1.8303832e-18
   7271.8198242   1.8245725e-18
   7297.3798828   1.8103884e-18
   7322.9399414   1.8275799e-18
   7348.5000000   1.8023124e-18
   7374.0600586   1.7939887e-18
   7399.6201172   1.7727012e-18
   7437.9599609   1.7761146e-18
   7489.0800781   1.7476629e-18
   7540.2001953   1.7122286e-18
   7591.3198242   1.6997912e-18
   7642.4399414   1.6754882e-18
   7693.5600586   1.6513804e-18
   7744.6801758   1.6406598e-18
   7795.7998047   1.6199675e-18
   7846.9199219   1.5983846e-18
   7898.0400391   1.5707710e-18
   7949.1601562   1.5526776e-18
   8000.2797852   1.5244674e-18
   8051.3999023   1.5086158e-18
   8102.5200195   1.4790283e-18
   8153.6401367   1.4422854e-18
   8204.7597656   1.4307589e-18
   8255.8798828   1.4060599e-18
   8307.0000000   1.3913724e-18
   8358.1201172   1.3682783e-18
   8409.2402344   1.3478388e-18
   8460.3603516   1.3286671e-18
   8511.4804688   1.3029637e-18
   8562.5996094   1.2770282e-18
   8613.7197266   1.2550602e-18
   8664.8398438   1.2374092e-18
   8715.9599609   1.2206926e-18
   8767.0800781   1.1933982e-18
   8818.2001953   1.1752458e-18
   8869.3203125   1.1601482e-18
   8920.4404297   1.1430335e-18
   8971.5595703   1.1299962e-18
   9022.6796875   1.1129549e-18
   9073.7998047   1.0982957e-18
   9124.9199219   1.0765617e-18
   9176.0400391   1.0538082e-18
   9227.1601562   1.0410659e-18
   9278.2802734   1.0294267e-18
   9303.8398438   1.0244520e-18
   9329.4003906   1.0233369e-18
   9380.5195312   1.0039897e-18
   9431.6396484   9.5883116e-19
   9482.7597656   9.8026558e-19
   9533.8798828   9.7035389e-19
   9585.0000000   1.0719570e-18
   9636.1201172   1.0769542e-18
   9687.2402344   1.1511798e-18
   9738.3603516   1.2215667e-18
   9789.4794922   1.0624332e-18
   9840.5996094   1.2385128e-18
   9891.7197266   1.2635664e-18
   9942.8398438   1.0020206e-18
   9993.9599609   1.2569080e-18
  10045.0800781   1.1995725e-18
  10096.2001953   1.2108041e-18
  10147.3203125   9.2385145e-19
  10198.4404297   1.1930785e-18
  10249.5595703   1.2175764e-18
  10300.6796875   1.1848178e-18
  10351.7998047   1.1929684e-18
  10402.9199219   1.1531787e-18
  10454.0400391   1.0708278e-18
  10505.1601562   9.3591929e-19
  10556.2802734   1.1021274e-18
  10607.4003906   1.1104210e-18
  10658.5195312   1.1024470e-18
  10709.6396484   1.0947273e-18
  10760.7597656   1.0869662e-18
  10811.8798828   1.0714393e-18
  10863.0000000   1.0587534e-18
  10914.1201172   1.0298382e-18
  10965.2402344   1.0249785e-18
  11016.3603516   9.8954376e-19
  11067.4794922   9.0972724e-19
  11118.5996094   8.3141567e-19
  11169.7197266   9.7717937e-19
  11220.8398438   9.6086727e-19
  11271.9599609   9.6223977e-19
  11323.0800781   9.5803562e-19
  11374.2001953   9.5338501e-19
  11425.3203125   9.2968008e-19
  11476.4404297   9.3425201e-19
  11527.5595703   9.4368290e-19
  11578.6796875   9.1712058e-19
  11629.7998047   9.0621410e-19
  11680.9199219   9.1217962e-19
  11732.0400391   8.9250844e-19
  11783.1601562   8.8786382e-19
  11834.2802734   8.6993106e-19
  11885.4003906   8.6027311e-19
  11936.5195312   8.6077578e-19
  11987.6396484   8.4874831e-19
  12038.7597656   8.2639546e-19
  12089.8798828   8.3441519e-19
  12141.0000000   8.3100312e-19
  12192.1201172   8.2717979e-19
  12243.2402344   8.1492712e-19
  12294.3603516   8.0032118e-19
  12345.4794922   7.9103292e-19
  12396.5996094   7.2336443e-19
  12447.7197266   6.4168913e-19
  12498.8398438   7.6175983e-19
  12549.9599609   7.6195049e-19
  12601.0800781   7.4437389e-19
  12652.2001953   7.5300846e-19
  12703.3203125   7.4270195e-19
  12754.4404297   7.2384740e-19
  12805.5595703   6.9796130e-19
  12856.6796875   7.0924611e-19
  12907.7998047   6.9802567e-19
  12958.9199219   7.0659402e-19
  13010.0400391   6.9104054e-19
  13061.1601562   6.8713051e-19
  13112.2802734   6.7345318e-19
  13163.4003906   6.6168504e-19
  13214.5195312   6.4754082e-19
  13265.6396484   6.4588211e-19
  13316.7597656   6.4343025e-19
  13367.8798828   6.4528101e-19
  13419.0000000   6.4673370e-19
  13470.1201172   6.2460015e-19
  13521.2402344   6.3939919e-19
  13572.3603516   6.3925883e-19
  13623.4794922   6.1899926e-19
  13674.5996094   6.2632250e-19
  13725.7197266   6.2258995e-19
  13776.8398438   6.1133192e-19
  13827.9599609   6.0360843e-19
  13879.0800781   6.0022210e-19
  13930.2001953   6.0039349e-19
  13981.3203125   5.8825399e-19
  14032.4404297   5.8403480e-19
  14083.5595703   5.7860705e-19
  14134.6796875   5.7953530e-19
  14185.7998047   5.7846472e-19
  14236.9199219   5.7220596e-19
  14288.0400391   5.6233796e-19
  14339.1601562   5.6363358e-19
  14390.2802734   5.5533101e-19
  14441.4003906   5.5141333e-19
  14492.5195312   5.4427714e-19
  14543.6396484   5.4674715e-19
  14594.7597656   5.3878564e-19
  14645.8798828   5.4887399e-19
  14697.0000000   5.3567120e-19
  14748.1201172   5.3611132e-19
  14799.2402344   5.2488187e-19
  14850.3603516   5.2893149e-19
  14901.4794922   5.3056941e-19
  14952.5996094   5.2050423e-19
  15003.7197266   5.1041919e-19
  15054.8398438   4.9505969e-19
  15105.9599609   5.0556012e-19
  15157.0800781   5.0311922e-19
  15208.2001953   4.9823989e-19
  15259.3203125   5.0024389e-19
  15310.4404297   4.9210510e-19
  15361.5595703   4.8882233e-19
  15412.6796875   4.9121764e-19
  15463.7998047   4.9117881e-19
  15514.9199219   4.8950553e-19
  15566.0400391   4.7886933e-19
  15617.1601562   4.7677295e-19
  15668.2802734   4.6406776e-19
  15719.4003906   4.6195297e-19
  15770.5195312   4.5288707e-19
  15821.6396484   4.5688659e-19
  15872.7597656   4.5148102e-19
  15923.8798828   4.4156633e-19
  15975.0000000   4.3163233e-19
  16026.1201172   4.4053582e-19
  16077.2402344   4.4329565e-19
  16128.3603516   4.3661995e-19
  16179.4794922   4.3896759e-19
  16230.5996094   4.3433067e-19
  16281.7197266   4.3215203e-19
  16332.8398438   4.3490520e-19
  16383.9599609   4.3025071e-19
  16435.0800781   4.2970497e-19
  16486.1992188   4.2709917e-19
  16537.3203125   4.2572081e-19
  16588.4394531   4.1773823e-19
  16639.5605469   4.2089467e-19
  16690.6796875   4.1619998e-19
  16741.8007812   3.9983455e-19
  16792.9199219   3.6259098e-19
  16844.0390625   4.0608514e-19
  16895.1601562   4.0985670e-19
  16946.2792969   4.0629385e-19
  16997.4003906   4.0268057e-19
  17048.5195312   3.9449712e-19
  17099.6406250   3.9597950e-19
  17150.7597656   3.8753037e-19
  17201.8808594   3.9017055e-19
  17253.0000000   3.8457516e-19
  17304.1191406   3.8488267e-19
  17355.2402344   3.8035739e-19
  17406.3593750   3.8091070e-19
  17457.4804688   3.8133755e-19
  17508.5996094   3.7617103e-19
  17559.7207031   3.7813882e-19
  17610.8398438   3.8056626e-19
  17661.9589844   3.7864735e-19
  17713.0800781   3.7463442e-19
  17764.1992188   3.7078128e-19
  17815.3203125   3.7215820e-19
  17866.4394531   3.6934620e-19
  17917.5605469   3.6451820e-19
  17968.6796875   3.6542702e-19
  18019.8007812   3.6281243e-19
  18070.9199219   3.5217610e-19
  18122.0390625   3.4597798e-19
  18173.1601562   3.3594876e-19
  18224.2792969   3.3049022e-19
  18275.4003906   3.3129532e-19
  18326.5195312   3.3239273e-19
  18377.6406250   3.2928047e-19
  18428.7597656   3.3471608e-19
  18479.8808594   3.3644633e-19
  18531.0000000   3.3817811e-19
  18582.1191406   3.3758898e-19
  18633.2402344   3.3370624e-19
  18684.3593750   3.3843516e-19
  18735.4804688   3.3801180e-19
  18786.5996094   3.3834748e-19
  18837.7207031   3.4244812e-19
  18888.8398438   3.3749411e-19
  18939.9589844   3.3600777e-19
  18991.0800781   3.3684700e-19
  19042.1992188   3.3637393e-19
  19093.3203125   3.3543275e-19
  19144.4394531   3.3325954e-19
  19195.5605469   3.3477488e-19
  19246.6796875   3.3620707e-19
  19297.8007812   3.3610959e-19
  19348.9199219   3.3341911e-19
  19400.0390625   3.2932097e-19
  19451.1601562   3.2653707e-19
  19502.2792969   3.2413380e-19
  19553.4003906   3.2112992e-19
  19604.5195312   3.1326772e-19
  19655.6406250   3.1634949e-19
  19706.7597656   3.1197166e-19
  19757.8808594   3.1100311e-19
  19809.0000000   3.0922030e-19
  19860.1191406   3.0952874e-19
  19911.2402344   3.1090341e-19
  19962.3593750   3.1001442e-19
  20013.4804688   3.0869654e-19
  20064.5996094   3.0438181e-19
  20115.7207031   3.0430028e-19
  20166.8398438   2.9668203e-19
  20217.9589844   2.9214109e-19
  20269.0800781   2.9282189e-19
  20320.1992188   2.8985983e-19
  20371.3203125   2.9521461e-19
  20422.4394531   2.9396611e-19
  20473.5605469   2.9537671e-19
  20524.6796875   2.9455540e-19
  20575.8007812   2.9261491e-19
  20626.9199219   2.9037203e-19
  20678.0390625   2.8554743e-19
  20729.1601562   2.8398661e-19
  20780.2792969   2.8681306e-19
  20831.4003906   2.8615378e-19
  20882.5195312   2.8639769e-19
  20933.6406250   2.8254972e-19
  20984.7597656   2.8080915e-19
  21035.8808594   2.8208477e-19
  21087.0000000   2.8211078e-19
  21138.1191406   2.8299803e-19
  21189.2402344   2.8043325e-19
  21240.3593750   2.7315804e-19
  21291.4804688   2.7300455e-19
  21342.5996094   2.7194431e-19
  21393.7207031   2.7248107e-19
  21444.8398438   2.6817389e-19
  21495.9589844   2.7238657e-19
  21547.0800781   2.6738244e-19
  21598.1992188   2.6583801e-19
  21649.3203125   2.6394638e-19
  21700.4394531   2.6790079e-19
  21751.5605469   2.5530087e-19
  21802.6796875   2.6675608e-19
  21853.8007812   2.4659823e-19
  21904.9199219   2.7176998e-19
  21956.0390625   2.6223288e-19
  22007.1601562   2.6198077e-19
  22058.2792969   2.7258881e-19
  22109.4003906   2.6799377e-19
  22160.5195312   2.4218166e-19
  22211.6406250   2.6431644e-19
  22262.7597656   2.7084892e-19
  22313.8808594   2.6789961e-19
  22365.0000000   2.5188619e-19
  22416.1191406   2.6521411e-19
  22467.2402344   2.6918515e-19
  22518.3593750   2.6526889e-19
  22569.4804688   2.6544833e-19
  22620.5996094   2.6043895e-19
  22671.7207031   2.4687348e-19
  22722.8398438   2.6271241e-19
  22773.9589844   2.6633817e-19
  22825.0800781   2.6175650e-19
  22876.1992188   2.6167145e-19
  22927.3203125   2.6097251e-19
  22978.4394531   2.5791318e-19
  23029.5605469   2.4138312e-19
  23080.6796875   2.5073724e-19
  23131.8007812   2.6132233e-19
  23182.9199219   2.5821353e-19
  23234.0390625   2.5168715e-19
  23285.1601562   2.5246984e-19
  23336.2792969   2.5544441e-19
  23387.4003906   2.5320495e-19
  23438.5195312   2.5013011e-19
  23489.6406250   2.4885139e-19
  23540.7597656   2.3897289e-19
  23591.8808594   2.2632264e-19
  23643.0000000   2.3587704e-19
  23694.1191406   2.4043196e-19
  23745.2402344   2.4134284e-19
  23796.3593750   2.4247326e-19
  23847.4804688   2.4092346e-19
  23898.5996094   2.4047102e-19
  23949.7207031   2.3737873e-19
  24000.8398438   2.3842041e-19
  24051.9589844   2.3303717e-19
  24103.0800781   2.3724742e-19
  24154.1992188   2.3335672e-19
  24205.3203125   2.3545476e-19
  24256.4394531   2.3508589e-19
  24307.5605469   2.3171862e-19
  24358.6796875   2.2896703e-19
  24409.8007812   2.1553998e-19
  24460.9199219   2.2636935e-19
  24512.0390625   2.3160059e-19
  24563.1601562   2.2910988e-19
  24614.2792969   2.2869166e-19
  24665.4003906   2.2677136e-19
  24716.5195312   2.2542489e-19
  24767.6406250   2.2739068e-19
  24818.7597656   2.2599882e-19
  24869.8808594   2.2500352e-19
  24921.0000000   2.2334360e-19
  24972.1191406   2.2340835e-19
  25023.2402344   2.2059552e-19
  25074.3593750   2.2397916e-19
  25125.4804688   2.2209450e-19
  25176.5996094   2.2286642e-19
  25227.7207031   2.2133502e-19
  25278.8398438   2.2042218e-19
  25329.9589844   2.1919811e-19
  25381.0800781   2.1948131e-19
  25432.1992188   2.1896621e-19
  25483.3203125   2.1858380e-19
  25534.4394531   2.1713522e-19
  25623.9003906   2.1219623e-19
  25751.6992188   2.0760469e-19
  25879.5000000   2.1163596e-19
  26007.3007812   2.0939578e-19
  26135.0996094   2.0857890e-19
  26262.9003906   2.0770866e-19
  26390.6992188   2.0416066e-19
  26518.5000000   2.0212563e-19
  26646.3007812   2.0146626e-19
  26774.0996094   1.9897863e-19
  26901.9003906   1.9795793e-19
  27029.6992188   1.9550334e-19
  27157.5000000   1.9393495e-19
  27285.3007812   1.9016819e-19
  27413.0996094   1.8931738e-19
  27540.9003906   1.8737679e-19
  27668.6992188   1.8350677e-19
  27796.5000000   1.8057589e-19
  27924.3007812   1.7376597e-19
  28052.0996094   1.7280023e-19
  28179.9003906   1.7201351e-19
  28307.6992188   1.7032361e-19
  28435.5000000   1.6921343e-19
  28563.3007812   1.6792083e-19
  28691.0996094   1.6707854e-19
  28818.9003906   1.6505973e-19
  28946.6992188   1.6421447e-19
  29074.5000000   1.6327744e-19
  29202.3007812   1.6187727e-19
  29330.0996094   1.6265904e-19
  29457.9003906   1.6184528e-19
  29585.6992188   1.5999718e-19
  29713.5000000   1.5800146e-19
  29841.3007812   1.5727453e-19
  29969.0996094   1.5781907e-19
  30096.9003906   1.5559133e-19
  30224.6992188   1.5440686e-19
  30352.5000000   1.5208295e-19
  30480.3007812   1.5344557e-19
  30608.0996094   1.4915396e-19
  30735.9003906   1.5055775e-19
  30863.6992188   1.4881960e-19
  30991.5000000   1.4812060e-19
  31119.3007812   1.4783205e-19
  31247.0996094   1.4649997e-19
  31374.9003906   1.4529599e-19
  31502.6992188   1.4395263e-19
  31630.5000000   1.4320351e-19
  31758.3007812   1.4181222e-19
  31886.0996094   1.4106060e-19
  32013.9003906   1.3934576e-19
  32141.6992188   1.3863828e-19
  32269.5000000   1.3774249e-19
  32397.3007812   1.3624917e-19
  32525.0996094   1.3581066e-19
  32652.9003906   1.3495803e-19
  32780.6992188   1.2900100e-19
  32908.5000000   1.3228389e-19
  33036.3007812   1.3082619e-19
  33164.1015625   1.3139624e-19
  33291.8984375   1.2961433e-19
  33419.6992188   1.2976983e-19
  33547.5000000   1.2780101e-19
  33675.3007812   1.2721357e-19
  33803.1015625   1.2681083e-19
  33930.8984375   1.2497249e-19
  34058.6992188   1.2521476e-19
  34186.5000000   1.2388230e-19
  34314.3007812   1.2398571e-19
  34442.1015625   1.2302133e-19
  34569.8984375   1.2233438e-19
  34697.6992188   1.2053552e-19
  34825.5000000   1.1993880e-19
  34953.3007812   1.1971251e-19
  35081.1015625   1.1939380e-19
  35208.8984375   1.1861037e-19
  35336.6992188   1.1824058e-19
  35464.5000000   1.1689605e-19
  35592.3007812   1.1546078e-19
  35720.1015625   1.1508917e-19
  35847.8984375   1.1309097e-19
  35975.6992188   1.1257858e-19
  36103.5000000   1.1039198e-19
  36231.3007812   1.1001785e-19
  36359.1015625   1.0847630e-19
  36486.8984375   1.0712323e-19
  36614.6992188   1.0819130e-19
  36742.5000000   1.0823170e-19
  36870.3007812   1.0566166e-19
  36998.1015625   1.0696338e-19
  37125.8984375   1.0565053e-19
  37240.9179688   1.0591999e-19
  37368.7187500   1.0478963e-19
  37509.3007812   1.0441476e-19
  37637.1015625   1.0295578e-19
  37764.8984375   1.0318121e-19
  37892.6992188   1.0298609e-19
  38020.5000000   1.0241372e-19
  38148.3007812   1.0371504e-19
  38276.1015625   1.0262758e-19
  38403.8984375   1.0219760e-19
  38531.6992188   1.0134302e-19
  38659.5000000   1.0212760e-19
  38787.3007812   1.0220971e-19
  38915.1015625   1.0191657e-19
  39042.8984375   1.0185795e-19
  39170.6992188   1.0114248e-19
  39298.5000000   1.0174036e-19
  39426.3007812   1.0116247e-19
  39554.1015625   1.0124115e-19
  39681.8984375   1.0010178e-19
  39809.6992188   9.5954308e-20
  39937.5000000   9.7203861e-20
  40065.3007812   9.6767278e-20
  40193.1015625   9.8117437e-20
  40320.8984375   9.2546776e-20
  40448.6992188   9.1919728e-20
  40576.5000000   9.1381163e-20
  40704.3007812   9.4379906e-20
  40832.1015625   9.1674605e-20
  41023.8007812   9.2567508e-20
  41279.3984375   9.3281293e-20
  41535.0000000   9.1075061e-20
  41790.6015625   9.2732705e-20
  42046.1992188   8.8822667e-20
  42301.8007812   9.0386504e-20
  42557.3984375   8.8356939e-20
  42813.0000000   8.7508503e-20
  43068.6015625   8.5333064e-20
  43324.1992188   8.5709030e-20
  43579.8007812   8.3956887e-20
  43835.3984375   8.3051422e-20
  44091.0000000   8.1343242e-20
  44346.6015625   7.9058491e-20
  44602.1992188   7.8814434e-20
  44857.8007812   7.7667103e-20
  45113.3984375   7.6565731e-20
  45369.0000000   7.5082557e-20
  45624.6015625   7.4407649e-20
  45880.1992188   7.3060560e-20
  46135.8007812   7.1573276e-20
  46391.3984375   7.0128275e-20
  46647.0000000   6.9206712e-20
  46902.6015625   6.8097192e-20
  47158.1992188   6.6744060e-20
  47413.8007812   6.5962788e-20
  47669.3984375   6.4320427e-20
  47925.0000000   6.2820128e-20
  48180.6015625   6.2561873e-20
  48436.1992188   6.0529678e-20
  48691.8007812   6.0892565e-20
  48947.3984375   5.9675252e-20
  49203.0000000   5.8836769e-20
  49458.6015625   5.7330021e-20
  49714.1992188   5.5818451e-20
  49969.8007812   5.5792958e-20
  50225.3984375   5.4711471e-20
  50481.0000000   5.3584298e-20
  50736.6015625   5.2885482e-20
  50992.1992188   5.2089751e-20
  51247.8007812   5.1581859e-20
  51503.3984375   5.0878316e-20
  51759.0000000   4.9551867e-20
  52014.6015625   4.8753596e-20
  52270.1992188   4.8484129e-20
  52525.8007812   4.7547233e-20
  52781.3984375   4.6694220e-20
  53037.0000000   4.6074135e-20
  53292.6015625   4.5308999e-20
  53548.1992188   4.4497509e-20
  53803.8007812   4.4155858e-20
  54059.3984375   4.3321429e-20
  54315.0000000   4.2645813e-20
  54570.6015625   4.2271750e-20
  54826.1992188   4.1580899e-20
  55081.8007812   4.0904033e-20
  55337.3984375   3.9919588e-20
  55593.0000000   3.9527061e-20
  55848.6015625   3.9061633e-20
  56104.1992188   3.8586263e-20
  56359.8007812   3.7732926e-20
  56615.3984375   3.7545143e-20
  56871.0000000   3.6705319e-20
  57126.6015625   3.6238246e-20
  57382.1992188   3.5749315e-20
  57637.8007812   3.5286349e-20
  57893.3984375   3.4624094e-20
  58149.0000000   3.4407928e-20
  58404.6015625   3.3718893e-20
  58660.1992188   2.8621787e-20
  58915.8007812   3.0516486e-20
  59171.3984375   3.0287234e-20
  59427.0000000   2.6049273e-20
  59682.6015625   2.8095593e-20
  59938.1992188   2.6655818e-20
  60193.8007812   2.3909465e-20
  60449.3984375   2.5996014e-20
  60705.0000000   2.4641743e-20
  60960.6015625   2.2710425e-20
  61216.1992188   2.4355225e-20
  61471.8007812   2.3720262e-20
  61727.3984375   2.1992805e-20
  61983.0000000   2.3193955e-20
  62238.6015625   2.2518939e-20
  62494.1992188   2.1701986e-20
  62749.8007812   2.1835161e-20
  63005.3984375   2.1974559e-20
  63261.0000000   2.1454550e-20
  63516.6015625   1.9565881e-20
  63772.1992188   1.9571552e-20
  64027.8007812   2.0111266e-20
  64283.3984375   1.9330655e-20
  64539.0000000   1.9977195e-20
  64794.6015625   2.0135746e-20
  65050.1992188   2.0108439e-20
  65305.8007812   2.0086020e-20
  65561.3984375   2.0155477e-20
  65817.0000000   2.0289853e-20
  66072.6015625   1.9620264e-20
  66328.2031250   1.9665122e-20
  66583.7968750   1.9706274e-20
  66839.3984375   1.9251776e-20
  67095.0000000   1.8934398e-20
  67350.6015625   1.9033112e-20
  67606.2031250   1.8872630e-20
  67861.7968750   1.8554818e-20
  68117.3984375   1.8240677e-20
  68373.0000000   1.8355110e-20
  68628.6015625   1.8189319e-20
  68884.2031250   1.7728103e-20
  69139.7968750   1.7777533e-20
  69395.3984375   1.7576848e-20
  69651.0000000   1.7479469e-20
  69906.6015625   1.7026379e-20
  70162.2031250   1.7032211e-20
  70417.7968750   1.6855702e-20
  70673.3984375   1.6634638e-20
  70929.0000000   1.6318782e-20
  71184.6015625   1.6299728e-20
  71440.2031250   1.6206577e-20
  71695.7968750   1.6008783e-20
  71951.3984375   1.5717924e-20
  72207.0000000   1.5634413e-20
  72462.6015625   1.5540898e-20
  72718.2031250   1.5332768e-20
  72973.7968750   1.5140785e-20
  73229.3984375   1.4967760e-20
  73485.0000000   1.4750194e-20
  73740.6015625   1.4656240e-20
  73996.2031250   1.4493017e-20
  74251.7968750   1.4324943e-20
  74507.3984375   1.4186453e-20
  74763.0000000   1.3944189e-20
  75018.6015625   1.3884850e-20
  75274.2031250   1.3662308e-20
  75529.7968750   1.3509027e-20
  75785.3984375   1.3395299e-20
  76041.0000000   1.3237106e-20
  76296.6015625   1.3054152e-20
  76552.2031250   1.2900837e-20
  76807.7968750   1.2742606e-20
  77063.3984375   1.2623960e-20
  77319.0000000   1.2450846e-20
  77574.6015625   1.2223395e-20
  77830.2031250   1.2154180e-20
  78085.7968750   1.2020669e-20
  78341.3984375   1.1882206e-20
  78597.0000000   1.1768468e-20
  78852.6015625   1.1590481e-20
  79108.2031250   1.1466839e-20
  79363.7968750   1.1372901e-20
  79619.3984375   1.1185018e-20
  79875.0000000   1.1091050e-20
  80130.6015625   1.0967437e-20
  80386.2031250   1.0838867e-20
  80641.7968750   1.0705362e-20
  80897.3984375   1.0566909e-20
  81153.0000000   1.0477904e-20
  81408.6015625   1.0349345e-20
  81664.2031250   1.0235616e-20
  82047.6015625   1.0047705e-20
  82558.7968750   9.8202793e-21
  83070.0000000   9.6026824e-21
  83581.2031250   9.3801797e-21
  84092.3984375   9.1329407e-21
  84603.6015625   8.9598806e-21
  85114.7968750   8.7620795e-21
  85626.0000000   8.5939704e-21
  86137.2031250   8.3961676e-21
  86648.3984375   8.2082869e-21
  87159.6015625   8.0253152e-21
  87670.7968750   7.8720331e-21
  88182.0000000   7.7138163e-21
  88693.2031250   7.5506161e-21
  89204.3984375   7.3973316e-21
  89715.6015625   7.2539410e-21
  90226.7968750   7.0907788e-21
  90738.0000000   6.9572408e-21
  91249.2031250   6.8089114e-21
  91760.3984375   6.6704499e-21
  92271.6015625   6.5468397e-21
  92782.7968750   6.4232352e-21
  93294.0000000   6.2748714e-21
  93805.2031250   6.1512660e-21
  94316.3984375   6.0029325e-21
  94827.6015625   5.8793118e-21
  95338.7968750   5.7804064e-21
  95850.0000000   5.6271102e-21
  96361.2031250   5.5677915e-21
  96872.3984375   5.4590019e-21
  97383.6015625   5.3601009e-21
  97894.7968750   5.2710877e-21
  98406.0000000   5.1771369e-21
  98917.2031250   5.0634225e-21
  99428.3984375   4.9744182e-21
  99939.6015625   4.8814444e-21
 100450.7968750   4.8023412e-21
 100962.0000000   4.6940545e-21
 101473.2031250   4.6124544e-21
 101984.3984375   4.5071432e-21
 102495.6015625   4.4359366e-21
 103006.7968750   4.3627493e-21
 103518.0000000   4.2707852e-21
 104029.2031250   4.2069877e-21
 104540.3984375   4.1343085e-21
 105051.6015625   4.0645805e-21
 105562.7968750   3.9968357e-21
 106074.0000000   3.9206863e-21
 106585.2031250   3.8425609e-21
 107096.3984375   3.7812389e-21
 107607.6015625   3.7105331e-21
 108118.7968750   3.6625772e-21
 108630.0000000   3.5893895e-21
 109141.2031250   3.5349943e-21
 109652.3984375   3.3629270e-21
 110163.6015625   3.2130906e-21
 110674.7968750   3.2185281e-21
 111186.0000000   3.0716700e-21
 111697.2031250   2.9935468e-21
 112208.3984375   2.9292608e-21
 112719.6015625   2.7957612e-21
 113230.7968750   2.7740029e-21
 113742.0000000   2.7112026e-21
 114253.2031250   2.6123052e-21
 114764.3984375   2.6212118e-21
 115275.6015625   2.5519774e-21
 115786.7968750   2.4778155e-21
 116298.0000000   2.4733579e-21
 116809.2031250   2.4323157e-21
 117320.3984375   2.3497441e-21
 117831.6015625   2.3606254e-21
 118342.7968750   2.3057353e-21
 118854.0000000   2.2706237e-21
 119365.2031250   2.2513401e-21
 119876.3984375   2.2142543e-21
 120387.6015625   2.1717336e-21
 120898.7968750   2.1717336e-21
 121410.0000000   2.1262441e-21
 121921.2031250   2.0975568e-21
 122432.3984375   2.0669038e-21
 122943.6015625   2.0224019e-21
 123454.7968750   2.0268476e-21
 123966.0000000   1.9867998e-21
 124477.2031250   1.9487240e-21
 124988.3984375   1.9274619e-21
 125499.6015625   1.8953202e-21
 126010.7968750   1.8705942e-21
 126522.0000000   1.8384558e-21
 127033.2031250   1.8290573e-21
 127544.3984375   1.7944458e-21
 128055.6015625   1.7786279e-21
 128566.7968750   1.7538988e-21
 129078.0000000   1.7168144e-21
 129589.2031250   1.7005004e-21
 130100.3984375   1.6777488e-21
 130611.6015625   1.6500610e-21
 131122.7968750   1.6263261e-21
 131634.0000000   1.6050672e-21
 132145.2031250   1.5991287e-21
 132656.4062500   1.5709435e-21
 133167.5937500   1.5491901e-21
 133678.7968750   1.5269399e-21
 134190.0000000   1.5135863e-21
 134701.2031250   1.5076553e-21
 135212.4062500   1.4710602e-21
 135723.5937500   1.4483155e-21
 136234.7968750   1.4384266e-21
 136746.0000000   1.4196363e-21
 137257.2031250   1.4018363e-21
 137768.4062500   1.3865046e-21
 138279.5937500   1.3696973e-21
 138790.7968750   1.3459578e-21
 139302.0000000   1.3385419e-21
 139813.2031250   1.3138183e-21
 140324.4062500   1.3034330e-21
 140835.5937500   1.2806902e-21
 141346.7968750   1.2846447e-21
 141858.0000000   1.2520102e-21
 142369.2031250   1.2470658e-21
 142880.4062500   1.2258016e-21
 143391.5937500   1.2188818e-21
 143902.7968750   1.1946514e-21
 144414.0000000   1.1887164e-21
 144925.2031250   1.1728944e-21
 145436.4062500   1.1506441e-21
 145947.5937500   1.1456974e-21
 146458.7968750   1.1328434e-21
 146970.0000000   1.1180058e-21
 147481.2031250   1.1036678e-21
 147992.4062500   1.0947658e-21
 148503.5937500   1.0794356e-21
 149014.7968750   1.0675689e-21
 149526.0000000   1.0547158e-21
 150037.2031250   1.0379022e-21
 150548.4062500   1.0270243e-21
 151059.5937500   1.0126826e-21
 151570.7968750   1.0057594e-21
 152082.0000000   9.9092673e-22
 152593.2031250   9.8350846e-22
 153104.4062500   9.7164177e-22
 153615.5937500   9.6026824e-22
 154126.7968750   9.4889450e-22
 154638.0000000   9.3505236e-22
 155149.2031250   9.2516304e-22
 155660.4062500   9.1329413e-22
 156171.5937500   9.0192202e-22
 156682.7968750   8.9351632e-22
 157194.0000000   8.8461393e-22
 157705.2031250   8.7670452e-22
 158216.4062500   8.6533179e-22
 158727.5937500   8.5692468e-22
 159238.7968750   8.4456135e-22
 159750.0000000   8.3318848e-22
 160261.2031250   8.2428952e-22
 160772.4062500   8.1538895e-22
 161283.5937500   8.0549772e-22
 161794.7968750   7.9907086e-22
 162306.0000000   7.8868794e-22
 162817.2031250   7.8225775e-22
 163328.4062500   7.7138157e-22
 164095.2031250   7.5901808e-22
 165117.5937500   7.4121603e-22
 166140.0000000   7.2490047e-22
 167162.4062500   7.0858294e-22
 168184.7968750   6.9424076e-22
 169207.2031250   6.7792520e-22
 170229.5937500   6.6358535e-22
 171252.0000000   6.4924373e-22
 172274.4062500   6.3441184e-22
 173296.7968750   6.2106062e-22
 174319.2031250   6.0771007e-22
 175341.5937500   5.9485282e-22
 176364.0000000   5.8150100e-22
 177386.4062500   5.6963341e-22
 178408.7968750   5.5727331e-22
 179431.2031250   5.4540657e-22
 180453.5937500   5.3403162e-22
 181476.0000000   5.2265975e-22
 182498.4062500   5.1227643e-22
 183520.7968750   5.0139646e-22
 184543.2031250   4.9096315e-22
 185565.5937500   4.8072790e-22
 186588.0000000   4.7098727e-22
 187610.4062500   4.6114622e-22
 188632.7968750   4.5189956e-22
 189655.2031250   4.4220872e-22
 190677.5937500   4.3256603e-22
 191700.0000000   4.2391295e-22
 192722.4062500   4.1609946e-22
 193744.7968750   4.0813952e-22
 194767.2031250   4.0002955e-22
 195789.5937500   3.9216853e-22
 196812.0000000   3.8435565e-22
 197834.4062500   3.7688871e-22
 198856.7968750   3.6957013e-22
 199879.2031250   3.6235062e-22
 200901.5937500   3.5537828e-22
 201924.0000000   3.4850648e-22
 202946.4062500   3.4183055e-22
 203968.7968750   3.3540182e-22
 204991.2031250   3.2882525e-22
 206013.5937500   3.2259577e-22
 207036.0000000   3.1666086e-22
 208058.4062500   3.1062906e-22
 209080.7968750   3.0494245e-22
 210103.2031250   2.9930605e-22
 211125.5937500   2.9371834e-22
 212148.0000000   2.8837801e-22
 213170.4062500   2.8293841e-22
 214192.7968750   2.7779529e-22
 215215.2031250   2.7285111e-22
 216237.5937500   2.6790668e-22
 217260.0000000   2.6310960e-22
 218282.4062500   2.5841205e-22
 219304.7968750   2.5381396e-22
 220327.2031250   2.4931412e-22
 221349.5937500   2.4496289e-22
 222372.0000000   2.4061151e-22
 223394.4062500   2.3640806e-22
 224416.7968750   2.3225453e-22
 225439.2031250   2.2815094e-22
 226461.5937500   2.2424390e-22
 227484.0000000   2.2033796e-22
 228506.4062500   2.1662943e-22
 229528.7968750   2.1282155e-22
 230551.2031250   2.0936083e-22
 231573.5937500   2.0584972e-22
 232596.0000000   2.0219045e-22
 233618.4062500   1.9887729e-22
 234640.7968750   1.9561412e-22
 235663.2031250   1.9240027e-22
 236685.5937500   1.8918605e-22
 237708.0000000   1.8612030e-22
 238730.4062500   1.8300535e-22
 239752.7968750   1.8003820e-22
 240775.2031250   1.7707171e-22
 241797.5937500   1.7420304e-22
 242820.0000000   1.7138461e-22
 243842.4062500   1.6861551e-22
 244864.7968750   1.6594576e-22
 245887.2031250   1.6327527e-22
 246909.5937500   1.6070422e-22
 247932.0000000   1.5813267e-22
 248954.4062500   1.5551209e-22
 249976.7968750   1.5313858e-22
 250999.2031250   1.5076553e-22
 252021.5937500   1.4844100e-22
 253044.0000000   1.4616643e-22
 254066.4062500   1.4384266e-22
 255088.7968750   1.4166716e-22
 256111.2031250   1.3949148e-22
 511200.0000000   9.3455555e-24
1022400.0000000   5.9930281e-25
1533600.0000000   1.1892125e-25
2044800.0000000   3.7639413e-26
2556000.0000000   1.5402893e-26
3067200.0000000   7.4171106e-27
3578400.0000000   3.9968358e-27
4089600.0000000   2.3393547e-27
