    375.9209900   1.3594206e-23
    388.3139954   1.5509682e-23
    396.5759888   1.6563862e-23
    404.8380127   9.1225251e-23
    413.1000061   2.5180011e-22
    421.3619995   2.7319427e-22
    429.6239929   2.5944822e-22
    437.8860168   2.6371948e-22
    446.1480103   2.6909434e-22
    454.4100037   3.0733458e-22
    470.9339905   3.1884089e-22
    487.4580078   3.0964184e-22
    499.8510132   3.9204829e-22
    516.3750000   4.0720700e-22
    524.6370239   4.1582027e-22
    528.7680054   4.2236527e-22
    541.1610107   4.0720700e-22
    545.2919922   4.2133147e-22
    553.5540161   4.0272866e-22
    565.9470215   4.4751345e-22
    578.3400269   4.4889134e-22
    590.7330322   5.6671434e-22
    607.2570190   7.0554962e-22
    623.7810059   6.3147970e-22
    640.3049927   7.1244035e-22
    656.8289795   7.1554157e-22
    669.2219849   7.1657312e-22
    685.7460327   7.2105274e-22
    702.2700195   7.2036269e-22
    714.6630249   5.9220755e-22
    731.1870117   7.2587593e-22
    743.5800171   7.2690950e-22
    751.8419800   7.2690950e-22
    768.3660278   7.2794141e-22
    789.0209961   7.2863232e-22
    801.4140015   7.3311002e-22
    817.9379883   7.3138634e-22
    834.4620361   7.3379937e-22
    846.8549805   7.3311002e-22
    867.5100098   7.1071839e-22
    892.2960205   7.3242133e-22
    908.8200073   7.3483138e-22
    921.2130127   7.0788985e-22
    937.7369995   6.8932852e-22
    950.1300049   8.3694825e-22
    966.6539917   1.2035100e-21
    991.4400024   1.2362912e-21
   1016.2260132   1.0892944e-21
   1041.0119629   1.0613334e-21
   1061.6669922   9.3307579e-22
   1074.0600586   9.5284573e-22
   1090.5839844   1.1524657e-21
   1111.2390137   1.1296994e-21
   1131.8940430   1.0961041e-21
   1152.5490723   9.0559818e-22
   1173.2039795   1.0262315e-21
   1197.9899902   1.0092425e-21
   1222.7760010   8.7882538e-22
   1243.4310303   7.6984570e-22
   1272.3480225   7.8016213e-22
   1313.6579590   7.0580377e-22
   1354.9680176   6.7124495e-22
   1396.2779541   5.8493630e-22
   1437.5880127   5.1111502e-22
   1474.7669678   6.3847645e-22
   1511.9460449   9.0558223e-22
   1549.1250000   8.3242107e-22
   1590.4350586   6.1387490e-22
   1631.7449951   8.4945007e-22
   1673.0550537   9.8061514e-22
   1710.2340088   9.1558392e-22
   1743.2819824   7.8727319e-22
   1776.3300781   7.1371182e-22
   1821.7709961   7.7823887e-22
   1863.0810547   7.4709939e-22
   1900.2600098   6.2332916e-22
   1941.5700684   6.0122510e-22
   1982.8800049   6.4197718e-22
   2024.1900635   5.1632221e-22
   2065.5000000   6.0881382e-22
   2090.2861328   5.1024927e-22
   2115.0720215   7.8432595e-22
   2148.1201172   7.2168631e-22
   2189.4299316   6.4072929e-22
   2230.7399902   5.0839043e-22
   2272.0500488   4.7776057e-22
   2313.3601074   6.1104519e-22
   2354.6699219   6.6796011e-22
   2395.9799805   6.3883269e-22
   2437.2900391   6.3865038e-22
   2478.6000977   5.2808934e-22
   2519.9099121   5.0741563e-22
   2561.2199707   6.4125577e-22
   2602.5300293   6.0230073e-22
   2643.8400879   6.6649492e-22
   2685.1501465   6.4570393e-22
   2718.1979980   5.9751354e-22
   2747.1149902   6.8295215e-22
   2788.4250488   7.3326461e-22
   2829.7351074   6.4312005e-22
   2871.0449219   7.7081328e-22
   2912.3549805   6.4425924e-22
   2957.7961426   8.6566703e-22
   2999.1059570   9.1871766e-22
   3036.2849121   9.6816664e-22
   3077.5949707   9.9317139e-22
   3118.9050293   1.0537721e-21
   3160.2150879   1.0168505e-21
   3201.5251465   1.2294364e-21
   3242.8349609   1.2274564e-21
   3284.1450195   1.4516599e-21
   3325.4550781   1.6802352e-21
   3366.7651367   1.9668249e-21
   3408.0749512   2.3449625e-21
   3449.3850098   2.2005963e-21
   3490.6950684   3.2348132e-21
   3532.0051270   3.8169308e-21
   3573.3149414   4.7914110e-21
   3614.6250000   5.8752632e-21
   3655.9350586   7.2480231e-21
   3697.2451172   9.0256060e-21
   3738.5549316   1.1092618e-20
   3779.8649902   1.3660339e-20
   3821.1750488   4.9268286e-20
   3862.4851074   9.2378329e-20
   3903.7949219   1.3754491e-19
   3945.1049805   1.8305534e-19
   3986.4150391   2.0029394e-19
   4027.7250977   9.5172080e-20
   4069.0351562   1.9266510e-19
   4110.3452148   1.9057467e-19
   4151.6552734   2.4324567e-19
   4192.9648438   2.5421465e-19
   4234.2749023   1.8114555e-19
   4275.5849609   2.9222986e-19
   4316.8950195   4.0786027e-19
   4358.2050781   3.9924702e-19
   4399.5151367   3.4170324e-19
   4440.8251953   3.8080063e-19
   4482.1352539   3.3688722e-19
   4523.4448242   3.9930492e-19
   4564.7548828   3.8488807e-19
   4606.0649414   3.7881064e-19
   4647.3750000   3.3695383e-19
   4688.6850586   4.0476959e-19
   4729.9951172   3.8655665e-19
   4771.3051758   3.9258240e-19
   4812.6152344   3.9069899e-19
   4853.9252930   2.6925866e-19
   4895.2348633   3.7731795e-19
   4936.5449219   3.2110619e-19
   4977.8549805   2.7398851e-19
   5019.1650391   2.2272960e-19
   5060.4750977   5.1557671e-19
   5101.7851562   6.3530738e-19
   5143.0952148   6.6400864e-19
   5184.4052734   6.5168959e-19
   5225.7148438   6.2929254e-19
   5267.0249023   7.4135339e-19
   5308.3349609   7.6587650e-19
   5349.6450195   6.6188320e-19
   5390.9550781   6.7285063e-19
   5432.2651367   7.7834826e-19
   5473.5751953   7.5283047e-19
   5514.8852539   7.1122116e-19
   5556.1948242   7.8565325e-19
   5597.5048828   7.7459369e-19
   5638.8149414   7.2558267e-19
   5680.1250000   7.3480878e-19
   5721.4350586   7.3602319e-19
   5762.7451172   5.7439949e-19
   5804.0551758   5.7059286e-19
   5845.3652344   7.0786503e-19
   5886.6752930   6.9943782e-19
   5927.9848633   7.2842750e-19
   5956.9018555   7.4727005e-19
   5977.5571289   7.5138367e-19
   6010.6049805   7.3274311e-19
   6051.9150391   6.9900484e-19
   6093.2250977   7.1301630e-19
   6134.5351562   7.2706276e-19
   6175.8452148   7.2981401e-19
   6217.1552734   6.9542522e-19
   6246.0722656   6.4102486e-19
   6266.7270508   6.6796892e-19
   6299.7749023   6.6156933e-19
   6341.0849609   5.7563442e-19
   6382.3950195   5.3977847e-19
   6423.7050781   5.3352333e-19
   6465.0151367   5.8458958e-19
   6506.3251953   6.1940494e-19
   6547.6352539   6.3514278e-19
   6588.9448242   6.4013300e-19
   6630.2548828   6.2920134e-19
   6671.5649414   6.2429627e-19
   6712.8750000   6.1346253e-19
   6754.1850586   6.4617767e-19
   6795.4951172   6.5101161e-19
   6836.8051758   6.3621475e-19
   6878.1152344   6.6450743e-19
   6907.0322266   6.1676639e-19
   6927.6870117   6.8686860e-19
   6960.7348633   6.8762620e-19
   7002.0449219   6.5749387e-19
   7043.3549805   6.4115441e-19
   7084.6650391   6.0739836e-19
   7125.9750977   5.9925068e-19
   7167.2851562   6.3066483e-19
   7208.5952148   6.1977226e-19
   7249.9052734   6.3723549e-19
   7291.2148438   6.1280817e-19
   7332.5249023   6.0479502e-19
   7373.8349609   6.2115934e-19
   7415.1450195   6.4033545e-19
   7456.4550781   6.4412068e-19
   7497.7651367   5.9753982e-19
   7539.0751953   6.1184539e-19
   7580.3852539   5.9810690e-19
   7621.6953125   5.5903627e-19
   7663.0048828   5.5801340e-19
   7704.3149414   5.6684625e-19
   7745.6250000   5.9475403e-19
   7786.9350586   5.4716317e-19
   7828.2451172   5.2272216e-19
   7869.5551758   5.5604647e-19
   7910.8652344   5.2940133e-19
   7952.1752930   5.1004313e-19
   7993.4848633   5.3829880e-19
   8034.7949219   5.4781478e-19
   8076.1049805   5.0488820e-19
   8125.6772461   5.4478451e-19
   8162.8559570   5.6111476e-19
   8195.9042969   5.3194874e-19
   8241.3447266   5.1972342e-19
   8282.6552734   5.3731626e-19
   8323.9648438   5.2577745e-19
   8365.2753906   5.4495925e-19
   8406.5849609   5.0980573e-19
   8447.8955078   5.2012300e-19
   8489.2050781   4.7082014e-19
   8530.5146484   4.8933611e-19
   8567.6943359   5.3346713e-19
   8584.2177734   4.9845697e-19
   8613.1347656   5.1611588e-19
   8654.4453125   4.9138633e-19
   8695.7548828   5.0101823e-19
   8737.0654297   5.0587145e-19
   8778.3750000   5.0850437e-19
   8819.6855469   4.9174900e-19
   8860.9951172   4.8495454e-19
   8902.3046875   5.0075865e-19
   8943.6152344   4.9045710e-19
   8984.9248047   4.8916634e-19
   9026.2353516   4.7638195e-19
   9067.5449219   4.9111879e-19
   9108.8554688   4.8422879e-19
   9150.1650391   4.7148023e-19
   9191.4746094   4.6167747e-19
   9232.7851562   4.7184269e-19
   9274.0947266   4.6485348e-19
   9315.4052734   4.5314407e-19
   9356.7148438   4.6220702e-19
   9398.0253906   4.6650396e-19
   9439.3349609   4.6873632e-19
   9480.6455078   4.4496377e-19
   9521.9550781   4.5072063e-19
   9563.2646484   4.3900652e-19
   9604.5751953   3.7966510e-19
   9645.8847656   4.2360434e-19
   9687.1953125   4.2140362e-19
   9728.5048828   4.2776777e-19
   9769.8154297   4.1458212e-19
   9811.1250000   4.1306636e-19
   9852.4355469   3.9865135e-19
   9893.7451172   4.0964287e-19
   9935.0546875   3.9847102e-19
   9976.3652344   4.0008431e-19
  10017.6748047   4.0508260e-19
  10058.9853516   3.9199146e-19
  10100.2949219   4.0081944e-19
  10141.6054688   3.9559569e-19
  10182.9150391   3.9203108e-19
  10224.2255859   3.8369481e-19
  10265.5351562   3.8630718e-19
  10306.8447266   3.3895752e-19
  10348.1552734   3.8238771e-19
  10381.2031250   3.6195170e-19
  10401.8583984   3.7614325e-19
  10430.7753906   3.6808987e-19
  10472.0849609   3.6815291e-19
  10513.3955078   3.5986105e-19
  10554.7050781   3.6763750e-19
  10596.0146484   3.6403691e-19
  10637.3251953   3.7129814e-19
  10678.6347656   3.6812864e-19
  10719.9453125   3.6512892e-19
  10761.2548828   3.5886199e-19
  10802.5654297   3.5521475e-19
  10843.8750000   3.5754528e-19
  10885.1855469   3.5770704e-19
  10926.4951172   3.6417604e-19
  10967.8046875   3.6274261e-19
  11009.1152344   3.4848227e-19
  11050.4248047   3.5295057e-19
  11091.7353516   3.5144707e-19
  11133.0449219   3.4278845e-19
  11174.3554688   3.4272825e-19
  11215.6650391   3.3745435e-19
  11256.9755859   3.3734173e-19
  11298.2851562   3.4019385e-19
  11339.5947266   3.2508066e-19
  11380.9052734   3.2418674e-19
  11422.2148438   3.2561363e-19
  11463.5253906   3.3076637e-19
  11504.8349609   3.2640539e-19
  11546.1455078   3.0123560e-19
  11587.4550781   3.1012772e-19
  11628.7646484   3.2258894e-19
  11670.0751953   3.2024145e-19
  11711.3847656   3.0854227e-19
  11752.6953125   3.0690833e-19
  11794.0048828   3.0470976e-19
  11835.3154297   3.0861005e-19
  11876.6250000   3.0425375e-19
  11917.9355469   3.0343174e-19
  11959.2451172   2.9978910e-19
  12021.2099609   3.0229052e-19
  12103.8300781   2.9750691e-19
  12186.4501953   2.9240444e-19
  12269.0703125   2.9107449e-19
  12351.6904297   2.8791254e-19
  12434.3105469   2.8511781e-19
  12516.9296875   2.8370760e-19
  12599.5498047   2.8068112e-19
  12682.1699219   2.7755040e-19
  12764.7900391   2.7377561e-19
  12847.4101562   2.7080275e-19
  12930.0302734   2.6644369e-19
  13012.6503906   2.6427601e-19
  13095.2705078   2.5948583e-19
  13177.8896484   2.5300286e-19
  13260.5097656   2.5171830e-19
  13343.1298828   2.4745767e-19
  13425.7500000   2.4533562e-19
  13508.3701172   2.4186826e-19
  13590.9902344   2.3849706e-19
  13673.6103516   2.3534951e-19
  13756.2304688   2.3092740e-19
  13838.8505859   2.2645008e-19
  13921.4697266   2.2259955e-19
  14004.0898438   2.1960105e-19
  14086.7099609   2.1701908e-19
  14169.3300781   2.1245842e-19
  14251.9501953   2.0936560e-19
  14334.5703125   2.0676410e-19
  14417.1904297   2.0395022e-19
  14499.8105469   2.0190222e-19
  14582.4296875   1.9888705e-19
  14665.0498047   1.9663929e-19
  14747.6699219   1.9243508e-19
  14830.2900391   1.8872893e-19
  14912.9101562   1.8680999e-19
  14995.5302734   1.8496579e-19
  15036.8398438   1.8415198e-19
  15078.1503906   1.8435511e-19
  15160.7705078   1.8089592e-19
  15243.3906250   1.7221019e-19
  15326.0097656   1.7730220e-19
  15408.6298828   1.7577248e-19
  15491.2500000   1.9639504e-19
  15573.8701172   1.9815992e-19
  15656.4902344   2.1414557e-19
  15739.1103516   2.2887372e-19
  15821.7304688   1.9734353e-19
  15904.3505859   2.3347274e-19
  15986.9697266   2.4047756e-19
  16069.5898438   1.8627174e-19
  16152.2099609   2.3995111e-19
  16234.8300781   2.2911406e-19
  16317.4501953   2.3185418e-19
  16400.0703125   1.7240013e-19
  16482.6894531   2.2917848e-19
  16565.3105469   2.3556253e-19
  16647.9296875   2.2991038e-19
  16730.5507812   2.3129989e-19
  16813.1699219   2.2377086e-19
  16895.7910156   2.0587790e-19
  16978.4101562   1.7834870e-19
  17061.0292969   2.1419072e-19
  17143.6503906   2.1670573e-19
  17226.2695312   2.1535563e-19
  17308.8906250   2.1397823e-19
  17391.5097656   2.1277032e-19
  17474.1308594   2.0996782e-19
  17556.7500000   2.0780827e-19
  17639.3710938   2.0234786e-19
  17721.9902344   2.0133994e-19
  17804.6093750   1.9404330e-19
  17887.2304688   1.7686277e-19
  17969.8496094   1.6099186e-19
  18052.4707031   1.9289453e-19
  18135.0898438   1.8994798e-19
  18217.7109375   1.9060648e-19
  18300.3300781   1.8990710e-19
  18382.9492188   1.8924935e-19
  18465.5703125   1.8516817e-19
  18548.1894531   1.8578806e-19
  18630.8105469   1.8821491e-19
  18713.4296875   1.8276134e-19
  18796.0507812   1.8078552e-19
  18878.6699219   1.8244137e-19
  18961.2910156   1.7842548e-19
  19043.9101562   1.7792468e-19
  19126.5292969   1.7418329e-19
  19209.1503906   1.7283452e-19
  19291.7695312   1.7286488e-19
  19374.3906250   1.7047717e-19
  19457.0097656   1.6602973e-19
  19539.6308594   1.6788631e-19
  19622.2500000   1.6744008e-19
  19704.8710938   1.6679421e-19
  19787.4902344   1.6440728e-19
  19870.1093750   1.6149039e-19
  19952.7304688   1.5959236e-19
  20035.3496094   1.4443783e-19
  20117.9707031   1.2741664e-19
  20200.5898438   1.5369591e-19
  20283.2109375   1.5415695e-19
  20365.8300781   1.5090542e-19
  20448.4511719   1.5285312e-19
  20531.0703125   1.5088753e-19
  20613.6894531   1.4695116e-19
  20696.3105469   1.4188583e-19
  20778.9296875   1.4414570e-19
  20861.5507812   1.4194443e-19
  20944.1699219   1.4387627e-19
  21026.7910156   1.4067342e-19
  21109.4101562   1.3996412e-19
  21192.0292969   1.3726914e-19
  21274.6503906   1.3489236e-19
  21357.2695312   1.3197760e-19
  21439.8906250   1.3183914e-19
  21522.5097656   1.3156555e-19
  21605.1308594   1.3195499e-19
  21687.7500000   1.3240954e-19
  21770.3710938   1.2765638e-19
  21852.9902344   1.3111044e-19
  21935.6093750   1.3122565e-19
  22018.2304688   1.2691346e-19
  22100.8496094   1.2876507e-19
  22183.4707031   1.2799657e-19
  22266.0898438   1.2574501e-19
  22348.7109375   1.2415854e-19
  22431.3300781   1.2357917e-19
  22513.9511719   1.2387531e-19
  22596.5703125   1.2132802e-19
  22679.1894531   1.2053455e-19
  22761.8105469   1.1946575e-19
  22844.4296875   1.1975258e-19
  22927.0507812   1.1962904e-19
  23009.6699219   1.1834770e-19
  23092.2910156   1.1631031e-19
  23174.9101562   1.1679299e-19
  23257.5292969   1.1508825e-19
  23340.1503906   1.1440440e-19
  23422.7695312   1.1296449e-19
  23505.3906250   1.1357737e-19
  23588.0097656   1.1185617e-19
  23670.6308594   1.1418503e-19
  23753.2500000   1.1142567e-19
  23835.8710938   1.1148294e-19
  23918.4902344   1.0912624e-19
  24001.1093750   1.1014557e-19
  24083.7304688   1.1061385e-19
  24166.3496094   1.0852069e-19
  24248.9707031   1.0656117e-19
  24331.5898438   1.0320848e-19
  24414.2109375   1.0561118e-19
  24496.8300781   1.0516823e-19
  24579.4511719   1.0416613e-19
  24662.0703125   1.0462416e-19
  24744.6894531   1.0292014e-19
  24827.3105469   1.0219005e-19
  24909.9296875   1.0278373e-19
  24992.5507812   1.0288896e-19
  25075.1699219   1.0250334e-19
  25157.7910156   1.0022372e-19
  25240.4101562   9.9832725e-20
  25323.0292969   9.7192843e-20
  25405.6503906   9.6796682e-20
  25488.2695312   9.4991683e-20
  25570.8906250   9.5999493e-20
  25653.5097656   9.4964147e-20
  25736.1308594   9.2867690e-20
  25818.7500000   9.0766070e-20
  25901.3710938   9.2760893e-20
  25983.9902344   9.3343241e-20
  26066.6093750   9.1801189e-20
  26149.2304688   9.2311411e-20
  26231.8496094   9.1331881e-20
  26314.4707031   9.0847030e-20
  26397.0898438   9.1498099e-20
  26479.7109375   9.0513295e-20
  26562.3300781   9.0451696e-20
  26644.9511719   8.9890945e-20
  26727.5703125   8.9613439e-20
  26810.1894531   8.7906862e-20
  26892.8105469   8.8626729e-20
  26975.4296875   8.7630487e-20
  27058.0507812   8.3768005e-20
  27140.6699219   7.5670547e-20
  27223.2910156   8.5488800e-20
  27305.9101562   8.6421969e-20
  27388.5312500   8.5776503e-20
  27471.1503906   8.5056624e-20
  27553.7695312   8.3400550e-20
  27636.3906250   8.3829101e-20
  27719.0097656   8.2023837e-20
  27801.6308594   8.2667203e-20
  27884.2500000   8.1507088e-20
  27966.8710938   8.1572267e-20
  28049.4902344   8.0697485e-20
  28132.1093750   8.0761656e-20
  28214.7304688   8.0825175e-20
  28297.3496094   7.9656272e-20
  28379.9707031   8.0153536e-20
  28462.5898438   8.0651422e-20
  28545.2109375   8.0204951e-20
  28627.8300781   7.9321134e-20
  28710.4511719   7.8508410e-20
  28793.0703125   7.8786116e-20
  28875.6894531   7.8262608e-20
  28958.3105469   7.7154141e-20
  29040.9296875   7.7430458e-20
  29123.5507812   7.6976452e-20
  29206.1699219   7.4840646e-20
  29288.7910156   7.3651793e-20
  29371.4101562   7.1692564e-20
  29454.0312500   7.0572316e-20
  29536.6503906   7.0689259e-20
  29619.2695312   7.0915635e-20
  29701.8906250   7.0136651e-20
  29784.5097656   7.1265940e-20
  29867.1308594   7.1639373e-20
  29949.7500000   7.1924996e-20
  30032.3710938   7.1768801e-20
  30114.9902344   7.0867995e-20
  30197.6093750   7.1853005e-20
  30280.2304688   7.1754622e-20
  30362.8496094   7.1795910e-20
  30445.4707031   7.2671798e-20
  30528.0898438   7.1574904e-20
  30610.7109375   7.1245913e-20
  30693.3300781   7.1485685e-20
  30775.9511719   7.1392188e-20
  30858.5703125   7.1239030e-20
  30941.1894531   7.0781528e-20
  31023.8105469   7.1117118e-20
  31106.4296875   7.1445192e-20
  31189.0507812   7.1446763e-20
  31271.6699219   7.0875465e-20
  31354.2910156   6.9998479e-20
  31436.9101562   6.9417417e-20
  31519.5312500   6.8932547e-20
  31602.1503906   6.8304814e-20
  31684.7695312   6.6609992e-20
  31767.3906250   6.7330285e-20
  31850.0097656   6.6378995e-20
  31932.6308594   6.6203148e-20
  32015.2500000   6.5810057e-20
  32097.8710938   6.5887560e-20
  32180.4902344   6.6197041e-20
  32263.1093750   6.5990078e-20
  32345.7304688   6.5692235e-20
  32428.3496094   6.4809045e-20
  32510.9707031   6.4795099e-20
  32593.5898438   6.3226778e-20
  32676.2109375   6.2234711e-20
  32758.8300781   6.2376456e-20
  32841.4492188   6.1713490e-20
  32924.0703125   6.2885598e-20
  33006.6914062   6.2605623e-20
  33089.3085938   6.2905483e-20
  33171.9296875   6.2738011e-20
  33254.5507812   6.2321144e-20
  33337.1718750   6.1911121e-20
  33419.7890625   6.0881113e-20
  33502.4101562   6.0590631e-20
  33585.0312500   6.1221634e-20
  33667.6484375   6.1134580e-20
  33750.2695312   6.1206312e-20
  33832.8906250   6.0323788e-20
  33915.5117188   5.9917435e-20
  33998.1289062   6.0162397e-20
  34080.7500000   6.0202832e-20
  34163.3710938   6.0409957e-20
  34245.9921875   5.9865355e-20
  34328.6093750   5.8294365e-20
  34411.2304688   5.8249574e-20
  34493.8515625   5.8014183e-20
  34576.4687500   5.8136354e-20
  34659.0898438   5.7131497e-20
  34741.7109375   5.8052673e-20
  34824.3320312   5.6924625e-20
  34906.9492188   5.6626155e-20
  34989.5703125   5.6182495e-20
  35072.1914062   5.7074073e-20
  35154.8085938   5.4323394e-20
  35237.4296875   5.6895634e-20
  35320.0507812   5.2391035e-20
  35402.6718750   5.8001194e-20
  35485.2890625   5.5841787e-20
  35567.9101562   5.5770223e-20
  35650.5312500   5.8241645e-20
  35733.1484375   5.7189994e-20
  35815.7695312   5.1436669e-20
  35898.3906250   5.6433493e-20
  35981.0117188   5.7942373e-20
  36063.6289062   5.7249054e-20
  36146.2500000   5.3581280e-20
  36228.8710938   5.6651274e-20
  36311.4921875   5.7693534e-20
  36394.1093750   5.6851917e-20
  36476.7304688   5.6879136e-20
  36559.3515625   5.5604651e-20
  36641.9687500   5.2502750e-20
  36724.5898438   5.6104578e-20
  36807.2109375   5.6987161e-20
  36889.8320312   5.6033906e-20
  36972.4492188   5.6029227e-20
  37055.0703125   5.5869756e-20
  37137.6914062   5.5169477e-20
  37220.3085938   5.1375939e-20
  37302.9296875   5.3503212e-20
  37385.5507812   5.5995772e-20
  37468.1718750   5.5448579e-20
  37550.7890625   5.4110763e-20
  37633.4101562   5.4352028e-20
  37716.0312500   5.5004480e-20
  37798.6484375   5.4540457e-20
  37881.2695312   5.3936373e-20
  37963.8906250   5.3696475e-20
  38046.5117188   5.1468302e-20
  38129.1289062   4.8500139e-20
  38211.7500000   5.0697686e-20
  38294.3710938   5.1777322e-20
  38376.9921875   5.2002021e-20
  38459.6093750   5.2242608e-20
  38542.2304688   5.1945866e-20
  38624.8515625   5.1843765e-20
  38707.4687500   5.1172365e-20
  38790.0898438   5.1428084e-20
  38872.7109375   5.0256751e-20
  38955.3320312   5.1214413e-20
  39037.9492188   5.0361703e-20
  39120.5703125   5.0867184e-20
  39203.1914062   5.0763412e-20
  39285.8085938   4.9979632e-20
  39368.4296875   4.9288849e-20
  39451.0507812   4.6266599e-20
  39533.6718750   4.8774198e-20
  39616.2890625   4.9991924e-20
  39698.9101562   4.9479928e-20
  39781.5312500   4.9398066e-20
  39864.1523438   4.8979409e-20
  39946.7695312   4.8716822e-20
  40029.3906250   4.9144458e-20
  40112.0117188   4.8803336e-20
  40194.6289062   4.8555980e-20
  40277.2500000   4.8198189e-20
  40359.8710938   4.8233131e-20
  40442.4921875   4.7615599e-20
  40525.1093750   4.8373567e-20
  40607.7304688   4.7967800e-20
  40690.3515625   4.8112324e-20
  40772.9687500   4.7769134e-20
  40855.5898438   4.7575051e-20
  40938.2109375   4.7325604e-20
  41020.8320312   4.7399029e-20
  41103.4492188   4.7291111e-20
  41186.0703125   4.7206658e-20
  41268.6914062   4.6901225e-20
  41413.2773438   4.5784912e-20
  41619.8242188   4.4774540e-20
  41826.3750000   4.5772042e-20
  42032.9257812   4.5289932e-20
  42239.4765625   4.5155870e-20
  42446.0273438   4.4988011e-20
  42652.5742188   4.4247519e-20
  42859.1250000   4.3807624e-20
  43065.6757812   4.3675650e-20
  43272.2265625   4.3130674e-20
  43478.7773438   4.2886067e-20
  43685.3242188   4.2337372e-20
  43891.8750000   4.1993856e-20
  44098.4257812   4.1193414e-20
  44304.9765625   4.1057950e-20
  44511.5273438   4.0654228e-20
  44718.0742188   3.9834155e-20
  44924.6250000   3.9221360e-20
  45131.1757812   3.7721355e-20
  45337.7265625   3.7602761e-20
  45544.2773438   3.7524234e-20
  45750.8242188   3.7139107e-20
  45957.3750000   3.6921349e-20
  46163.9257812   3.6646554e-20
  46370.4765625   3.6468180e-20
  46577.0273438   3.6014562e-20
  46783.5742188   3.5827144e-20
  46990.1250000   3.5598936e-20
  47196.6757812   3.5286533e-20
  47403.2265625   3.5471434e-20
  47609.7773438   3.5304511e-20
  47816.3242188   3.4887887e-20
  48022.8750000   3.4451656e-20
  48229.4257812   3.4291645e-20
  48435.9765625   3.4392092e-20
  48642.5273438   3.3889057e-20
  48849.0742188   3.3622061e-20
  49055.6250000   3.3117630e-20
  49262.1757812   3.3405401e-20
  49468.7265625   3.2473108e-20
  49675.2773438   3.2808694e-20
  49881.8242188   3.2408423e-20
  50088.3750000   3.2275757e-20
  50294.9257812   3.2224769e-20
  50501.4765625   3.1946465e-20
  50708.0273438   3.1689625e-20
  50914.5742188   3.1383258e-20
  51121.1250000   3.1232695e-20
  51327.6757812   3.0917300e-20
  51534.2265625   3.0749661e-20
  51740.7773438   3.0392121e-20
  51947.3242188   3.0232240e-20
  52153.8750000   3.0062500e-20
  52360.4257812   2.9710867e-20
  52566.9765625   2.9639836e-20
  52773.5273438   2.9436295e-20
  52980.0742188   2.8089693e-20
  53186.6250000   2.8854293e-20
  53393.1757812   2.8582370e-20
  53599.7265625   2.8701112e-20
  53806.2773438   2.8329049e-20
  54012.8242188   2.8356310e-20
  54219.3750000   2.7917023e-20
  54425.9257812   2.7776622e-20
  54632.4765625   2.7694278e-20
  54839.0273438   2.7285851e-20
  55045.5742188   2.7344756e-20
  55252.1250000   2.7044026e-20
  55458.6757812   2.7086221e-20
  55665.2265625   2.6868458e-20
  55871.7773438   2.6725702e-20
  56078.3242188   2.6306822e-20
  56284.8750000   2.6171878e-20
  56491.4257812   2.6145455e-20
  56697.9765625   2.6068864e-20
  56904.5273438   2.5925117e-20
  57111.0742188   2.5838843e-20
  57317.6250000   2.5559501e-20
  57524.1757812   2.5188530e-20
  57730.7265625   2.5084866e-20
  57937.2773438   2.4678694e-20
  58143.8242188   2.4582960e-20
  58350.3750000   2.4117137e-20
  58556.9257812   2.4071529e-20
  58763.4765625   2.3747068e-20
  58970.0273438   2.3465285e-20
  59176.5742188   2.3697477e-20
  59383.1250000   2.3718092e-20
  59589.6757812   2.3131107e-20
  59796.2265625   2.3422554e-20
  60002.7773438   2.3130397e-20
  60188.6718750   2.3208953e-20
  60395.2187500   2.2949372e-20
  60622.4257812   2.2853020e-20
  60828.9765625   2.2542110e-20
  61035.5273438   2.2587598e-20
  61242.0742188   2.2565288e-20
  61448.6250000   2.2431894e-20
  61655.1757812   2.2731797e-20
  61861.7265625   2.2487923e-20
  62068.2773438   2.2372176e-20
  62274.8242188   2.2204399e-20
  62481.3750000   2.2359404e-20
  62687.9257812   2.2387015e-20
  62894.4765625   2.2321044e-20
  63101.0273438   2.2331632e-20
  63307.5742188   2.2163380e-20
  63514.1250000   2.2259075e-20
  63720.6757812   2.2140906e-20
  63927.2265625   2.2159099e-20
  64133.7773438   2.1905103e-20
  64340.3242188   2.1027973e-20
  64546.8750000   2.1326521e-20
  64753.4257812   2.1199983e-20
  64959.9765625   2.1492005e-20
  65166.5273438   2.0303686e-20
  65373.0742188   2.0202108e-20
  65579.6250000   2.0021831e-20
  65786.1718750   2.0690488e-20
  65992.7265625   2.0167712e-20
  66302.5468750   2.0326973e-20
  66715.6484375   2.0454495e-20
  67128.7500000   2.0008732e-20
  67541.8515625   2.0359584e-20
  67954.9531250   1.9517406e-20
  68368.0468750   1.9851268e-20
  68781.1484375   1.9419165e-20
  69194.2500000   1.9262111e-20
  69607.3515625   1.8768415e-20
  70020.4531250   1.8868087e-20
  70433.5468750   1.8494303e-20
  70846.6484375   1.8299990e-20
  71259.7500000   1.7907785e-20
  71672.8515625   1.7401126e-20
  72085.9531250   1.7352818e-20
  72499.0468750   1.7122451e-20
  72912.1484375   1.6856973e-20
  73325.2500000   1.6521652e-20
  73738.3515625   1.6385727e-20
  74151.4531250   1.6030959e-20
  74564.5468750   1.5703032e-20
  74977.6484375   1.5390868e-20
  75390.7500000   1.5174149e-20
  75803.8515625   1.4932121e-20
  76216.9531250   1.4662432e-20
  76630.0468750   1.4488446e-20
  77043.1484375   1.4104585e-20
  77456.2500000   1.3755217e-20
  77869.3515625   1.3728902e-20
  78282.4531250   1.3290300e-20
  78695.5546875   1.3403725e-20
  79108.6484375   1.3114327e-20
  79521.7500000   1.2955069e-20
  79934.8515625   1.2638725e-20
  80347.9531250   1.2268366e-20
  80761.0546875   1.2283948e-20
  81174.1484375   1.2053508e-20
  81587.2500000   1.1806217e-20
  82000.3515625   1.1628016e-20
  82413.4531250   1.1484841e-20
  82826.5546875   1.1376707e-20
  83239.6484375   1.1241168e-20
  83652.7500000   1.0938871e-20
  84065.8515625   1.0768511e-20
  84478.9531250   1.0695033e-20
  84892.0546875   1.0497073e-20
  85305.1484375   1.0308527e-20
  85718.2500000   1.0172034e-20
  86131.3515625   1.0044226e-20
  86544.4531250   9.8462863e-21
  86957.5546875   9.7801296e-21
  87370.6484375   9.5899621e-21
  87783.7500000   9.4527656e-21
  88196.8515625   9.3693585e-21
  88609.9531250   9.2141700e-21
  89023.0546875   9.0765672e-21
  89436.1484375   8.8458347e-21
  89849.2500000   8.7576625e-21
  90262.3515625   8.6596359e-21
  90675.4531250   8.5499690e-21
  91088.5546875   8.3557100e-21
  91501.6484375   8.3163172e-21
  91914.7500000   8.1431238e-21
  92327.8515625   8.0419040e-21
  92740.9531250   7.9426407e-21
  93154.0546875   7.8278767e-21
  93567.1484375   7.6835612e-21
  93980.2500000   7.6408240e-21
  94393.3515625   7.4867600e-21
  94806.4531250   6.3858303e-21
  95219.5546875   6.8096044e-21
  95632.6484375   6.7684878e-21
  96045.7500000   5.8356094e-21
  96458.8515625   6.2954685e-21
  96871.9531250   5.9834336e-21
  97285.0546875   5.3743189e-21
  97698.1484375   5.8247272e-21
  98111.2500000   5.5514854e-21
  98524.3515625   5.0991549e-21
  98937.4531250   5.4693008e-21
  99350.5546875   5.3292149e-21
  99763.6484375   4.9232599e-21
 100176.7500000   5.1713009e-21
 100589.8515625   5.0299811e-21
 101002.9531250   4.8381851e-21
 101416.0546875   4.8508872e-21
 101829.1484375   4.8819844e-21
 102242.2500000   4.7564816e-21
 102655.3515625   4.3408500e-21
 103068.4531250   4.3353630e-21
 103481.5546875   4.4518852e-21
 103894.6484375   4.2619071e-21
 104307.7500000   4.3998125e-21
 104720.8515625   4.4307804e-21
 105133.9531250   4.4148330e-21
 105547.0546875   4.4069873e-21
 105960.1484375   4.4204790e-21
 106373.2500000   4.4560321e-21
 106786.3515625   4.3088642e-21
 107199.4531250   4.3223402e-21
 107612.5546875   4.3352487e-21
 108025.6484375   4.2340346e-21
 108438.7500000   4.1689729e-21
 108851.8515625   4.1978184e-21
 109264.9531250   4.1580750e-21
 109678.0546875   4.0965187e-21
 110091.1484375   4.0336946e-21
 110504.2500000   4.0519471e-21
 110917.3515625   4.0111531e-21
 111330.4531250   3.9194156e-21
 111743.5546875   3.9300506e-21
 112156.6484375   3.8846106e-21
 112569.7500000   3.8746089e-21
 112982.8515625   3.7768602e-21
 113395.9531250   3.7859443e-21
 113809.0546875   3.7366854e-21
 114222.1484375   3.6873870e-21
 114635.2500000   3.6249736e-21
 115048.3515625   3.6248622e-21
 115461.4531250   3.6064893e-21
 115874.5546875   3.5585807e-21
 116287.6484375   3.4944625e-21
 116700.7500000   3.4778199e-21
 117113.8515625   3.4483597e-21
 117526.9531250   3.3893071e-21
 117940.0546875   3.3612020e-21
 118353.1484375   3.3264273e-21
 118766.2500000   3.2724222e-21
 119179.3515625   3.2504498e-21
 119592.4531250   3.2083414e-21
 120005.5546875   3.1799624e-21
 120418.6484375   3.1433467e-21
 120831.7500000   3.0829306e-21
 121244.8515625   3.0692046e-21
 121657.9531250   3.0188587e-21
 122071.0546875   2.9822509e-21
 122484.1484375   2.9566119e-21
 122897.2500000   2.9209129e-21
 123310.3515625   2.8806432e-21
 123723.4531250   2.8467738e-21
 124136.5546875   2.8129074e-21
 124549.6484375   2.7872796e-21
 124962.7500000   2.7497459e-21
 125375.8515625   2.6993951e-21
 125788.9531250   2.6847581e-21
 126202.0546875   2.6572965e-21
 126615.1484375   2.6289153e-21
 127028.2500000   2.6041970e-21
 127441.3515625   2.5657573e-21
 127854.4531250   2.5392118e-21
 128267.5546875   2.5199924e-21
 128680.6484375   2.4797118e-21
 129093.7500000   2.4595703e-21
 129506.8515625   2.4330336e-21
 129919.9531250   2.4055678e-21
 130333.0546875   2.3762821e-21
 130746.1484375   2.3460753e-21
 131159.2500000   2.3268455e-21
 131572.3437500   2.3003055e-21
 131985.4531250   2.2774166e-21
 132605.0937500   2.2371388e-21
 133431.2968750   2.1877126e-21
 134257.5000000   2.1410326e-21
 135083.7031250   2.0934354e-21
 135909.9062500   2.0403353e-21
 136736.0937500   2.0028074e-21
 137562.2968750   1.9625365e-21
 138388.5000000   1.9277513e-21
 139214.7031250   1.8838114e-21
 140040.9062500   1.8444500e-21
 140867.0937500   1.8069266e-21
 141693.2968750   1.7767167e-21
 142519.5000000   1.7419325e-21
 143345.7031250   1.7053183e-21
 144171.9062500   1.6677883e-21
 144998.0937500   1.6384936e-21
 145824.2968750   1.6009641e-21
 146650.5000000   1.5670997e-21
 147476.7031250   1.5368916e-21
 148302.9062500   1.5048518e-21
 149129.0937500   1.4783087e-21
 149955.2968750   1.4462699e-21
 150781.5000000   1.4133169e-21
 151607.7031250   1.3849416e-21
 152433.9062500   1.3492436e-21
 153260.0937500   1.3208661e-21
 154086.2968750   1.2979844e-21
 154912.5000000   1.2622805e-21
 155738.7031250   1.2485518e-21
 156564.9062500   1.2238392e-21
 157391.1093750   1.2018673e-21
 158217.2968750   1.1808136e-21
 159043.5000000   1.1606790e-21
 159869.7031250   1.1350456e-21
 160695.9062500   1.1149078e-21
 161522.1093750   1.0938582e-21
 162348.2968750   1.0764633e-21
 163174.5000000   1.0526666e-21
 164000.7031250   1.0352718e-21
 164826.9062500   1.0114745e-21
 165653.1093750   9.9591435e-22
 166479.2968750   9.7943577e-22
 167305.5000000   9.5929949e-22
 168131.7031250   9.4556720e-22
 168957.9062500   9.3000748e-22
 169784.1093750   9.1536279e-22
 170610.2968750   9.0053342e-22
 171436.5000000   8.8259273e-22
 172262.7031250   8.6602448e-22
 173088.9062500   8.5339119e-22
 173915.1093750   8.3719089e-22
 174741.2968750   8.2730405e-22
 175567.5000000   8.1119266e-22
 176393.7031250   7.9938388e-22
 177219.9062500   7.6029985e-22
 178046.1093750   7.2578980e-22
 178872.2968750   7.2688718e-22
 179698.5000000   6.9256328e-22
 180524.7031250   6.7462006e-22
 181350.9062500   6.6024866e-22
 182177.1093750   6.3086709e-22
 183003.2968750   6.2592425e-22
 183829.5000000   6.1164392e-22
 184655.7031250   5.8940006e-22
 185481.9062500   5.9178114e-22
 186308.1093750   5.7631234e-22
 187134.2968750   5.5864605e-22
 187960.5000000   5.5654003e-22
 188786.7031250   5.4692774e-22
 189612.9062500   5.2816356e-22
 190439.1093750   5.3091015e-22
 191265.2968750   5.1882713e-22
 192091.5000000   5.1077166e-22
 192917.7031250   5.0628709e-22
 193743.9062500   4.9768258e-22
 194570.1093750   4.8834423e-22
 195396.2968750   4.8898592e-22
 196222.5000000   4.7864268e-22
 197048.7031250   4.7214327e-22
 197874.9062500   4.6518635e-22
 198701.1093750   4.5511655e-22
 199527.2968750   4.5621525e-22
 200353.5000000   4.4706164e-22
 201179.7031250   4.3854981e-22
 202005.9062500   4.3388107e-22
 202832.1093750   4.2646593e-22
 203658.2968750   4.2115756e-22
 204484.5000000   4.1356011e-22
 205310.7031250   4.1118041e-22
 206136.9062500   4.0376648e-22
 206963.1093750   4.0019502e-22
 207789.2968750   3.9461180e-22
 208615.5000000   3.8600698e-22
 209441.7031250   3.8234573e-22
 210267.9062500   3.7749534e-22
 211094.1093750   3.7127043e-22
 211920.2968750   3.6596212e-22
 212746.5000000   3.6138463e-22
 213572.7031250   3.6010291e-22
 214398.9062500   3.5369537e-22
 215225.1093750   3.4875324e-22
 216051.2968750   3.4371859e-22
 216877.5000000   3.4078905e-22
 217703.7031250   3.3950728e-22
 218529.9062500   3.3136106e-22
 219356.1093750   3.2623488e-22
 220182.2968750   3.2385517e-22
 221008.5000000   3.1955304e-22
 221834.7031250   3.1570850e-22
 222660.9062500   3.1222958e-22
 223487.1093750   3.0847723e-22
 224313.2968750   3.0325855e-22
 225139.5000000   3.0161154e-22
 225965.7031250   2.9611991e-22
 226791.9062500   2.9373921e-22
 227618.1093750   2.8870519e-22
 228444.2968750   2.8952927e-22
 229270.5000000   2.8211473e-22
 230096.7031250   2.8129073e-22
 230922.9062500   2.7634747e-22
 231749.1093750   2.7479108e-22
 232575.2968750   2.6929889e-22
 233401.5000000   2.6792571e-22
 234227.7031250   2.6435610e-22
 235053.9062500   2.5941291e-22
 235880.1093750   2.5822394e-22
 236706.2968750   2.5529435e-22
 237532.5000000   2.5190742e-22
 238358.7031250   2.4861238e-22
 239184.9062500   2.4687259e-22
 240011.1093750   2.4330336e-22
 240837.2968750   2.4073962e-22
 241663.5000000   2.3790285e-22
 242489.7031250   2.3414944e-22
 243315.9062500   2.3167810e-22
 244142.1093750   2.2838270e-22
 244968.2968750   2.2673468e-22
 245794.5000000   2.2334770e-22
 246620.7031250   2.2170000e-22
 247446.9062500   2.1904623e-22
 248273.1093750   2.1648312e-22
 249099.2968750   2.1391997e-22
 249925.5000000   2.1089940e-22
 250751.7031250   2.0870278e-22
 251577.9062500   2.0604794e-22
 252404.1093750   2.0348498e-22
 253230.2968750   2.0156288e-22
 254056.5000000   1.9936542e-22
 254882.7031250   1.9753515e-22
 255708.9062500   1.9497187e-22
 256535.1093750   1.9304962e-22
 257361.2968750   1.9030369e-22
 258187.5000000   1.8783174e-22
 259013.7031250   1.8572687e-22
 259839.9062500   1.8362141e-22
 260666.1093750   1.8142421e-22
 261492.2968750   1.7996009e-22
 262318.5000000   1.7767167e-22
 263144.6875000   1.7629821e-22
 263970.9062500   1.7373558e-22
 265210.1875000   1.7089770e-22
 266862.5937500   1.6687041e-22
 268515.0000000   1.6320875e-22
 270167.4062500   1.5954751e-22
 271819.8125000   1.5616034e-22
 273472.1875000   1.5249908e-22
 275124.5937500   1.4929564e-22
 276777.0000000   1.4609146e-22
 278429.4062500   1.4279603e-22
 280081.8125000   1.3968409e-22
 281734.1875000   1.3666339e-22
 283386.5937500   1.3391722e-22
 285039.0000000   1.3080504e-22
 286691.4062500   1.2805898e-22
 288343.8125000   1.2531279e-22
 289996.1875000   1.2265834e-22
 291648.5937500   1.2009544e-22
 293301.0000000   1.1762381e-22
 294953.4062500   1.1515246e-22
 296605.8125000   1.1277265e-22
 298258.1875000   1.1048422e-22
 299910.5937500   1.0819567e-22
 301563.0000000   1.0599872e-22
 303215.4062500   1.0380216e-22
 304867.8125000   1.0169666e-22
 306520.1875000   9.9499626e-23
 308172.5937500   9.7394534e-23
 309825.0000000   9.5472244e-23
 311477.4062500   9.3733096e-23
 313129.8125000   9.1902447e-23
 314782.2187500   9.0044244e-23
 316434.5937500   8.8231757e-23
 318087.0000000   8.6519954e-23
 319739.4062500   8.4862968e-23
 321391.8125000   8.3233699e-23
 323044.2187500   8.1595203e-23
 324696.5937500   8.0002663e-23
 326349.0000000   7.8464631e-23
 328001.4062500   7.7000126e-23
 329653.8125000   7.5553986e-23
 331306.2187500   7.4089444e-23
 332958.5937500   7.2670517e-23
 334611.0000000   7.1334205e-23
 336263.4062500   6.9970202e-23
 337915.8125000   6.8697718e-23
 339568.2187500   6.7398035e-23
 341220.5937500   6.6153156e-23
 342873.0000000   6.4954081e-23
 344525.4062500   6.3736705e-23
 346177.8125000   6.2601496e-23
 347830.2187500   6.1494074e-23
 349482.5937500   6.0377331e-23
 351135.0000000   5.9297008e-23
 352787.4062500   5.8253673e-23
 354439.8125000   5.7228438e-23
 356092.2187500   5.6230624e-23
 357744.5937500   5.5251193e-23
 359397.0000000   5.4280945e-23
 361049.4062500   5.3347179e-23
 362701.8125000   5.2440990e-23
 364354.2187500   5.1553139e-23
 366006.5937500   5.0674310e-23
 367659.0000000   4.9813963e-23
 369311.4062500   4.8971879e-23
 370963.8125000   4.8111481e-23
 372616.2187500   4.7333292e-23
 374268.5937500   4.6527830e-23
 375921.0000000   4.5694916e-23
 377573.4062500   4.4944170e-23
 379225.8125000   4.4202849e-23
 380878.2187500   4.3498005e-23
 382530.5937500   4.2811361e-23
 384183.0000000   4.2134071e-23
 385835.4062500   4.1410900e-23
 387487.8125000   4.0733578e-23
 389140.2187500   4.0065400e-23
 390792.5937500   3.9415454e-23
 392445.0000000   3.8811316e-23
 394097.4062500   3.8197983e-23
 395749.8125000   3.7584767e-23
 397402.2187500   3.6989678e-23
 399054.5937500   3.6394738e-23
 400707.0000000   3.5808899e-23
 402359.4062500   3.5241462e-23
 404011.8125000   3.4728746e-23
 405664.2187500   3.4188787e-23
 407316.5937500   3.3676147e-23
 408969.0000000   3.3172652e-23
 410621.4062500   3.2641830e-23
 412273.8125000   3.2120068e-23
 413926.2187500   3.1616639e-23
 826200.0000000   2.0732969e-24
1652400.0000000   1.3291059e-25
2478600.0000000   2.6371602e-26
3304800.0000000   8.3453310e-27
4131000.0000000   3.4143021e-27
4957200.0000000   1.6439861e-27
5783400.0000000   8.8588598e-28
6609600.0000000   5.1836934e-28
