    323.6869812   9.5157238e-24
    334.3580017   1.0856479e-23
    341.4719849   1.1594386e-23
    348.5859985   6.3855917e-23
    355.6999817   1.7625524e-22
    362.8139954   1.9123073e-22
    369.9279785   1.8160876e-22
    377.0419922   1.8459856e-22
    384.1560059   1.8836086e-22
    391.2699890   2.1512830e-22
    405.4979858   2.2318248e-22
    419.7259827   2.1674427e-22
    430.3970032   2.7442626e-22
    444.6250000   2.8503708e-22
    451.7389832   2.9106620e-22
    455.2959900   2.9564755e-22
    465.9669800   2.8503708e-22
    469.5239868   2.9492394e-22
    476.6380005   2.8190231e-22
    487.3089905   3.1325217e-22
    497.9799805   3.1421668e-22
    508.6510010   3.9668914e-22
    522.8789673   4.9387115e-22
    537.1069946   4.4202555e-22
    551.3349609   4.9869454e-22
    565.5629883   5.0086533e-22
    576.2340088   5.0158735e-22
    590.4619751   5.0472300e-22
    604.6900024   5.0424004e-22
    615.3609619   4.1453388e-22
    629.5889893   5.0809917e-22
    640.2600098   5.0882265e-22
    647.3739624   5.0882265e-22
    661.6019897   5.0954720e-22
    679.3869629   5.1002859e-22
    690.0579834   5.1316293e-22
    704.2860107   5.1195861e-22
    718.5139771   5.1364544e-22
    729.1849976   5.1316293e-22
    746.9699707   4.9748921e-22
    768.3120117   5.1268083e-22
    782.5399780   5.1437008e-22
    793.2109985   5.0834025e-22
    807.4389648   5.1581562e-22
    818.1099854   6.4603725e-22
    832.3379517   9.6579900e-22
    853.6799927   1.0523731e-21
    875.0219727   9.8171607e-22
    896.3639526   1.0137893e-21
    914.1489868   9.3007897e-22
    924.8200073   9.5363908e-22
    939.0479736   1.1635500e-21
    956.8330078   1.1549205e-21
    974.6179810   1.1343106e-21
    992.4029541   9.4967271e-22
   1010.1879883   1.0905030e-21
   1031.5300293   1.0876475e-21
   1052.8719482   9.6554454e-22
   1070.6569824   8.5702889e-22
   1095.5560303   8.8461261e-22
   1131.1259766   8.2144063e-22
   1166.6959229   8.0169907e-22
   1202.2659912   7.1676038e-22
   1237.8359375   6.3995734e-22
   1269.8489990   8.1743514e-22
   1301.8619385   1.1852325e-21
   1333.8750000   1.1134423e-21
   1369.4449463   8.4092567e-22
   1405.0150146   1.1912442e-21
   1440.5849609   1.4072502e-21
   1472.5980225   1.3409526e-21
   1501.0539551   1.1737224e-21
   1529.5100098   1.0828004e-21
   1568.6369629   1.2087462e-21
   1604.2069092   1.1847172e-21
   1636.2199707   1.0065843e-21
   1671.7899170   9.9009884e-22
   1707.3599854   1.0774116e-21
   1742.9299316   8.8247449e-22
   1778.5000000   1.0589194e-21
   1799.8419189   8.9650253e-22
   1821.1839600   1.3916515e-21
   1849.6400146   1.2967792e-21
   1885.2099609   1.1686971e-21
   1920.7799072   9.4044620e-22
   1956.3499756   8.9543220e-22
   1991.9199219   1.1591585e-21
   2027.4899902   1.2811384e-21
   2063.0600586   1.2374455e-21
   2098.6298828   1.2479078e-21
   2134.1999512   1.0396207e-21
   2169.7700195   1.0051310e-21
   2205.3398438   1.2764208e-21
   2240.9099121   1.2030317e-21
   2276.4799805   1.3338982e-21
   2312.0500488   1.2928896e-21
   2340.5058594   1.1954843e-21
   2365.4050293   1.3643581e-21
   2400.9748535   1.4595839e-21
   2436.5449219   1.2733189e-21
   2472.1149902   1.5152604e-21
   2507.6850586   1.2550859e-21
   2546.8120117   1.6659690e-21
   2582.3818359   1.7448688e-21
   2614.3950195   1.8138318e-21
   2649.9648438   1.8288701e-21
   2685.5349121   1.9030158e-21
   2721.1049805   1.7967696e-21
   2756.6750488   2.1205246e-21
   2792.2448730   2.0614888e-21
   2827.8149414   2.3679424e-21
   2863.3850098   2.6658470e-21
   2898.9548340   3.0395925e-21
   2934.5249023   3.5204722e-21
   2970.0949707   3.1999189e-21
   3005.6650391   4.5425694e-21
   3041.2348633   5.1606938e-21
   3076.8049316   6.2178294e-21
   3112.3750000   7.2951764e-21
   3147.9448242   8.5820021e-21
   3183.5148926   1.0156388e-20
   3219.0849609   1.1821861e-20
   3254.6550293   1.3616642e-20
   3290.2248535   4.1415903e-20
   3325.7949219   7.3699195e-20
   3361.3649902   1.0697591e-19
   3396.9348145   1.3754764e-19
   3432.5048828   1.5296360e-19
   3468.0749512   6.9209963e-20
   3503.6450195   1.4212564e-19
   3539.2148438   1.4263087e-19
   3574.7849121   1.8474779e-19
   3610.3549805   1.9593370e-19
   3645.9248047   1.4167692e-19
   3681.4948730   2.1071100e-19
   3717.0649414   2.9736779e-19
   3752.6350098   2.9419818e-19
   3788.2048340   2.5439392e-19
   3823.7749023   2.8634700e-19
   3859.3449707   2.5582243e-19
   3894.9147949   3.0618202e-19
   3930.4848633   2.9801231e-19
   3966.0549316   2.9622853e-19
   4001.6250000   2.6617411e-19
   4037.1948242   3.2302489e-19
   4072.7648926   3.1168773e-19
   4108.3349609   3.1983174e-19
   4143.9047852   3.2157541e-19
   4179.4750977   2.2386475e-19
   4215.0449219   3.1680092e-19
   4250.6147461   2.7221757e-19
   4286.1850586   2.3450808e-19
   4321.7548828   1.9245493e-19
   4357.3247070   3.6738650e-19
   4392.8950195   4.5437465e-19
   4428.4648438   4.7665295e-19
   4464.0346680   4.6953677e-19
   4499.6049805   4.5511560e-19
   4535.1748047   5.4119910e-19
   4570.7451172   5.6137729e-19
   4606.3149414   4.8679284e-19
   4641.8847656   4.9653315e-19
   4677.4550781   5.7632879e-19
   4713.0249023   5.5942556e-19
   4748.5947266   5.3047780e-19
   4784.1650391   5.8817825e-19
   4819.7348633   5.8205975e-19
   4855.3046875   5.4718359e-19
   4890.8750000   5.5572547e-19
   4926.4448242   5.5823519e-19
   4962.0146484   4.3689746e-19
   4997.5849609   4.3524471e-19
   5033.1547852   5.4150820e-19
   5068.7250977   5.3660995e-19
   5104.2949219   5.6046331e-19
   5129.1938477   5.7612380e-19
   5146.9790039   5.8013040e-19
   5175.4350586   5.6709900e-19
   5211.0048828   5.4267479e-19
   5246.5747070   5.5528386e-19
   5282.1450195   5.6798884e-19
   5317.7148438   5.7190373e-19
   5353.2846680   5.4595699e-19
   5378.1840820   5.0389687e-19
   5395.9687500   5.2555928e-19
   5424.4248047   5.2129046e-19
   5459.9951172   4.5440857e-19
   5495.5649414   4.2658490e-19
   5531.1347656   4.2194349e-19
   5566.7050781   4.6266295e-19
   5602.2749023   4.9056804e-19
   5637.8447266   5.0351197e-19
   5673.4150391   5.0830450e-19
   5708.9848633   5.0045197e-19
   5744.5546875   4.9737124e-19
   5780.1250000   4.8954782e-19
   5815.6948242   5.1669077e-19
   5851.2646484   5.2163167e-19
   5886.8349609   5.1082890e-19
   5922.4047852   5.3464571e-19
   5947.3037109   4.9688217e-19
   5965.0888672   5.5372287e-19
   5993.5449219   5.5491577e-19
   6029.1147461   5.3129382e-19
   6064.6850586   5.1877361e-19
   6100.2548828   4.9209574e-19
   6135.8247070   4.8601529e-19
   6171.3950195   5.1204181e-19
   6206.9648438   5.0373976e-19
   6242.5346680   5.1848891e-19
   6278.1049805   4.9940249e-19
   6313.6748047   4.9375186e-19
   6349.2446289   5.0801659e-19
   6384.8149414   5.2463455e-19
   6420.3847656   5.2858707e-19
   6455.9550781   4.9098830e-19
   6491.5249023   5.0338371e-19
   6527.0947266   4.9270775e-19
   6562.6650391   4.6110909e-19
   6598.2348633   4.6056062e-19
   6633.8046875   4.6813046e-19
   6669.3750000   4.9147587e-19
   6704.9448242   4.5241925e-19
   6740.5146484   4.3246282e-19
   6776.0849609   4.6029572e-19
   6811.6547852   4.3848911e-19
   6847.2246094   4.2269837e-19
   6882.7949219   4.4638574e-19
   6918.3647461   4.5463615e-19
   6953.9350586   4.1934237e-19
   6996.6186523   4.5290630e-19
   7028.6318359   4.6681442e-19
   7057.0878906   4.4285332e-19
   7096.2148438   4.3309006e-19
   7131.7846680   4.4813983e-19
   7167.3549805   4.3889562e-19
   7202.9248047   4.5530549e-19
   7238.4946289   4.2630583e-19
   7274.0649414   4.3531166e-19
   7309.6347656   3.9438917e-19
   7345.2050781   4.1025594e-19
   7377.2177734   4.4759110e-19
   7391.4458008   4.1835823e-19
   7416.3447266   4.3343447e-19
   7451.9150391   4.1301107e-19
   7487.4848633   4.2145824e-19
   7523.0546875   4.2589229e-19
   7558.6250000   4.2845686e-19
   7594.1948242   4.1467407e-19
   7629.7646484   4.0927514e-19
   7665.3349609   4.2296950e-19
   7700.9047852   4.1465406e-19
   7736.4746094   4.1394806e-19
   7772.0449219   4.0350323e-19
   7807.6147461   4.1637307e-19
   7843.1850586   4.1101157e-19
   7878.7548828   4.0067249e-19
   7914.3247070   3.9281267e-19
   7949.8950195   4.0194676e-19
   7985.4648438   3.9649928e-19
   8021.0346680   3.8704166e-19
   8056.6049805   3.9532042e-19
   8092.1748047   3.9954085e-19
   8127.7446289   4.0199267e-19
   8163.3149414   3.8204947e-19
   8198.8847656   3.8744132e-19
   8234.4550781   3.7781128e-19
   8270.0244141   3.2712225e-19
   8305.5947266   3.6528528e-19
   8341.1650391   3.6364462e-19
   8376.7343750   3.6939919e-19
   8412.3046875   3.5826596e-19
   8447.8750000   3.5717408e-19
   8483.4443359   3.4485488e-19
   8519.0146484   3.5451265e-19
   8554.5849609   3.4498821e-19
   8590.1552734   3.4653103e-19
   8625.7246094   3.5100825e-19
   8661.2949219   3.3980639e-19
   8696.8652344   3.4760562e-19
   8732.4345703   3.4321856e-19
   8768.0048828   3.4029474e-19
   8803.5751953   3.3324002e-19
   8839.1445312   3.3569313e-19
   8874.7148438   2.9470897e-19
   8910.2851562   3.3265805e-19
   8938.7412109   3.1503747e-19
   8956.5253906   3.2749166e-19
   8981.4248047   3.2062071e-19
   9016.9951172   3.2087709e-19
   9052.5644531   3.1384566e-19
   9088.1347656   3.2083764e-19
   9123.7050781   3.1790340e-19
   9159.2744141   3.2445521e-19
   9194.8447266   3.2189762e-19
   9230.4150391   3.1948636e-19
   9265.9843750   3.1421391e-19
   9301.5546875   3.1122810e-19
   9337.1250000   3.1348059e-19
   9372.6943359   3.1383325e-19
   9408.2646484   3.1972782e-19
   9443.8349609   3.1868619e-19
   9479.4052734   3.0636764e-19
   9514.9746094   3.1050727e-19
   9550.5449219   3.0938830e-19
   9586.1152344   3.0196210e-19
   9621.6845703   3.0210536e-19
   9657.2548828   2.9764998e-19
   9692.8251953   2.9773237e-19
   9728.3945312   3.0039997e-19
   9763.9648438   2.8719711e-19
   9799.5351562   2.8655206e-19
   9835.1044922   2.8795618e-19
   9870.6748047   2.9260165e-19
   9906.2451172   2.8882249e-19
   9941.8144531   2.6662453e-19
   9977.3847656   2.7457092e-19
  10012.9550781   2.8566995e-19
  10048.5244141   2.8364592e-19
  10084.0947266   2.7333529e-19
  10119.6650391   2.7194033e-19
  10155.2343750   2.7004916e-19
  10190.8046875   2.7359591e-19
  10226.3750000   2.6982394e-19
  10261.9443359   2.6918479e-19
  10297.5146484   2.6604202e-19
  10350.8701172   2.6847403e-19
  10422.0097656   2.6452859e-19
  10493.1494141   2.6031395e-19
  10564.2900391   2.5948640e-19
  10635.4296875   2.5701838e-19
  10706.5693359   2.5486696e-19
  10777.7099609   2.5394631e-19
  10848.8496094   2.5153872e-19
  10919.9902344   2.4903143e-19
  10991.1298828   2.4589495e-19
  11062.2695312   2.4346422e-19
  11133.4101562   2.3974308e-19
  11204.5498047   2.3797025e-19
  11275.6894531   2.3381085e-19
  11346.8300781   2.2809653e-19
  11417.9697266   2.2705506e-19
  11489.1093750   2.2330113e-19
  11560.2500000   2.2147373e-19
  11631.3896484   2.1840693e-19
  11702.5292969   2.1542611e-19
  11773.6699219   2.1262972e-19
  11844.8095703   2.0867757e-19
  11915.9501953   2.0466670e-19
  11987.0898438   2.0121839e-19
  12058.2294922   1.9853666e-19
  12129.3701172   1.9622735e-19
  12200.5097656   1.9212812e-19
  12271.6494141   1.8935452e-19
  12342.7900391   1.8702548e-19
  12413.9296875   1.8450454e-19
  12485.0693359   1.8267588e-19
  12556.2099609   1.7997629e-19
  12627.3496094   1.7797117e-19
  12698.4892578   1.7419821e-19
  12769.6298828   1.7087781e-19
  12840.7695312   1.6917901e-19
  12911.9101562   1.6755006e-19
  12947.4794922   1.6683340e-19
  12983.0498047   1.6704237e-19
  13054.1894531   1.6395913e-19
  13125.3300781   1.5613599e-19
  13196.4697266   1.6081412e-19
  13267.6093750   1.5948691e-19
  13338.7500000   1.7827548e-19
  13409.8896484   1.7995653e-19
  13481.0292969   1.9456684e-19
  13552.1699219   2.0805074e-19
  13623.3095703   1.7948058e-19
  13694.4492188   2.1245144e-19
  13765.5898438   2.1894282e-19
  13836.7294922   1.6968575e-19
  13907.8701172   2.1870736e-19
  13979.0097656   2.0894903e-19
  14050.1494141   2.1156967e-19
  14121.2900391   1.5740906e-19
  14192.4296875   2.0937341e-19
  14263.5693359   2.1533246e-19
  14334.7099609   2.1028942e-19
  14405.8496094   2.1168492e-19
  14476.9892578   2.0491495e-19
  14548.1298828   1.8863986e-19
  14619.2695312   1.6351042e-19
  14690.4101562   1.9648435e-19
  14761.5498047   1.9890496e-19
  14832.6894531   1.9777865e-19
  14903.8300781   1.9662158e-19
  14974.9697266   1.9561987e-19
  15046.1093750   1.9314674e-19
  15117.2500000   1.9126265e-19
  15188.3896484   1.8633432e-19
  15259.5292969   1.8550067e-19
  15330.6699219   1.7886760e-19
  15401.8095703   1.6311164e-19
  15472.9492188   1.4854644e-19
  15544.0898438   1.7806654e-19
  15615.2294922   1.7542890e-19
  15686.3701172   1.7611673e-19
  15757.5097656   1.7555069e-19
  15828.6494141   1.7501874e-19
  15899.7900391   1.7131890e-19
  15970.9296875   1.7196569e-19
  16042.0693359   1.7428544e-19
  16113.2099609   1.6930536e-19
  16184.3496094   1.6754271e-19
  16255.4892578   1.6914484e-19
  16326.6298828   1.6548631e-19
  16397.7695312   1.6508559e-19
  16468.9101562   1.6167597e-19
  16540.0488281   1.6048465e-19
  16611.1894531   1.6057208e-19
  16682.3300781   1.5841117e-19
  16753.4687500   1.5433410e-19
  16824.6093750   1.5611474e-19
  16895.7500000   1.5575383e-19
  16966.8886719   1.5520619e-19
  17038.0292969   1.5303750e-19
  17109.1699219   1.5037187e-19
  17180.3105469   1.4865413e-19
  17251.4492188   1.3458141e-19
  17322.5898438   1.1876034e-19
  17393.7304688   1.4329957e-19
  17464.8691406   1.4377425e-19
  17536.0097656   1.4078499e-19
  17607.1503906   1.4264591e-19
  17678.2890625   1.4085363e-19
  17749.4296875   1.3722001e-19
  17820.5703125   1.3252909e-19
  17891.7089844   1.3467896e-19
  17962.8496094   1.3266071e-19
  18033.9902344   1.3450399e-19
  18105.1289062   1.3154735e-19
  18176.2695312   1.3092028e-19
  18247.4101562   1.2843495e-19
  18318.5488281   1.2624551e-19
  18389.6894531   1.2355068e-19
  18460.8300781   1.2345415e-19
  18531.9687500   1.2323041e-19
  18603.1093750   1.2362722e-19
  18674.2500000   1.2408523e-19
  18745.3886719   1.1966189e-19
  18816.5292969   1.2293041e-19
  18887.6699219   1.2307032e-19
  18958.8105469   1.1905486e-19
  19029.9492188   1.2082208e-19
  19101.0898438   1.2013054e-19
  19172.2304688   1.1804583e-19
  19243.3691406   1.1658467e-19
  19314.5097656   1.1606816e-19
  19385.6503906   1.1637391e-19
  19456.7890625   1.1400741e-19
  19527.9296875   1.1328867e-19
  19599.0703125   1.1230978e-19
  19670.2089844   1.1260512e-19
  19741.3496094   1.1251417e-19
  19812.4902344   1.1133396e-19
  19883.6289062   1.0944181e-19
  19954.7695312   1.0992013e-19
  20025.9101562   1.0833950e-19
  20097.0488281   1.0771939e-19
  20168.1894531   1.0638652e-19
  20239.3300781   1.0698625e-19
  20310.4687500   1.0538716e-19
  20381.6093750   1.0760403e-19
  20452.7500000   1.0502537e-19
  20523.8886719   1.0510151e-19
  20595.0292969   1.0290049e-19
  20666.1699219   1.0388265e-19
  20737.3085938   1.0434586e-19
  20808.4492188   1.0239153e-19
  20879.5898438   1.0056256e-19
  20950.7304688   9.7418276e-20
  21021.8691406   9.9705443e-20
  21093.0097656   9.9306451e-20
  21164.1503906   9.8379214e-20
  21235.2890625   9.8830893e-20
  21306.4296875   9.7239598e-20
  21377.5703125   9.6568024e-20
  21448.7089844   9.7147400e-20
  21519.8496094   9.7264801e-20
  21590.9902344   9.6917702e-20
  21662.1289062   9.4779776e-20
  21733.2695312   9.4427449e-20
  21804.4101562   9.1947058e-20
  21875.5488281   9.1588759e-20
  21946.6894531   8.9896664e-20
  22017.8300781   9.0866779e-20
  22088.9687500   8.9902189e-20
  22160.1093750   8.7932931e-20
  22231.2500000   8.5957701e-20
  22302.3886719   8.7862278e-20
  22373.5292969   8.8428638e-20
  22444.6699219   8.6982668e-20
  22515.8085938   8.7480709e-20
  22586.9492188   8.6566887e-20
  22658.0898438   8.6121703e-20
  22729.2304688   8.6753384e-20
  22800.3691406   8.5833592e-20
  22871.5097656   8.5789124e-20
  22942.6503906   8.5271122e-20
  23013.7890625   8.5021333e-20
  23084.9296875   8.3415749e-20
  23156.0703125   8.4111777e-20
  23227.2089844   8.3179428e-20
  23298.3496094   7.9525713e-20
  23369.4902344   7.1849696e-20
  23440.6289062   8.1184313e-20
  23511.7695312   8.2083478e-20
  23582.9101562   8.1482570e-20
  23654.0488281   8.0811151e-20
  23725.1894531   7.9249583e-20
  23796.3300781   7.9668686e-20
  23867.4687500   7.7964668e-20
  23938.6093750   7.8587923e-20
  24009.7500000   7.7496290e-20
  24080.8886719   7.7569502e-20
  24152.0292969   7.6748771e-20
  24223.1699219   7.6820929e-20
  24294.3085938   7.6892493e-20
  24365.4492188   7.5791445e-20
  24436.5898438   7.6275307e-20
  24507.7285156   7.6759892e-20
  24578.8691406   7.6345345e-20
  24650.0097656   7.5514682e-20
  24721.1503906   7.4751136e-20
  24792.2890625   7.5026089e-20
  24863.4296875   7.4537717e-20
  24934.5703125   7.3492012e-20
  25005.7089844   7.3765259e-20
  25076.8496094   7.3342402e-20
  25147.9902344   7.1316824e-20
  25219.1289062   7.0193500e-20
  25290.2695312   6.8335271e-20
  25361.4101562   6.7276344e-20
  25432.5488281   6.7396705e-20
  25503.6894531   6.7621149e-20
  25574.8300781   6.6887162e-20
  25645.9687500   6.7972791e-20
  25717.1093750   6.8337668e-20
  25788.2500000   6.8618567e-20
  25859.3886719   6.8478276e-20
  25930.5292969   6.7627683e-20
  26001.6699219   6.8575787e-20
  26072.8085938   6.8490606e-20
  26143.9492188   6.8538447e-20
  26215.0898438   6.9383128e-20
  26286.2285156   6.8344279e-20
  26357.3691406   6.8038203e-20
  26428.5097656   6.8275572e-20
  26499.6503906   6.8194663e-20
  26570.7890625   6.8056434e-20
  26641.9296875   6.7627385e-20
  26713.0703125   6.7956080e-20
  26784.2089844   6.8277672e-20
  26855.3496094   6.8287269e-20
  26926.4902344   6.7748968e-20
  26997.6289062   6.6918311e-20
  27068.7695312   6.6370691e-20
  27139.9101562   6.5914624e-20
  27211.0488281   6.5321833e-20
  27282.1894531   6.3708294e-20
  27353.3300781   6.4404573e-20
  27424.4687500   6.3501583e-20
  27495.6093750   6.3340593e-20
  27566.7500000   6.2971412e-20
  27637.8886719   6.3052779e-20
  27709.0292969   6.3355618e-20
  27780.1699219   6.3164468e-20
  27851.3085938   6.2886290e-20
  27922.4492188   6.2047632e-20
  27993.5898438   6.2041092e-20
  28064.7285156   6.0545808e-20
  28135.8691406   5.9602357e-20
  28207.0097656   5.9744399e-20
  28278.1484375   5.9115387e-20
  28349.2890625   6.0244760e-20
  28420.4296875   5.9982860e-20
  28491.5703125   6.0276257e-20
  28562.7089844   6.0122117e-20
  28633.8496094   5.9728663e-20
  28704.9902344   5.9341950e-20
  28776.1289062   5.8360836e-20
  28847.2695312   5.8088248e-20
  28918.4101562   5.8699121e-20
  28989.5488281   5.8621831e-20
  29060.6894531   5.8696284e-20
  29131.8300781   5.7855797e-20
  29202.9687500   5.7471869e-20
  29274.1093750   5.7712411e-20
  29345.2500000   5.7757040e-20
  29416.3886719   5.7961340e-20
  29487.5292969   5.7444617e-20
  29558.6699219   5.5942554e-20
  29629.8085938   5.5904976e-20
  29700.9492188   5.5684442e-20
  29772.0898438   5.5806852e-20
  29843.2285156   5.4847561e-20
  29914.3691406   5.5737291e-20
  29985.5097656   5.4659274e-20
  30056.6484375   5.4377942e-20
  30127.7890625   5.3957104e-20
  30198.9296875   5.4818183e-20
  30270.0683594   5.2181267e-20
  30341.2089844   5.4657116e-20
  30412.3496094   5.0334393e-20
  30483.4902344   5.5729458e-20
  30554.6289062   5.3659581e-20
  30625.7695312   5.3595756e-20
  30696.9101562   5.5975978e-20
  30768.0488281   5.4970068e-20
  30839.1894531   4.9444627e-20
  30910.3300781   5.4252702e-20
  30981.4687500   5.5708411e-20
  31052.6093750   5.5046408e-20
  31123.7500000   5.1524508e-20
  31194.8886719   5.4481443e-20
  31266.0292969   5.5488652e-20
  31337.1699219   5.4684006e-20
  31408.3085938   5.4714993e-20
  31479.4492188   5.3493693e-20
  31550.5898438   5.0513771e-20
  31621.7285156   5.3983652e-20
  31692.8691406   5.4837441e-20
  31764.0097656   5.3924886e-20
  31835.1484375   5.3924886e-20
  31906.2890625   5.3776126e-20
  31977.4296875   5.3106517e-20
  32048.5683594   4.9458964e-20
  32119.7089844   5.1511160e-20
  32190.8496094   5.3915413e-20
  32261.9902344   5.3393003e-20
  32333.1289062   5.2108902e-20
  32404.2695312   5.2345844e-20
  32475.4101562   5.2978398e-20
  32546.5488281   5.2535850e-20
  32617.6894531   5.1958077e-20
  32688.8300781   5.1731068e-20
  32759.9687500   4.9588589e-20
  32831.1093750   4.6732519e-20
  32902.2500000   4.8853840e-20
  32973.3906250   4.9898152e-20
  33044.5273438   5.0118663e-20
  33115.6679688   5.0354513e-20
  33186.8085938   5.0072461e-20
  33257.9492188   4.9977984e-20
  33329.0898438   4.9334654e-20
  33400.2304688   4.9585106e-20
  33471.3710938   4.8459365e-20
  33542.5078125   4.9386683e-20
  33613.6484375   4.8568026e-20
  33684.7890625   4.9059168e-20
  33755.9296875   4.8962953e-20
  33827.0703125   4.8210574e-20
  33898.2109375   4.7547999e-20
  33969.3476562   4.4635632e-20
  34040.4882812   4.7058341e-20
  34111.6289062   4.8236834e-20
  34182.7695312   4.7746374e-20
  34253.9101562   4.7671155e-20
  34325.0507812   4.7270451e-20
  34396.1875000   4.7020746e-20
  34467.3281250   4.7436827e-20
  34538.4687500   4.7110870e-20
  34609.6093750   4.6875585e-20
  34680.7500000   4.6533656e-20
  34751.8906250   4.6570663e-20
  34823.0273438   4.5977649e-20
  34894.1679688   4.6712825e-20
  34965.3085938   4.6324447e-20
  35036.4492188   4.6467488e-20
  35107.5898438   4.6139068e-20
  35178.7304688   4.5954836e-20
  35249.8710938   4.5717100e-20
  35321.0078125   4.5791245e-20
  35392.1484375   4.5690200e-20
  35463.2890625   4.5611808e-20
  35534.4296875   4.5319878e-20
  35658.9257812   4.4247616e-20
  35836.7734375   4.3279534e-20
  36014.6250000   4.4252088e-20
  36192.4726562   4.3794641e-20
  36370.3242188   4.3673440e-20
  36548.1757812   4.3519122e-20
  36726.0234375   4.2810891e-20
  36903.8750000   4.2393097e-20
  37081.7226562   4.2273178e-20
  37259.5742188   4.1753405e-20
  37437.4257812   4.1524085e-20
  37615.2734375   4.1000196e-20
  37793.1250000   4.0674500e-20
  37970.9726562   3.9906033e-20
  38148.8242188   3.9781972e-20
  38326.6757812   3.9397194e-20
  38504.5234375   3.8609263e-20
  38682.3750000   3.8021825e-20
  38860.2226562   3.6573800e-20
  39038.0742188   3.6464739e-20
  39215.9257812   3.6394499e-20
  39393.7734375   3.6026979e-20
  39571.6250000   3.5821402e-20
  39749.4726562   3.5560420e-20
  39927.3242188   3.5392926e-20
  40105.1757812   3.4958210e-20
  40283.0234375   3.4781788e-20
  40460.8750000   3.4565703e-20
  40638.7226562   3.4267181e-20
  40816.5742188   3.4452186e-20
  40994.4257812   3.4295034e-20
  41172.2734375   3.3895829e-20
  41350.1250000   3.3476707e-20
  41527.9726562   3.3326054e-20
  41705.8242188   3.3428372e-20
  41883.6757812   3.2944200e-20
  42061.5234375   3.2689247e-20
  42239.3750000   3.2203476e-20
  42417.2226562   3.2488013e-20
  42595.0742188   3.1585620e-20
  42772.9257812   3.1916383e-20
  42950.7734375   3.1531566e-20
  43128.6250000   3.1406490e-20
  43306.4726562   3.1361005e-20
  43484.3242188   3.1094530e-20
  43662.1757812   3.0848606e-20
  43840.0234375   3.0554262e-20
  44017.8750000   3.0411683e-20
  44195.7226562   3.0108415e-20
  44373.5742188   2.9949102e-20
  44551.4257812   2.9604645e-20
  44729.2734375   2.9452654e-20
  44907.1250000   2.9291021e-20
  45084.9726562   2.8951845e-20
  45262.8242188   2.8886184e-20
  45440.6757812   2.8691222e-20
  45618.5234375   2.7382069e-20
  45796.3750000   2.8130868e-20
  45974.2226562   2.7868943e-20
  46152.0742188   2.7988163e-20
  46329.9257812   2.7628495e-20
  46507.7734375   2.7658483e-20
  46685.6250000   2.7233115e-20
  46863.4726562   2.7099251e-20
  47041.3242188   2.7022002e-20
  47219.1757812   2.6626412e-20
  47397.0234375   2.6686937e-20
  47574.8750000   2.6396341e-20
  47752.7226562   2.6440547e-20
  47930.5742188   2.6230737e-20
  48108.4257812   2.6094235e-20
  48286.2734375   2.5687958e-20
  48464.1250000   2.5558997e-20
  48641.9726562   2.5535993e-20
  48819.8242188   2.5463871e-20
  48997.6757812   2.5326131e-20
  49175.5234375   2.5244400e-20
  49353.3750000   2.4974008e-20
  49531.2226562   2.4614236e-20
  49709.0742188   2.4515414e-20
  49886.9257812   2.4120792e-20
  50064.7734375   2.4029755e-20
  50242.6250000   2.3576693e-20
  50420.4726562   2.3534486e-20
  50598.3242188   2.3219402e-20
  50776.1757812   2.2946199e-20
  50954.0234375   2.3175594e-20
  51131.8750000   2.3197896e-20
  51309.7226562   2.2625871e-20
  51487.5742188   2.2913268e-20
  51665.4257812   2.2629649e-20
  51825.4882812   2.2708499e-20
  52003.3398438   2.2456390e-20
  52198.9726562   2.2364463e-20
  52376.8242188   2.2062235e-20
  52554.6757812   2.2108696e-20
  52732.5234375   2.2088994e-20
  52910.3750000   2.1960249e-20
  53088.2226562   2.2255899e-20
  53266.0742188   2.2019160e-20
  53443.9218750   2.1907749e-20
  53621.7734375   2.1745365e-20
  53799.6250000   2.1898996e-20
  53977.4726562   2.1927964e-20
  54155.3242188   2.1865264e-20
  54333.1718750   2.1877462e-20
  54511.0234375   2.1714540e-20
  54688.8750000   2.1810213e-20
  54866.7226562   2.1696141e-20
  55044.5742188   2.1715588e-20
  55222.4218750   2.1468655e-20
  55400.2734375   2.0610724e-20
  55578.1250000   2.0904815e-20
  55755.9726562   2.0782608e-20
  55933.8242188   2.1070730e-20
  56111.6718750   1.9907100e-20
  56289.5234375   1.9809160e-20
  56467.3750000   1.9633856e-20
  56645.2226562   2.0291249e-20
  56823.0742188   1.9780037e-20
  57089.8476562   1.9938599e-20
  57445.5468750   2.0066594e-20
  57801.2500000   1.9632389e-20
  58156.9492188   1.9979535e-20
  58512.6484375   1.9156107e-20
  58868.3476562   1.9486530e-20
  59224.0468750   1.9065127e-20
  59579.7500000   1.8913675e-20
  59935.4492188   1.8431584e-20
  60291.1484375   1.8531826e-20
  60646.8476562   1.8167258e-20
  61002.5468750   1.7978748e-20
  61358.2500000   1.7595980e-20
  61713.9492188   1.7100319e-20
  62069.6484375   1.7055093e-20
  62425.3476562   1.6830823e-20
  62781.0468750   1.6571977e-20
  63136.7500000   1.6244465e-20
  63492.4492188   1.6112872e-20
  63848.1484375   1.5765814e-20
  64203.8476562   1.5445344e-20
  64559.5468750   1.5140032e-20
  64915.2500000   1.4928547e-20
  65270.9492188   1.4692374e-20
  65626.6484375   1.4428663e-20
  65982.3515625   1.4259080e-20
  66338.0468750   1.3882879e-20
  66693.7500000   1.3540549e-20
  67049.4453125   1.3516189e-20
  67405.1484375   1.3085704e-20
  67760.8515625   1.3198948e-20
  68116.5468750   1.2915445e-20
  68472.2500000   1.2759836e-20
  68827.9453125   1.2449735e-20
  69183.6484375   1.2086135e-20
  69539.3515625   1.2102654e-20
  69895.0468750   1.1876816e-20
  70250.7500000   1.1634478e-20
  70606.4453125   1.1460027e-20
  70962.1484375   1.1320064e-20
  71317.8515625   1.1214613e-20
  71673.5468750   1.1081929e-20
  72029.2500000   1.0785005e-20
  72384.9453125   1.0618160e-20
  72740.6484375   1.0546773e-20
  73096.3515625   1.0352421e-20
  73452.0468750   1.0167501e-20
  73807.7500000   1.0033712e-20
  74163.4453125   9.9085138e-21
  74519.1484375   9.7142282e-21
  74874.8515625   9.6498074e-21
  75230.5468750   9.4629624e-21
  75586.2500000   9.3284025e-21
  75941.9453125   9.2470270e-21
  76297.6484375   9.0946230e-21
  76653.3515625   8.9595923e-21
  77009.0468750   8.7324480e-21
  77364.7500000   8.6461643e-21
  77720.4453125   8.5501371e-21
  78076.1484375   8.4425616e-21
  78431.8515625   8.2514683e-21
  78787.5468750   8.2131433e-21
  79143.2500000   8.0428055e-21
  79498.9453125   7.9435309e-21
  79854.6484375   7.8460327e-21
  80210.3515625   7.7333091e-21
  80566.0468750   7.5914040e-21
  80921.7500000   7.5498099e-21
  81277.4453125   7.3981330e-21
  81633.1484375   6.3107628e-21
  81988.8515625   6.7301466e-21
  82344.5468750   6.6900090e-21
  82700.2500000   5.7684284e-21
  83055.9453125   6.2235401e-21
  83411.6484375   5.9155640e-21
  83767.3515625   5.3137553e-21
  84123.0468750   5.7595681e-21
  84478.7500000   5.4898648e-21
  84834.4453125   5.0429094e-21
  85190.1484375   5.4094486e-21
  85545.8515625   5.2713579e-21
  85901.5468750   4.8702165e-21
  86257.2500000   5.1159445e-21
  86612.9453125   4.9765750e-21
  86968.6484375   4.7872359e-21
  87324.3515625   4.8001416e-21
  87680.0468750   4.8313374e-21
  88035.7500000   4.7075293e-21
  88391.4453125   4.2965530e-21
  88747.1484375   4.2914235e-21
  89102.8515625   4.4071517e-21
  89458.5468750   4.2194532e-21
  89814.2500000   4.3562910e-21
  90169.9453125   4.3873377e-21
  90525.6484375   4.3719117e-21
  90881.3515625   4.3645066e-21
  91237.0468750   4.3781947e-21
  91592.7500000   4.4137764e-21
  91948.4453125   4.2683792e-21
  92304.1484375   4.2820293e-21
  92659.8515625   4.2951947e-21
  93015.5468750   4.1952840e-21
  93371.2500000   4.1311625e-21
  93726.9453125   4.1600569e-21
  94082.6484375   4.1210332e-21
  94438.3515625   4.0603639e-21
  94794.0468750   3.9983750e-21
  95149.7500000   4.0168206e-21
  95505.4453125   3.9767294e-21
  95861.1484375   3.8861034e-21
  96216.8515625   3.8969396e-21
  96572.5468750   3.8522035e-21
  96928.2500000   3.8426227e-21
  97283.9453125   3.7459444e-21
  97639.6484375   3.7552841e-21
  97995.3515625   3.7067328e-21
  98351.0468750   3.6581513e-21
  98706.7500000   3.5964852e-21
  99062.4453125   3.5966904e-21
  99418.1484375   3.5787755e-21
  99773.8515625   3.5314824e-21
 100129.5468750   3.4681421e-21
 100485.2500000   3.4519281e-21
 100840.9453125   3.4229877e-21
 101196.6484375   3.3646062e-21
 101552.3515625   3.3367646e-21
 101908.0468750   3.3022280e-21
 102263.7500000   3.2486159e-21
 102619.4453125   3.2268033e-21
 102975.1484375   3.1850010e-21
 103330.8515625   3.1568288e-21
 103686.5468750   3.1204797e-21
 104042.2500000   3.0605162e-21
 104397.9453125   3.0468768e-21
 104753.6484375   2.9968970e-21
 105109.3515625   2.9605553e-21
 105465.0468750   2.9351159e-21
 105820.7500000   2.8996764e-21
 106176.4453125   2.8596870e-21
 106532.1484375   2.8260642e-21
 106887.8437500   2.7924442e-21
 107243.5468750   2.7670028e-21
 107599.2500000   2.7297419e-21
 107954.9453125   2.6797691e-21
 108310.6484375   2.6652268e-21
 108666.3437500   2.6379652e-21
 109022.0468750   2.6097902e-21
 109377.7500000   2.5852633e-21
 109733.4453125   2.5470919e-21
 110089.1484375   2.5207398e-21
 110444.8437500   2.5016601e-21
 110800.5468750   2.4616721e-21
 111156.2500000   2.4416881e-21
 111511.9453125   2.4153337e-21
 111867.6484375   2.3880676e-21
 112223.3437500   2.3589951e-21
 112579.0468750   2.3290078e-21
 112934.7500000   2.3099180e-21
 113290.4453125   2.2835714e-21
 113646.1484375   2.2608488e-21
 114179.6953125   2.2208737e-21
 114891.0937500   2.1717972e-21
 115602.5000000   2.1254569e-21
 116313.8984375   2.0782059e-21
 117025.2968750   2.0255012e-21
 117736.6953125   1.9882461e-21
 118448.0937500   1.9482591e-21
 119159.5000000   1.9137272e-21
 119870.8984375   1.8701069e-21
 120582.2968750   1.8310398e-21
 121293.6953125   1.7937815e-21
 122005.0937500   1.7637914e-21
 122716.5000000   1.7292600e-21
 123427.8984375   1.6929124e-21
 124139.2968750   1.6556554e-21
 124850.6953125   1.6265811e-21
 125562.0937500   1.5893244e-21
 126273.5000000   1.5556993e-21
 126984.8984375   1.5257110e-21
 127696.2968750   1.4939107e-21
 128407.6953125   1.4675541e-21
 129119.0937500   1.4357486e-21
 129830.5000000   1.4030354e-21
 130541.8984375   1.3748664e-21
 131253.2968750   1.3394282e-21
 131964.7031250   1.3112571e-21
 132676.0937500   1.2885417e-21
 133387.5000000   1.2531031e-21
 134098.8906250   1.2394689e-21
 134810.2968750   1.2149359e-21
 135521.7031250   1.1931292e-21
 136233.0937500   1.1722285e-21
 136944.5000000   1.1522353e-21
 137655.8906250   1.1267933e-21
 138367.2968750   1.1068019e-21
 139078.7031250   1.0859006e-21
 139790.0937500   1.0686369e-21
 140501.5000000   1.0450086e-21
 141212.8906250   1.0277449e-21
 141924.2968750   1.0041162e-21
 142635.7031250   9.8866925e-22
 143347.0937500   9.7231062e-22
 144058.5000000   9.5232076e-22
 144769.8906250   9.3868834e-22
 145481.2968750   9.2324181e-22
 146192.7031250   9.0870375e-22
 146904.0937500   8.9398221e-22
 147615.5000000   8.7617208e-22
 148326.8906250   8.5972429e-22
 149038.2968750   8.4718299e-22
 149749.7031250   8.3110048e-22
 150461.0937500   8.2128549e-22
 151172.5000000   8.0529138e-22
 151883.8906250   7.9357196e-22
 152595.2968750   7.5476879e-22
 153306.7031250   7.2050981e-22
 154018.0937500   7.2160235e-22
 154729.5000000   6.8752502e-22
 155440.8906250   6.6971524e-22
 156152.2968750   6.5544829e-22
 156863.7031250   6.2627761e-22
 157575.0937500   6.2137077e-22
 158286.5000000   6.0719434e-22
 158997.8906250   5.8511482e-22
 159709.2968750   5.8747605e-22
 160420.7031250   5.7211974e-22
 161132.0937500   5.5458199e-22
 161843.5000000   5.5249127e-22
 162554.8906250   5.4294895e-22
 163266.2968750   5.2432129e-22
 163977.7031250   5.2704784e-22
 164689.0937500   5.1505276e-22
 165400.5000000   5.0705591e-22
 166111.8906250   5.0260396e-22
 166823.2968750   4.9406205e-22
 167534.7031250   4.8479372e-22
 168246.0937500   4.8542865e-22
 168957.5000000   4.7516058e-22
 169668.8906250   4.6870854e-22
 170380.2968750   4.6180220e-22
 171091.7031250   4.5180768e-22
 171803.0937500   4.5289835e-22
 172514.5000000   4.4381128e-22
 173225.8906250   4.3535943e-22
 173937.2968750   4.3072467e-22
 174648.7031250   4.2336534e-22
 175360.0937500   4.1809370e-22
 176071.5000000   4.1055154e-22
 176782.8906250   4.0818912e-22
 177494.2968750   4.0082914e-22
 178205.7031250   3.9728540e-22
 178917.0937500   3.9174106e-22
 179628.5000000   3.8320056e-22
 180339.8906250   3.7956589e-22
 181051.2968750   3.7474909e-22
 181762.7031250   3.6856947e-22
 182474.0937500   3.6329981e-22
 183185.5000000   3.5875561e-22
 183896.8906250   3.5748324e-22
 184608.2968750   3.5112234e-22
 185319.7031250   3.4621613e-22
 186031.0937500   3.4121809e-22
 186742.5000000   3.3830985e-22
 187453.8906250   3.3703743e-22
 188165.2968750   3.2895048e-22
 188876.7031250   3.2386156e-22
 189588.0937500   3.2149916e-22
 190299.5000000   3.1722833e-22
 191010.8906250   3.1341179e-22
 191722.2968750   3.0995817e-22
 192433.7031250   3.0623310e-22
 193145.0937500   3.0105373e-22
 193856.5000000   2.9941737e-22
 194567.8906250   2.9396570e-22
 195279.2968750   2.9160229e-22
 195990.7031250   2.8660491e-22
 196702.0937500   2.8742297e-22
 197413.5000000   2.8006238e-22
 198124.8906250   2.7924442e-22
 198836.2968750   2.7433707e-22
 199547.7031250   2.7279323e-22
 200259.0937500   2.6734095e-22
 200970.5000000   2.6597777e-22
 201681.8906250   2.6243297e-22
 202393.2968750   2.5752686e-22
 203104.7031250   2.5634539e-22
 203816.0937500   2.5343713e-22
 204527.5000000   2.5007481e-22
 205238.8906250   2.4680375e-22
 205950.2968750   2.4507770e-22
 206661.7031250   2.4153336e-22
 207373.0937500   2.3898934e-22
 208084.5000000   2.3617213e-22
 208795.8906250   2.3244606e-22
 209507.2968750   2.2999269e-22
 210218.7031250   2.2672125e-22
 210930.0937500   2.2508622e-22
 211641.5000000   2.2172386e-22
 212352.8906250   2.2008815e-22
 213064.2968750   2.1745270e-22
 213775.6875000   2.1490825e-22
 214487.0937500   2.1236375e-22
 215198.5000000   2.0936515e-22
 215909.8906250   2.0718448e-22
 216621.2968750   2.0454899e-22
 217332.6875000   2.0200466e-22
 218044.0937500   2.0009656e-22
 218755.5000000   1.9791594e-22
 219466.8906250   1.9609812e-22
 220178.2968750   1.9355349e-22
 220889.6875000   1.9164522e-22
 221601.0937500   1.8891925e-22
 222312.5000000   1.8646613e-22
 223023.8906250   1.8437576e-22
 223735.2968750   1.8228559e-22
 224446.6875000   1.8010517e-22
 225158.0937500   1.7865091e-22
 225869.5000000   1.7637913e-22
 226580.8906250   1.7501643e-22
 227292.2968750   1.7247169e-22
 228359.3906250   1.6965520e-22
 229782.1875000   1.6565645e-22
 231205.0000000   1.6202143e-22
 232627.7968750   1.5838682e-22
 234050.5937500   1.5502498e-22
 235473.3906250   1.5138969e-22
 236896.1875000   1.4820955e-22
 238319.0000000   1.4502930e-22
 239741.7968750   1.4175784e-22
 241164.5937500   1.3866791e-22
 242587.3906250   1.3566919e-22
 244010.1875000   1.3294299e-22
 245433.0000000   1.2985346e-22
 246855.7968750   1.2712738e-22
 248278.5937500   1.2440116e-22
 249701.3906250   1.2176602e-22
 251124.1875000   1.1922177e-22
 252547.0000000   1.1676813e-22
 253969.7968750   1.1431474e-22
 255392.5937500   1.1195225e-22
 256815.3906250   1.0968047e-22
 258238.1875000   1.0740855e-22
 259661.0000000   1.0522760e-22
 261083.7968750   1.0304701e-22
 262506.5937500   1.0095683e-22
 263929.4062500   9.8776215e-23
 265352.1875000   9.6686005e-23
 266775.0000000   9.4777700e-23
 268197.7812500   9.3051199e-23
 269620.5937500   9.1233872e-23
 271043.4062500   8.9389193e-23
 272466.1875000   8.7589890e-23
 273889.0000000   8.5890532e-23
 275311.7812500   8.4245971e-23
 276734.5937500   8.2628548e-23
 278157.4062500   8.1001967e-23
 279580.1875000   7.9420648e-23
 281003.0000000   7.7894158e-23
 282425.7812500   7.6439959e-23
 283848.5937500   7.5004340e-23
 285271.4062500   7.3550456e-23
 286694.1875000   7.2141854e-23
 288117.0000000   7.0815261e-23
 289539.7812500   6.9461184e-23
 290962.5937500   6.8198256e-23
 292385.4062500   6.6907730e-23
 293808.1875000   6.5671900e-23
 295231.0000000   6.4481554e-23
 296653.7812500   6.3273031e-23
 298076.5937500   6.2146083e-23
 299499.4062500   6.1046714e-23
 300922.1875000   5.9938093e-23
 302345.0000000   5.8865893e-23
 303767.7812500   5.7829885e-23
 305190.5937500   5.6812109e-23
 306613.4062500   5.5821558e-23
 308036.1875000   5.4849246e-23
 309459.0000000   5.3886060e-23
 310881.7812500   5.2959319e-23
 312304.5937500   5.2059493e-23
 313727.4062500   5.1178099e-23
 315150.1875000   5.0305884e-23
 316573.0000000   4.9451573e-23
 317995.7812500   4.8615617e-23
 319418.5937500   4.7761476e-23
 320841.4062500   4.6988954e-23
 322264.1875000   4.6189349e-23
 323687.0000000   4.5362497e-23
 325109.7812500   4.4617405e-23
 326532.5937500   4.3881281e-23
 327955.4062500   4.3181564e-23
 329378.1875000   4.2500102e-23
 330801.0000000   4.1827554e-23
 332223.7812500   4.1109643e-23
 333646.5937500   4.0437250e-23
 335069.4062500   3.9773931e-23
 336492.1875000   3.9128713e-23
 337915.0000000   3.8528973e-23
 339337.7812500   3.7920099e-23
 340760.5937500   3.7311344e-23
 342183.4062500   3.6720746e-23
 343606.1875000   3.6129975e-23
 345029.0000000   3.5548395e-23
 346451.7812500   3.4985088e-23
 347874.5937500   3.4476251e-23
 349297.4062500   3.3940068e-23
 350720.1875000   3.3431162e-23
 352143.0000000   3.2931472e-23
 353565.7812500   3.2404368e-23
 354988.5937500   3.1886398e-23
 356411.4062500   3.1386633e-23
 711400.0000000   2.0582140e-24
1422800.0000000   1.3194369e-25
2134200.0000000   2.6179754e-26
2845600.0000000   8.2846565e-27
3557000.0000000   3.3894638e-27
4268400.0000000   1.6320336e-27
4979800.0000000   8.7944124e-28
5691200.0000000   5.1459827e-28
