    335.5169983   2.6644323e-23
    346.5780029   3.0323277e-23
    353.9519958   3.2336431e-23
    361.3259888   1.7483062e-22
    368.7000122   4.8127674e-22
    376.0740051   5.2206512e-22
    383.4479980   4.9583389e-22
    390.8219910   5.0403219e-22
    398.1960144   5.1426193e-22
    405.5700073   5.8711784e-22
    420.3179932   6.0902142e-22
    435.0660095   5.9144762e-22
    446.1270142   7.4889840e-22
    460.8750000   7.7709691e-22
    468.2489929   7.9414771e-22
    471.9360046   8.0660853e-22
    482.9970093   7.7775243e-22
    486.6839905   8.0464130e-22
    494.0580139   7.6857418e-22
    505.1190186   8.5448121e-22
    516.1799927   8.5644606e-22
    527.2410278   1.0820356e-21
    541.9890137   1.3463113e-21
    556.7369995   1.2053223e-21
    571.4849854   1.3600871e-21
    586.2330322   1.3653299e-21
    597.2940063   1.3672980e-21
    612.0419922   1.3758215e-21
    626.7899780   1.3745108e-21
    637.8510132   1.1305611e-21
    652.5989990   1.3850063e-21
    663.6600342   1.3869723e-21
    671.0339966   1.3869723e-21
    685.7819824   1.3895941e-21
    704.2169800   1.3909069e-21
    715.2780151   1.3994299e-21
    730.0260010   1.3954959e-21
    744.7739868   1.4007458e-21
    755.8350220   1.3987786e-21
    774.2700195   1.3561505e-21
    796.3920288   1.3974646e-21
    811.1400146   1.4027096e-21
    822.2009888   1.3856632e-21
    836.9490356   1.4059909e-21
    848.0100098   1.7607662e-21
    862.7579956   2.6329549e-21
    884.8800049   2.8690356e-21
    907.0020142   2.6768887e-21
    929.1240234   2.6598025e-21
    947.5590210   2.3602193e-21
    958.6199951   2.4238573e-21
    973.3679810   2.9519362e-21
    991.8030396   2.9243995e-21
   1010.2380371   2.8675991e-21
   1028.6729736   2.3904720e-21
   1047.1080322   2.7365013e-21
   1069.2299805   2.7248323e-21
   1091.3520508   2.4115829e-21
   1109.7869873   2.1348132e-21
   1135.5960693   2.1952065e-21
   1172.4660645   2.0279589e-21
   1209.3360596   1.9686363e-21
   1246.2060547   1.7448620e-21
   1283.0760498   1.5552833e-21
   1316.2590332   1.9770148e-21
   1349.4420166   2.8528645e-21
   1382.6250000   2.6682383e-21
   1419.4949951   2.0057530e-21
   1456.3649902   2.8261898e-21
   1493.2349854   3.3235160e-21
   1526.4179688   3.1568306e-21
   1555.9140625   2.7537778e-21
   1585.4100342   2.5319362e-21
   1625.9670410   2.8109269e-21
   1662.8370361   2.7462051e-21
   1696.0200195   2.3253909e-21
   1732.8900146   2.2766131e-21
   1769.7600098   2.4684289e-21
   1806.6300049   2.0148026e-21
   1843.5000000   2.4096454e-21
   1865.6220703   2.0380931e-21
   1887.7440186   3.1549454e-21
   1917.2399902   2.9329528e-21
   1954.1099854   2.6359168e-21
   1990.9799805   2.1174640e-21
   2027.8499756   2.0113898e-21
   2064.7199707   2.5975792e-21
   2101.5900879   2.8633081e-21
   2138.4599609   2.7608740e-21
   2175.3300781   2.7819429e-21
   2212.1999512   2.3132187e-21
   2249.0700684   2.2361824e-21
   2285.9399414   2.8353774e-21
   2322.8100586   2.6712516e-21
   2359.6799316   2.9614803e-21
   2396.5500488   2.8709638e-21
   2426.0461426   2.6556704e-21
   2451.8549805   3.0323411e-21
   2488.7250977   3.2472340e-21
   2525.5949707   2.8366976e-21
   2562.4650879   3.3814814e-21
   2599.3349609   2.8067329e-21
   2639.8920898   3.7358421e-21
   2676.7619629   3.9242317e-21
   2709.9450684   4.0914958e-21
   2746.8149414   4.1407922e-21
   2783.6850586   4.3266445e-21
   2820.5549316   4.1040033e-21
   2857.4250488   4.8682519e-21
   2894.2949219   4.7591691e-21
   2931.1650391   5.5000039e-21
   2968.0349121   6.1575587e-21
   3004.9050293   6.8992405e-21
   3041.7751465   7.8545525e-21
   3078.6450195   7.0242263e-21
   3115.5151367   9.8145367e-21
   3152.3850098   1.0981839e-20
   3189.2551270   1.3040044e-20
   3226.1250000   1.5083495e-20
   3262.9951172   1.7509649e-20
   3299.8649902   2.0461649e-20
   3336.7351074   2.3533982e-20
   3373.6049805   2.6846711e-20
   3410.4750977   8.2475600e-20
   3447.3449707   1.4489759e-19
   3484.2150879   2.0660943e-19
   3521.0849609   2.6129224e-19
   3557.9550781   2.8307113e-19
   3594.8249512   1.2640315e-19
   3631.6950684   2.5302576e-19
   3668.5649414   2.4746052e-19
   3705.4350586   3.1234839e-19
   3742.3049316   3.2275988e-19
   3779.1750488   2.2753735e-19
   3816.0449219   3.3649188e-19
   3852.9150391   4.6452416e-19
   3889.7851562   4.5030436e-19
   3926.6550293   3.8179470e-19
   3963.5251465   4.2206604e-19
   4000.3950195   3.7033667e-19
   4037.2651367   4.3585708e-19
   4074.1350098   4.1814905e-19
   4111.0048828   4.0912619e-19
   4147.8750000   3.6179854e-19
   4184.7451172   4.3124353e-19
   4221.6152344   4.0872393e-19
   4258.4848633   4.1266678e-19
   4295.3549805   4.0844757e-19
   4332.2250977   2.8042563e-19
   4369.0952148   3.8934345e-19
   4405.9648438   3.2822043e-19
   4442.8349609   2.7902022e-19
   4479.7050781   2.2583396e-19
   4516.5751953   4.4311037e-19
   4553.4448242   5.4436751e-19
   4590.3149414   5.6757773e-19
   4627.1850586   5.5383992e-19
   4664.0551758   5.2819747e-19
   4700.9248047   6.1704174e-19
   4737.7949219   6.3484608e-19
   4774.6650391   5.4529354e-19
   4811.5351562   5.4746995e-19
   4848.4052734   6.3278345e-19
   4885.2749023   6.0943612e-19
   4922.1450195   5.7008094e-19
   4959.0151367   6.2854022e-19
   4995.8852539   6.1462384e-19
   5032.7548828   5.7067713e-19
   5069.6250000   5.7718781e-19
   5106.4951172   5.7540601e-19
   5143.3652344   4.5139541e-19
   5180.2348633   4.4610373e-19
   5217.1049805   5.4415958e-19
   5253.9750977   5.3669980e-19
   5290.8452148   5.5359673e-19
   5316.6538086   5.6738583e-19
   5335.0888672   5.7076233e-19
   5364.5849609   5.5389099e-19
   5401.4550781   5.2433764e-19
   5438.3251953   5.3043381e-19
   5475.1948242   5.3905499e-19
   5512.0649414   5.3925864e-19
   5548.9350586   5.1316548e-19
   5574.7441406   4.7092897e-19
   5593.1791992   4.9111150e-19
   5622.6752930   4.8227752e-19
   5659.5449219   4.1801681e-19
   5696.4150391   3.9724377e-19
   5733.2851562   3.8983624e-19
   5770.1552734   4.2361292e-19
   5807.0249023   4.4855756e-19
   5843.8950195   4.6055886e-19
   5880.7651367   4.6396959e-19
   5917.6352539   4.5342205e-19
   5954.5048828   4.4892410e-19
   5991.3750000   4.3794664e-19
   6028.2451172   4.5983937e-19
   6065.1152344   4.6221441e-19
   6101.9848633   4.4725532e-19
   6138.8549805   4.6757594e-19
   6164.6640625   4.2877145e-19
   6183.0991211   4.8037501e-19
   6212.5952148   4.8234106e-19
   6249.4648438   4.5933877e-19
   6286.3349609   4.4581587e-19
   6323.2050781   4.2178252e-19
   6360.0751953   4.1518457e-19
   6396.9448242   4.3658319e-19
   6433.8149414   4.2837244e-19
   6470.6850586   4.4128876e-19
   6507.5551758   4.2059495e-19
   6544.4252930   4.1628374e-19
   6581.2949219   4.2546624e-19
   6618.1650391   4.3888435e-19
   6655.0351562   4.3908293e-19
   6691.9052734   4.0741026e-19
   6728.7749023   4.1490022e-19
   6765.6450195   4.0431766e-19
   6802.5151367   3.7648309e-19
   6839.3852539   3.7647482e-19
   6876.2548828   3.8194566e-19
   6913.1250000   4.0065160e-19
   6949.9951172   3.6903293e-19
   6986.8652344   3.5288179e-19
   7023.7348633   3.7331687e-19
   7060.6049805   3.5644562e-19
   7097.4750977   3.4402765e-19
   7134.3452148   3.6094468e-19
   7171.2148438   3.6778386e-19
   7208.0849609   3.3929509e-19
   7252.3291016   3.6566915e-19
   7285.5122070   3.7530604e-19
   7315.0083008   3.5564966e-19
   7355.5649414   3.4652814e-19
   7392.4350586   3.5704881e-19
   7429.3051758   3.4820015e-19
   7466.1752930   3.6011339e-19
   7503.0449219   3.3766283e-19
   7539.9150391   3.4448420e-19
   7576.7851562   3.1223183e-19
   7613.6552734   3.2304492e-19
   7646.8378906   3.5109782e-19
   7661.5859375   3.2923102e-19
   7687.3950195   3.4005439e-19
   7724.2651367   3.2318683e-19
   7761.1352539   3.2799133e-19
   7798.0048828   3.3052767e-19
   7834.8750000   3.3192271e-19
   7871.7451172   3.1868219e-19
   7908.6152344   3.1568857e-19
   7945.4848633   3.2559307e-19
   7982.3549805   3.1765095e-19
   8019.2250977   3.1590632e-19
   8056.0952148   3.0764196e-19
   8092.9648438   3.1703633e-19
   8129.8349609   3.1154693e-19
   8166.7050781   3.0157927e-19
   8203.5751953   2.9435341e-19
   8240.4453125   3.0199542e-19
   8277.3154297   2.9501996e-19
   8314.1855469   2.8686321e-19
   8351.0546875   2.9208311e-19
   8387.9248047   2.9469103e-19
   8424.7949219   2.9608041e-19
   8461.6650391   2.8022987e-19
   8498.5351562   2.8259540e-19
   8535.4052734   2.7416741e-19
   8572.2753906   2.3517657e-19
   8609.1455078   2.6297884e-19
   8646.0146484   2.6040783e-19
   8682.8847656   2.6552857e-19
   8719.7548828   2.5572035e-19
   8756.6250000   2.5526814e-19
   8793.4951172   2.4488847e-19
   8830.3652344   2.5251291e-19
   8867.2353516   2.4510799e-19
   8904.1054688   2.4632200e-19
   8940.9746094   2.5023209e-19
   8977.8447266   2.4167992e-19
   9014.7148438   2.4784011e-19
   9051.5849609   2.4400921e-19
   9088.4550781   2.4179777e-19
   9125.3251953   2.3599706e-19
   9162.1953125   2.3810210e-19
   9199.0654297   2.0999146e-19
   9235.9355469   2.3653038e-19
   9265.4306641   2.2250634e-19
   9283.8662109   2.3083576e-19
   9309.6748047   2.2501419e-19
   9346.5449219   2.2486701e-19
   9383.4150391   2.1975022e-19
   9420.2851562   2.2512589e-19
   9457.1552734   2.2248873e-19
   9494.0253906   2.2756033e-19
   9530.8955078   2.2530394e-19
   9567.7646484   2.2298861e-19
   9604.6347656   2.1847613e-19
   9641.5048828   2.1595574e-19
   9678.3750000   2.1806298e-19
   9715.2451172   2.1807637e-19
   9752.1152344   2.2326104e-19
   9788.9853516   2.2205338e-19
   9825.8554688   2.1212896e-19
   9862.7246094   2.1523707e-19
   9899.5947266   2.1392713e-19
   9936.4648438   2.0814863e-19
   9973.3349609   2.0840843e-19
  10010.2050781   2.0430400e-19
  10047.0751953   2.0414973e-19
  10083.9453125   2.0671201e-19
  10120.8154297   1.9538729e-19
  10157.6855469   1.9492017e-19
  10194.5546875   1.9612666e-19
  10231.4248047   1.9985077e-19
  10268.2949219   1.9655004e-19
  10305.1650391   1.7792985e-19
  10342.0351562   1.8415089e-19
  10378.9052734   1.9497154e-19
  10415.7753906   1.9423312e-19
  10452.6455078   1.8696891e-19
  10489.5146484   1.8538105e-19
  10526.3847656   1.8371870e-19
  10563.2548828   1.8693197e-19
  10600.1250000   1.8401183e-19
  10636.9951172   1.8365254e-19
  10673.8652344   1.8110468e-19
  10729.1699219   1.8380182e-19
  10802.9101562   1.8013374e-19
  10876.6503906   1.7682365e-19
  10950.3896484   1.7586872e-19
  11024.1298828   1.7380781e-19
  11097.8701172   1.7218873e-19
  11171.6103516   1.7085691e-19
  11245.3505859   1.6871536e-19
  11319.0898438   1.6663870e-19
  11392.8300781   1.6452258e-19
  11466.5703125   1.6234133e-19
  11540.3105469   1.5962645e-19
  11614.0498047   1.5837509e-19
  11687.7900391   1.5556728e-19
  11761.5302734   1.5118579e-19
  11835.2705078   1.5076275e-19
  11909.0097656   1.4790141e-19
  11982.7500000   1.4706068e-19
  12056.4902344   1.4534948e-19
  12130.2304688   1.4343124e-19
  12203.9697266   1.4164839e-19
  12277.7099609   1.3898382e-19
  12351.4501953   1.3626880e-19
  12425.1904297   1.3383468e-19
  12498.9296875   1.3212120e-19
  12572.6699219   1.3086689e-19
  12646.4101562   1.2838315e-19
  12720.1503906   1.2665487e-19
  12793.8896484   1.2507176e-19
  12867.6298828   1.2357952e-19
  12941.3701172   1.2261289e-19
  13015.1103516   1.2071871e-19
  13088.8505859   1.1961414e-19
  13162.5898438   1.1661392e-19
  13236.3300781   1.1455353e-19
  13310.0703125   1.1373391e-19
  13383.8105469   1.1277544e-19
  13420.6796875   1.1232464e-19
  13457.5498047   1.1285273e-19
  13531.2900391   1.1058987e-19
  13605.0302734   1.0475824e-19
  13678.7705078   1.0888239e-19
  13752.5097656   1.0787285e-19
  13826.2500000   1.2236812e-19
  13899.9902344   1.2421725e-19
  13973.7304688   1.3639514e-19
  14047.4697266   1.4722029e-19
  14121.2099609   1.2480071e-19
  14194.9501953   1.5104044e-19
  14268.6904297   1.5766791e-19
  14342.4296875   1.1720644e-19
  14416.1699219   1.5744234e-19
  14489.9101562   1.4894109e-19
  14563.6503906   1.5204541e-19
  14637.3906250   1.0787663e-19
  14711.1298828   1.5064098e-19
  14784.8701172   1.5656456e-19
  14858.6103516   1.5330062e-19
  14932.3505859   1.5355600e-19
  15006.0898438   1.4807169e-19
  15079.8300781   1.3384350e-19
  15153.5703125   1.1397542e-19
  15227.3105469   1.4139107e-19
  15301.0498047   1.4370490e-19
  15374.7900391   1.4269549e-19
  15448.5302734   1.4161293e-19
  15522.2705078   1.4083516e-19
  15596.0097656   1.3877340e-19
  15669.7500000   1.3744808e-19
  15743.4902344   1.3368195e-19
  15817.2304688   1.3276803e-19
  15890.9697266   1.2709675e-19
  15964.7099609   1.1392037e-19
  16038.4501953   1.0285942e-19
  16112.1904297   1.2714588e-19
  16185.9296875   1.2534230e-19
  16259.6699219   1.2579341e-19
  16333.4101562   1.2539351e-19
  16407.1503906   1.2504815e-19
  16480.8906250   1.2289755e-19
  16554.6308594   1.2279504e-19
  16628.3710938   1.2478481e-19
  16702.1093750   1.2076909e-19
  16775.8496094   1.1934862e-19
  16849.5898438   1.2079136e-19
  16923.3300781   1.1789203e-19
  16997.0703125   1.1782888e-19
  17070.8105469   1.1507189e-19
  17144.5507812   1.1448715e-19
  17218.2910156   1.1440924e-19
  17292.0292969   1.1256315e-19
  17365.7695312   1.0951880e-19
  17439.5097656   1.1097521e-19
  17513.2500000   1.1075562e-19
  17586.9902344   1.1017829e-19
  17660.7304688   1.0859584e-19
  17734.4707031   1.0655350e-19
  17808.2109375   1.0499223e-19
  17881.9492188   9.3172299e-20
  17955.6894531   8.1326033e-20
  18029.4296875   1.0066379e-19
  18103.1699219   1.0145826e-19
  18176.9101562   9.9481988e-20
  18250.6503906   1.0082795e-19
  18324.3906250   9.9530055e-20
  18398.1308594   9.6757423e-20
  18471.8710938   9.3421423e-20
  18545.6093750   9.4891866e-20
  18619.3496094   9.3414036e-20
  18693.0898438   9.4721156e-20
  18766.8300781   9.2449609e-20
  18840.5703125   9.2045692e-20
  18914.3105469   9.0258691e-20
  18988.0507812   8.8565110e-20
  19061.7910156   8.6406272e-20
  19135.5292969   8.6453719e-20
  19209.2695312   8.6500810e-20
  19283.0097656   8.6712290e-20
  19356.7500000   8.7154793e-20
  19430.4902344   8.3622305e-20
  19504.2304688   8.6249689e-20
  19577.9707031   8.6425620e-20
  19651.7109375   8.3211991e-20
  19725.4492188   8.4747368e-20
  19799.1894531   8.4154312e-20
  19872.9296875   8.2627504e-20
  19946.6699219   8.1496942e-20
  20020.4101562   8.1197910e-20
  20094.1503906   8.1565682e-20
  20167.8906250   7.9861755e-20
  20241.6308594   7.9324837e-20
  20315.3710938   7.8585208e-20
  20389.1093750   7.8748622e-20
  20462.8496094   7.8710248e-20
  20536.5898438   7.7799497e-20
  20610.3300781   7.6416173e-20
  20684.0703125   7.6878690e-20
  20757.8105469   7.5760542e-20
  20831.5507812   7.5347094e-20
  20905.2910156   7.4292316e-20
  20979.0292969   7.4752486e-20
  21052.7695312   7.3526275e-20
  21126.5097656   7.5234002e-20
  21200.2500000   7.3330208e-20
  21273.9902344   7.3383037e-20
  21347.7304688   7.1744418e-20
  21421.4707031   7.2472479e-20
  21495.2109375   7.2828561e-20
  21568.9511719   7.1421863e-20
  21642.6894531   7.0318501e-20
  21716.4296875   6.7821049e-20
  21790.1699219   6.9498145e-20
  21863.9101562   6.9205439e-20
  21937.6503906   6.8605946e-20
  22011.3906250   6.8890064e-20
  22085.1308594   6.7743953e-20
  22158.8710938   6.7141190e-20
  22232.6093750   6.7560035e-20
  22306.3496094   6.7604263e-20
  22380.0898438   6.7306232e-20
  22453.8300781   6.5743216e-20
  22527.5703125   6.5545727e-20
  22601.3105469   6.3705535e-20
  22675.0507812   6.3471507e-20
  22748.7910156   6.2346225e-20
  22822.5292969   6.3173380e-20
  22896.2695312   6.2526111e-20
  22970.0097656   6.1157308e-20
  23043.7500000   5.9683072e-20
  23117.4902344   6.0990469e-20
  23191.2304688   6.1336179e-20
  23264.9707031   6.0271785e-20
  23338.7109375   6.0548238e-20
  23412.4511719   5.9860263e-20
  23486.1894531   5.9550581e-20
  23559.9296875   5.9998699e-20
  23633.6699219   5.9273998e-20
  23707.4101562   5.9238611e-20
  23781.1503906   5.8823282e-20
  23854.8906250   5.8614393e-20
  23928.6308594   5.7471397e-20
  24002.3710938   5.7952972e-20
  24076.1093750   5.7188896e-20
  24149.8496094   5.4241296e-20
  24223.5898438   4.8656657e-20
  24297.3300781   5.5652447e-20
  24371.0703125   5.6480267e-20
  24444.8105469   5.6059167e-20
  24518.5507812   5.5672247e-20
  24592.2910156   5.4624268e-20
  24666.0292969   5.4965751e-20
  24739.7695312   5.3742157e-20
  24813.5097656   5.4222478e-20
  24887.2500000   5.3449574e-20
  24960.9902344   5.3511584e-20
  25034.7304688   5.2876380e-20
  25108.4707031   5.2868257e-20
  25182.2109375   5.2929817e-20
  25255.9511719   5.2083534e-20
  25329.6894531   5.2353689e-20
  25403.4296875   5.2624093e-20
  25477.1699219   5.2300372e-20
  25550.9101562   5.1731097e-20
  25624.6503906   5.1196337e-20
  25698.3906250   5.1326011e-20
  25772.1308594   5.0965270e-20
  25845.8710938   5.0183442e-20
  25919.6093750   5.0382637e-20
  25993.3496094   5.0125510e-20
  26067.0898438   4.8920851e-20
  26140.8300781   4.8135918e-20
  26214.5703125   4.7034194e-20
  26288.3105469   4.6317759e-20
  26362.0507812   4.6303926e-20
  26435.7910156   4.6430384e-20
  26509.5292969   4.5853255e-20
  26583.2695312   4.6507529e-20
  26657.0097656   4.6774844e-20
  26730.7500000   4.6830963e-20
  26804.4902344   4.6675317e-20
  26878.2304688   4.6025757e-20
  26951.9707031   4.6610384e-20
  27025.7109375   4.6524893e-20
  27099.4511719   4.6474251e-20
  27173.1894531   4.7059610e-20
  27246.9296875   4.6231386e-20
  27320.6699219   4.6039099e-20
  27394.4101562   4.6235445e-20
  27468.1503906   4.6113368e-20
  27541.8906250   4.6097166e-20
  27615.6308594   4.5762123e-20
  27689.3710938   4.5993830e-20
  27763.1093750   4.6189982e-20
  27836.8496094   4.6173558e-20
  27910.5898438   4.5766540e-20
  27984.3300781   4.5181784e-20
  28058.0703125   4.4844922e-20
  28131.8105469   4.4543421e-20
  28205.5507812   4.4063608e-20
  28279.2910156   4.2979141e-20
  28353.0312500   4.3494110e-20
  28426.7695312   4.2835173e-20
  28500.5097656   4.2745159e-20
  28574.2500000   4.2476985e-20
  28647.9902344   4.2457959e-20
  28721.7304688   4.2688126e-20
  28795.4707031   4.2526263e-20
  28869.2109375   4.2292888e-20
  28942.9511719   4.1738212e-20
  29016.6894531   4.1682704e-20
  29090.4296875   4.0698821e-20
  29164.1699219   4.0035435e-20
  29237.9101562   4.0157641e-20
  29311.6503906   3.9636372e-20
  29385.3906250   4.0401769e-20
  29459.1308594   4.0202115e-20
  29532.8710938   4.0431412e-20
  29606.6093750   4.0303057e-20
  29680.3496094   3.9995365e-20
  29754.0898438   3.9759111e-20
  29827.8300781   3.9092491e-20
  29901.5703125   3.8891447e-20
  29975.3105469   3.9335495e-20
  30049.0507812   3.9313736e-20
  30122.7910156   3.9327549e-20
  30196.5312500   3.8659336e-20
  30270.2695312   3.8457313e-20
  30344.0097656   3.8542532e-20
  30417.7500000   3.8591821e-20
  30491.4902344   3.8712857e-20
  30565.2304688   3.8402629e-20
  30638.9707031   3.7336610e-20
  30712.7109375   3.7277295e-20
  30786.4511719   3.7145899e-20
  30860.1894531   3.7158465e-20
  30933.9296875   3.6486543e-20
  31007.6699219   3.7039196e-20
  31081.4101562   3.6294598e-20
  31155.1503906   3.6090187e-20
  31228.8906250   3.5755880e-20
  31302.6308594   3.6366559e-20
  31376.3710938   3.4570279e-20
  31450.1093750   3.6318037e-20
  31523.8496094   3.3224068e-20
  31597.5898438   3.6991730e-20
  31671.3300781   3.5503946e-20
  31745.0703125   3.5424824e-20
  31818.8105469   3.7207944e-20
  31892.5507812   3.6496320e-20
  31966.2910156   3.2560310e-20
  32040.0312500   3.5983675e-20
  32113.7695312   3.7073699e-20
  32187.5097656   3.6469563e-20
  32261.2500000   3.3829073e-20
  32334.9902344   3.6039187e-20
  32408.7304688   3.6938319e-20
  32482.4707031   3.6257158e-20
  32556.2109375   3.6307991e-20
  32629.9511719   3.5292210e-20
  32703.6894531   3.3194167e-20
  32777.4296875   3.5593094e-20
  32851.1718750   3.6260981e-20
  32924.9101562   3.5708799e-20
  32998.6484375   3.5755722e-20
  33072.3906250   3.5602787e-20
  33146.1289062   3.5060632e-20
  33219.8710938   3.2419473e-20
  33293.6093750   3.3840511e-20
  33367.3515625   3.5578873e-20
  33441.0898438   3.5363580e-20
  33514.8320312   3.4521727e-20
  33588.5703125   3.4710085e-20
  33662.3085938   3.5128141e-20
  33736.0507812   3.4846638e-20
  33809.7890625   3.4488384e-20
  33883.5312500   3.4319462e-20
  33957.2695312   3.2720573e-20
  34031.0117188   3.0657511e-20
  34104.7500000   3.2180589e-20
  34178.4921875   3.2985336e-20
  34252.2304688   3.3202623e-20
  34325.9687500   3.3284824e-20
  34399.7109375   3.3147841e-20
  34473.4492188   3.3039998e-20
  34547.1914062   3.2650525e-20
  34620.9296875   3.2820313e-20
  34694.6718750   3.2057443e-20
  34768.4101562   3.2680794e-20
  34842.1484375   3.2027189e-20
  34915.8906250   3.2438414e-20
  34989.6289062   3.2333589e-20
  35063.3710938   3.1796500e-20
  35137.1093750   3.1266270e-20
  35210.8515625   2.9207928e-20
  35284.5898438   3.0967671e-20
  35358.3320312   3.1785888e-20
  35432.0703125   3.1504453e-20
  35505.8085938   3.1457724e-20
  35579.5507812   3.1150316e-20
  35653.2890625   3.1022527e-20
  35727.0312500   3.1283716e-20
  35800.7695312   3.1049378e-20
  35874.5117188   3.0851604e-20
  35948.2500000   3.0569309e-20
  36021.9921875   3.0657779e-20
  36095.7304688   3.0231791e-20
  36169.4687500   3.0761493e-20
  36243.2109375   3.0526512e-20
  36316.9492188   3.0545156e-20
  36390.6914062   3.0262076e-20
  36464.4296875   3.0129727e-20
  36538.1718750   2.9997298e-20
  36611.9101562   3.0078297e-20
  36685.6484375   3.0008235e-20
  36759.3906250   2.9941883e-20
  36833.1289062   2.9761228e-20
  36962.1757812   2.8920851e-20
  37146.5234375   2.8228404e-20
  37330.8750000   2.8938006e-20
  37515.2265625   2.8569771e-20
  37699.5742188   2.8492957e-20
  37883.9257812   2.8400632e-20
  38068.2734375   2.7997278e-20
  38252.6250000   2.7671014e-20
  38436.9765625   2.7514205e-20
  38621.3242188   2.7176260e-20
  38805.6757812   2.6978142e-20
  38990.0234375   2.6660829e-20
  39174.3750000   2.6442883e-20
  39358.7265625   2.5919724e-20
  39543.0742188   2.5857873e-20
  39727.4257812   2.5638382e-20
  39911.7773438   2.5091437e-20
  40096.1250000   2.4644429e-20
  40280.4765625   2.3655635e-20
  40464.8242188   2.3624593e-20
  40649.1757812   2.3656882e-20
  40833.5273438   2.3349288e-20
  41017.8750000   2.3295001e-20
  41202.2265625   2.3147024e-20
  41386.5742188   2.3047614e-20
  41570.9257812   2.2712202e-20
  41755.2773438   2.2544943e-20
  41939.6250000   2.2336303e-20
  42123.9765625   2.2092597e-20
  42308.3242188   2.2228560e-20
  42492.6757812   2.2198414e-20
  42677.0273438   2.1932791e-20
  42861.3750000   2.1654554e-20
  43045.7265625   2.1492442e-20
  43230.0742188   2.1476969e-20
  43414.4257812   2.1201718e-20
  43598.7773438   2.0997763e-20
  43783.1250000   2.0688092e-20
  43967.4765625   2.0781433e-20
  44151.8242188   2.0180527e-20
  44336.1757812   2.0473155e-20
  44520.5273438   2.0113546e-20
  44704.8750000   2.0103741e-20
  44889.2265625   2.0063696e-20
  45073.5742188   1.9918831e-20
  45257.9257812   1.9731200e-20
  45442.2773438   1.9494243e-20
  45626.6250000   1.9442515e-20
  45810.9765625   1.9197555e-20
  45995.3242188   1.9039617e-20
  46179.6757812   1.8858695e-20
  46364.0273438   1.8738323e-20
  46548.3750000   1.8715952e-20
  46732.7265625   1.8393829e-20
  46917.0742188   1.8424472e-20
  47101.4257812   1.8238659e-20
  47285.7773438   1.7361098e-20
  47470.1250000   1.7839854e-20
  47654.4765625   1.7793766e-20
  47838.8242188   1.7797595e-20
  48023.1757812   1.7644897e-20
  48207.5273438   1.7610522e-20
  48391.8750000   1.7347150e-20
  48576.2265625   1.7232187e-20
  48760.5742188   1.7178160e-20
  48944.9257812   1.6898604e-20
  49129.2773438   1.6924450e-20
  49313.6250000   1.6701823e-20
  49497.9765625   1.6807859e-20
  49682.3242188   1.6680493e-20
  49866.6757812   1.6606520e-20
  50051.0273438   1.6268749e-20
  50235.3750000   1.6152488e-20
  50419.7265625   1.6196886e-20
  50604.0742188   1.6076691e-20
  50788.4257812   1.6048262e-20
  50972.7773438   1.5996471e-20
  51157.1250000   1.5814365e-20
  51341.4765625   1.5598049e-20
  51525.8242188   1.5438707e-20
  51710.1757812   1.5267709e-20
  51894.5273438   1.5142633e-20
  52078.8750000   1.4821742e-20
  52263.2265625   1.4819269e-20
  52447.5742188   1.4678192e-20
  52631.9257812   1.4556605e-20
  52816.2773438   1.4630888e-20
  53000.6250000   1.4674132e-20
  53184.9765625   1.4278952e-20
  53369.3242188   1.4414800e-20
  53553.6757812   1.4184760e-20
  53719.5898438   1.4304499e-20
  53903.9414062   1.4135568e-20
  54106.7265625   1.4040717e-20
  54291.0742188   1.3836869e-20
  54475.4257812   1.3860650e-20
  54659.7773438   1.3903754e-20
  54844.1250000   1.3830794e-20
  55028.4765625   1.4012811e-20
  55212.8242188   1.3839483e-20
  55397.1757812   1.3681871e-20
  55581.5273438   1.3635801e-20
  55765.8750000   1.3632208e-20
  55950.2265625   1.3732861e-20
  56134.5742188   1.3636518e-20
  56318.9257812   1.3717971e-20
  56503.2773438   1.3563531e-20
  56687.6250000   1.3544423e-20
  56871.9765625   1.3528847e-20
  57056.3242188   1.3513169e-20
  57240.6757812   1.3331434e-20
  57425.0273438   1.2835778e-20
  57609.3750000   1.3063718e-20
  57793.7265625   1.2986265e-20
  57978.0742188   1.3141345e-20
  58162.4257812   1.2384684e-20
  58346.7773438   1.2388438e-20
  58531.1250000   1.2259620e-20
  58715.4765625   1.2635874e-20
  58899.8242188   1.2413926e-20
  59176.3515625   1.2473605e-20
  59545.0507812   1.2503168e-20
  59913.7500000   1.2199090e-20
  60282.4492188   1.2458056e-20
  60651.1523438   1.2017386e-20
  61019.8515625   1.2101279e-20
  61388.5507812   1.1826905e-20
  61757.2500000   1.1899116e-20
  62125.9492188   1.1460536e-20
  62494.6523438   1.1567181e-20
  62863.3515625   1.1327082e-20
  63232.0507812   1.1257997e-20
  63600.7500000   1.0955007e-20
  63969.4492188   1.0674649e-20
  64338.1523438   1.0648193e-20
  64706.8515625   1.0563002e-20
  65075.5507812   1.0329039e-20
  65444.2500000   1.0087002e-20
  65812.9531250   1.0103319e-20
  66181.6484375   9.6762942e-21
  66550.3515625   9.5591237e-21
  66919.0468750   9.3903934e-21
  67287.7500000   9.1587198e-21
  67656.4531250   8.9901059e-21
  68025.1484375   8.9623137e-21
  68393.8515625   8.8558885e-21
  68762.5468750   8.5725146e-21
  69131.2500000   8.3203949e-21
  69499.9531250   8.3237578e-21
  69868.6484375   8.0630044e-21
  70237.3515625   8.2512906e-21
  70606.0468750   7.9828446e-21
  70974.7500000   7.9423491e-21
  71343.4531250   7.7918152e-21
  71712.1484375   7.4318422e-21
  72080.8515625   7.5094041e-21
  72449.5468750   7.3818446e-21
  72818.2500000   7.2190395e-21
  73186.9531250   7.0517979e-21
  73555.6484375   7.0542762e-21
  73924.3515625   6.9777370e-21
  74293.0468750   6.9640215e-21
  74661.7500000   6.7253043e-21
  75030.4531250   6.5852741e-21
  75399.1484375   6.5045041e-21
  75767.8515625   6.3837728e-21
  76136.5468750   6.2593419e-21
  76505.2500000   6.1661646e-21
  76873.9531250   6.2076557e-21
  77242.6484375   6.0037718e-21
  77611.3515625   5.9857633e-21
  77980.0468750   5.8487877e-21
  78348.7500000   5.7989634e-21
  78717.4531250   5.7335507e-21
  79086.1484375   5.6003306e-21
  79454.8515625   5.5424873e-21
  79823.5546875   5.3889880e-21
  80192.2500000   5.3071807e-21
  80560.9531250   5.2491832e-21
  80929.6484375   5.1553737e-21
  81298.3515625   5.0137844e-21
  81667.0546875   4.9951680e-21
  82035.7500000   4.9330346e-21
  82404.4531250   4.8748201e-21
  82773.1484375   4.8481742e-21
  83141.8515625   4.7262176e-21
  83510.5546875   4.6439971e-21
  83879.2500000   4.6334441e-21
  84247.9531250   4.5309953e-21
  84616.6484375   3.9244558e-21
  84985.3515625   4.2147328e-21
  85354.0546875   4.2277658e-21
  85722.7500000   3.6449544e-21
  86091.4531250   3.9768889e-21
  86460.1484375   3.7573318e-21
  86828.8515625   3.3925040e-21
  87197.5546875   3.6439782e-21
  87566.2500000   3.5344018e-21
  87934.9531250   3.1943886e-21
  88303.6484375   3.4635930e-21
  88672.3515625   3.3526604e-21
  89041.0546875   3.0416641e-21
  89409.7500000   3.1592716e-21
  89778.4531250   3.0797721e-21
  90147.1484375   2.9573991e-21
  90515.8515625   2.9401234e-21
  90884.5546875   2.9522215e-21
  91253.2500000   2.8621511e-21
  91621.9531250   2.6153106e-21
  91990.6484375   2.6075461e-21
  92359.3515625   2.6716975e-21
  92728.0546875   2.5465452e-21
  93096.7500000   2.6218196e-21
  93465.4531250   2.6350487e-21
  93834.1484375   2.6197824e-21
  94202.8515625   2.6165629e-21
  94571.5546875   2.6216355e-21
  94940.2500000   2.6505553e-21
  95308.9531250   2.5693502e-21
  95677.6484375   2.5784387e-21
  96046.3515625   2.6017466e-21
  96415.0546875   2.5381597e-21
  96783.7500000   2.5179970e-21
  97152.4531250   2.5500258e-21
  97521.1484375   2.5073149e-21
  97889.8515625   2.4963824e-21
  98258.5546875   2.4821049e-21
  98627.2500000   2.4647242e-21
  98995.9531250   2.4174893e-21
  99364.6484375   2.3928144e-21
  99733.3515625   2.3982642e-21
 100102.0546875   2.3642862e-21
 100470.7500000   2.3988961e-21
 100839.4531250   2.3377400e-21
 101208.1484375   2.3699415e-21
 101576.8515625   2.3108730e-21
 101945.5546875   2.2711603e-21
 102314.2500000   2.2523369e-21
 102682.9531250   2.2639303e-21
 103051.6484375   2.2593514e-21
 103420.3515625   2.2150206e-21
 103789.0546875   2.1711882e-21
 104157.7500000   2.1665779e-21
 104526.4531250   2.1190548e-21
 104895.1484375   2.0365631e-21
 105263.8515625   2.0658313e-21
 105632.5546875   2.0573204e-21
 106001.2500000   2.0083180e-21
 106369.9531250   1.9852369e-21
 106738.6484375   1.9394756e-21
 107107.3515625   1.9483801e-21
 107476.0546875   1.9042376e-21
 107844.7500000   1.8487533e-21
 108213.4531250   1.8362028e-21
 108582.1484375   1.7985393e-21
 108950.8515625   1.7693785e-21
 109319.5546875   1.7495353e-21
 109688.2500000   1.7264534e-21
 110056.9531250   1.6985063e-21
 110425.6484375   1.6790668e-21
 110794.3515625   1.6604405e-21
 111163.0546875   1.6442361e-21
 111531.7500000   1.6215606e-21
 111900.4531250   1.5911830e-21
 112269.1484375   1.5843005e-21
 112637.8515625   1.5701283e-21
 113006.5546875   1.5543343e-21
 113375.2500000   1.5409646e-21
 113743.9531250   1.5186923e-21
 114112.6484375   1.5029007e-21
 114481.3515625   1.4931769e-21
 114850.0546875   1.4700965e-21
 115218.7500000   1.4575411e-21
 115587.4531250   1.4417459e-21
 115956.1484375   1.4263598e-21
 116324.8515625   1.4093477e-21
 116693.5546875   1.3915300e-21
 117062.2500000   1.3805912e-21
 117430.9531250   1.3664216e-21
 117799.6484375   1.3550789e-21
 118352.7031250   1.3315928e-21
 119090.1015625   1.3032429e-21
 119827.5000000   1.2789411e-21
 120564.8984375   1.2526196e-21
 121302.3046875   1.2226498e-21
 122039.7031250   1.2023986e-21
 122777.1015625   1.1841769e-21
 123514.5000000   1.1744553e-21
 124251.8984375   1.1440823e-21
 124989.3046875   1.1290974e-21
 125726.7031250   1.1157338e-21
 126464.1015625   1.1092551e-21
 127201.5000000   1.0873855e-21
 127938.8984375   1.0659189e-21
 128676.3046875   1.0347382e-21
 129413.7031250   1.0246131e-21
 130151.1015625   1.0003138e-21
 130888.5000000   9.6831810e-22
 131625.9062500   9.5819473e-22
 132363.2968750   9.3268098e-22
 133100.7031250   9.2052964e-22
 133838.0937500   8.9177502e-22
 134575.5000000   8.6950263e-22
 135312.9062500   8.5168251e-22
 136050.2968750   8.2495514e-22
 136787.7031250   8.0349015e-22
 137525.0937500   7.8728914e-22
 138262.5000000   7.6218085e-22
 138999.9062500   7.5246233e-22
 139737.2968750   7.3747801e-22
 140474.7031250   7.2330341e-22
 141212.0937500   7.1074843e-22
 141949.5000000   6.9900367e-22
 142686.9062500   6.8401970e-22
 143424.2968750   6.7186912e-22
 144161.7031250   6.5972001e-22
 144899.0937500   6.5040468e-22
 145636.5000000   6.3744717e-22
 146373.9062500   6.2772638e-22
 147111.2968750   6.1436210e-22
 147848.7031250   6.0545314e-22
 148586.0937500   5.9694864e-22
 149323.5000000   5.8641688e-22
 150060.9062500   5.7993706e-22
 150798.2968750   5.7305300e-22
 151535.7031250   5.6697980e-22
 152273.0937500   5.5766458e-22
 153010.5000000   5.4430054e-22
 153747.9062500   5.3741451e-22
 154485.2968750   5.3296044e-22
 155222.7031250   5.2202614e-22
 155960.0937500   5.1878527e-22
 156697.5000000   5.0987657e-22
 157434.9062500   5.0380202e-22
 158172.2968750   4.7909615e-22
 158909.7031250   4.5601219e-22
 159647.1093750   4.5601219e-22
 160384.5000000   4.3211942e-22
 161121.9062500   4.1996922e-22
 161859.2968750   4.1065456e-22
 162596.7031250   3.9481920e-22
 163334.1093750   3.9194434e-22
 164071.5000000   3.8230646e-22
 164808.9062500   3.6934586e-22
 165546.2968750   3.7157323e-22
 166283.7031250   3.6197495e-22
 167021.1093750   3.4865160e-22
 167758.5000000   3.4379199e-22
 168495.9062500   3.3609753e-22
 169233.2968750   3.2500019e-22
 169970.7031250   3.2718709e-22
 170708.1093750   3.2026203e-22
 171445.5000000   3.1556385e-22
 172182.9062500   3.1220302e-22
 172920.2968750   3.0551995e-22
 173657.7031250   3.0021549e-22
 174395.1093750   3.0272579e-22
 175132.5000000   2.9600371e-22
 175869.9062500   2.9167033e-22
 176607.2968750   2.8721494e-22
 177344.7031250   2.8077561e-22
 178082.1093750   2.8146454e-22
 178819.5000000   2.7571421e-22
 179556.9062500   2.7065131e-22
 180294.2968750   2.6801942e-22
 181031.7031250   2.6319954e-22
 181769.1093750   2.6012207e-22
 182506.5000000   2.5420867e-22
 183243.9062500   2.5206305e-22
 183981.2968750   2.4849843e-22
 184718.7031250   2.4651467e-22
 185456.1093750   2.4282898e-22
 186193.5000000   2.3707848e-22
 186930.9062500   2.3481019e-22
 187668.2968750   2.3246151e-22
 188405.7031250   2.2901912e-22
 189143.1093750   2.2594107e-22
 189880.5000000   2.2314636e-22
 190617.9062500   2.2261973e-22
 191355.2968750   2.1869211e-22
 192092.7031250   2.1541110e-22
 192830.1093750   2.1221189e-22
 193567.5000000   2.1051132e-22
 194304.9062500   2.0994442e-22
 195042.2968750   2.0516540e-22
 195779.7031250   2.0196573e-22
 196517.1093750   2.0022412e-22
 197254.5000000   1.9730853e-22
 197991.9062500   1.9504092e-22
 198729.2968750   1.9285357e-22
 199466.7031250   1.9078875e-22
 200204.1093750   1.8795358e-22
 200941.5000000   1.8694100e-22
 201678.9062500   1.8370095e-22
 202416.2968750   1.8228410e-22
 203153.7031250   1.7932704e-22
 203891.1093750   1.7993449e-22
 204628.5000000   1.7507496e-22
 205365.9062500   1.7511572e-22
 206103.2968750   1.7167301e-22
 206840.7031250   1.7078187e-22
 207578.1093750   1.6725901e-22
 208315.5000000   1.6656992e-22
 209052.9062500   1.6418116e-22
 209790.2968750   1.6114368e-22
 210527.7031250   1.6017139e-22
 211265.1093750   1.5838970e-22
 212002.5000000   1.5616215e-22
 212739.9062500   1.5397536e-22
 213477.2968750   1.5336796e-22
 214214.7031250   1.5126216e-22
 214952.1093750   1.4988470e-22
 215689.5000000   1.4814324e-22
 216426.9062500   1.4607774e-22
 217164.2968750   1.4429620e-22
 217901.7031250   1.4210948e-22
 218639.1093750   1.4077270e-22
 219376.5000000   1.3878802e-22
 220113.9062500   1.3785674e-22
 220851.2968750   1.3607504e-22
 221588.7031250   1.3425265e-22
 222326.1093750   1.3283509e-22
 223063.5000000   1.3125541e-22
 223800.9062500   1.3008127e-22
 224538.2968750   1.2846097e-22
 225275.7031250   1.2667936e-22
 226013.1093750   1.2534285e-22
 226750.5000000   1.2396601e-22
 227487.9062500   1.2262959e-22
 228225.2968750   1.2080675e-22
 228962.7031250   1.1951123e-22
 229700.1093750   1.1793139e-22
 230437.5000000   1.1655453e-22
 231174.9062500   1.1505622e-22
 231912.2968750   1.1351734e-22
 232649.7031250   1.1209991e-22
 233387.1093750   1.1120892e-22
 234124.5000000   1.1003418e-22
 234861.9062500   1.0922436e-22
 235599.2968750   1.0760457e-22
 236705.4062500   1.0545806e-22
 238180.2031250   1.0286621e-22
 239655.0000000   1.0071952e-22
 241129.7968750   9.8451886e-23
 242604.6093750   9.6022106e-23
 244079.4062500   9.3672853e-23
 245554.2031250   9.1890993e-23
 247029.0000000   9.0068623e-23
 248503.7968750   8.8003290e-23
 249978.6093750   8.5937743e-23
 251453.4062500   8.4196456e-23
 252928.2031250   8.2495520e-23
 254403.0000000   8.0349011e-23
 255877.7968750   7.8607648e-23
 257352.6093750   7.6947260e-23
 258827.4062500   7.5367613e-23
 260302.2031250   7.3788307e-23
 261777.0000000   7.2249385e-23
 263251.8125000   7.0791362e-23
 264726.5937500   6.9414257e-23
 266201.4062500   6.8118366e-23
 267676.1875000   6.6822602e-23
 269151.0000000   6.5445630e-23
 270625.8125000   6.4028104e-23
 272100.5937500   6.2691641e-23
 273575.4062500   6.1395744e-23
 275050.1875000   6.0221250e-23
 276525.0000000   5.9046914e-23
 277999.8125000   5.8034225e-23
 279474.5937500   5.6697977e-23
 280949.4062500   5.5604319e-23
 282424.1875000   5.4349083e-23
 283899.0000000   5.3417426e-23
 285373.8125000   5.2486065e-23
 286848.5937500   5.1514129e-23
 288323.4062500   5.0461028e-23
 289798.1875000   4.9408182e-23
 291273.0000000   4.8476632e-23
 292747.8125000   4.7707206e-23
 294222.5937500   4.6816156e-23
 295697.4062500   4.5965761e-23
 297172.1875000   4.5034394e-23
 298647.0000000   4.4224325e-23
 300121.8125000   4.3373939e-23
 301596.5937500   4.2563823e-23
 303071.4062500   4.1713472e-23
 304546.1875000   4.0943897e-23
 306021.0000000   4.0223128e-23
 307495.8125000   3.9502210e-23
 308970.5937500   3.8866347e-23
 310445.4062500   3.8177962e-23
 311920.1875000   3.7489419e-23
 313395.0000000   3.6821212e-23
 314869.8125000   3.6233918e-23
 316344.5937500   3.5634542e-23
 317819.4062500   3.5035231e-23
 319294.2187500   3.4444037e-23
 320769.0000000   3.3856717e-23
 322243.8125000   3.3334267e-23
 323718.5937500   3.2844252e-23
 325193.4062500   3.2394709e-23
 326668.2187500   3.1876336e-23
 328143.0000000   3.1394373e-23
 329617.8125000   3.0843609e-23
 331092.5937500   3.0305035e-23
 332567.4062500   2.9855485e-23
 334042.2187500   2.9292583e-23
 335517.0000000   2.8766056e-23
 336991.8125000   2.8259787e-23
 338466.5937500   2.7802207e-23
 339941.4062500   2.7421559e-23
 341416.2187500   2.7113790e-23
 342891.0000000   2.6733054e-23
 344365.8125000   2.6230867e-23
 345840.5937500   2.5777253e-23
 347315.4062500   2.5335825e-23
 348790.2187500   2.4947054e-23
 350265.0000000   2.4671719e-23
 351739.8125000   2.4311283e-23
 353214.5937500   2.3902200e-23
 354689.4062500   2.3562007e-23
 356164.2187500   2.3140824e-23
 357639.0000000   2.2727767e-23
 359113.8125000   2.2464491e-23
 360588.5937500   2.2189154e-23
 362063.4062500   2.1857018e-23
 363538.2187500   2.1585715e-23
 365013.0000000   2.1298126e-23
 366487.8125000   2.0921543e-23
 367962.5937500   2.0532765e-23
 369437.4062500   2.0176361e-23
 737400.0000000   1.1886319e-24
1474800.0000000   7.6056243e-26
2212200.0000000   1.5085681e-26
2949600.0000000   4.7707207e-27
3687000.0000000   1.9520288e-27
4424400.0000000   9.3956329e-28
5161800.0000000   5.0623064e-28
5899200.0000000   2.9612463e-28
