    313.8589783   8.0477365e-24
    324.2059937   9.2058395e-24
    331.1040039   9.8458558e-24
    338.0019836   5.5202454e-23
    344.8999939   1.5278740e-22
    351.7979736   1.6581045e-22
    358.6959839   1.5743986e-22
    365.5939941   1.6004091e-22
    372.4919739   1.6331203e-22
    379.3899841   1.8657554e-22
    393.1859741   1.9356416e-22
    406.9819946   1.8797706e-22
    417.3289795   2.3812033e-22
    431.1250000   2.4726329e-22
    438.0229797   2.5254553e-22
    441.4719849   2.5660961e-22
    451.8189697   2.4726329e-22
    455.2679749   2.5599953e-22
    462.1659851   2.4441940e-22
    472.5129700   2.7184785e-22
    482.8599854   2.7245744e-22
    493.2069702   3.4417789e-22
    507.0029907   4.2829240e-22
    520.7990112   3.8339004e-22
    534.5949707   4.3276218e-22
    548.3909912   4.3438645e-22
    558.7379761   4.3499734e-22
    572.5339966   4.3763792e-22
    586.3299561   4.3743420e-22
    596.6770020   3.5961940e-22
    610.4729614   4.4068532e-22
    620.8200073   4.4129535e-22
    627.7179565   4.4129535e-22
    641.5139771   4.4210820e-22
    658.7589722   4.4251421e-22
    669.1059570   4.4515540e-22
    682.9019775   4.4393709e-22
    696.6979980   4.4556227e-22
    707.0449829   4.4515540e-22
    724.2899780   4.3154372e-22
    744.9839478   4.4474897e-22
    758.7799683   4.4637506e-22
    769.1269531   4.4088858e-22
    782.9229736   4.4738975e-22
    793.2699585   5.6035645e-22
    807.0659790   8.3768763e-22
    827.7599487   9.1286196e-22
    848.4539795   8.5191232e-22
    869.1479492   8.7994953e-22
    886.3929443   8.1147791e-22
    896.7399902   8.5150459e-22
    910.5359497   1.0715439e-21
    927.7809448   1.0653686e-21
    945.0259399   1.0489978e-21
    962.2709961   8.7817359e-22
    979.5159912   1.0115814e-21
   1000.2099609   1.0142506e-21
   1020.9039917   9.0222009e-22
   1038.1489258   8.0054347e-22
   1062.2919922   8.2953816e-22
   1096.7819824   7.7350611e-22
   1131.2719727   7.5844576e-22
   1165.7619629   6.8082609e-22
   1200.2519531   6.1240476e-22
   1231.2929688   7.8412294e-22
   1262.3339844   1.1429394e-21
   1293.3750000   1.0773954e-21
   1327.8649902   8.1612061e-22
   1362.3549805   1.1612607e-21
   1396.8449707   1.3776683e-21
   1427.8859863   1.3166675e-21
   1455.4779053   1.1559636e-21
   1483.0699463   1.0688226e-21
   1521.0089111   1.1981469e-21
   1555.4989014   1.1775410e-21
   1586.5399170   1.0040702e-21
   1621.0299072   9.8927540e-22
   1655.5198975   1.0801006e-21
   1690.0098877   8.8678144e-22
   1724.5000000   1.0669841e-21
   1745.1939697   9.0451715e-22
   1765.8879395   1.4044135e-21
   1793.4799805   1.3111048e-21
   1827.9699707   1.1840127e-21
   1862.4599609   9.5489873e-22
   1896.9499512   9.1010385e-22
   1931.4399414   1.1794922e-21
   1965.9299316   1.3053306e-21
   2000.4199219   1.2627189e-21
   2034.9099121   1.2746201e-21
   2069.3999023   1.0619493e-21
   2103.8898926   1.0267819e-21
   2138.3798828   1.3044366e-21
   2172.8698730   1.2292153e-21
   2207.3598633   1.3631575e-21
   2241.8498535   1.3202112e-21
   2269.4418945   1.2196595e-21
   2293.5849609   1.3923152e-21
   2328.0749512   1.4871652e-21
   2362.5649414   1.2960365e-21
   2397.0549316   1.5389386e-21
   2431.5449219   1.2717739e-21
   2469.4838867   1.6840402e-21
   2503.9738770   1.7586750e-21
   2535.0148926   1.8243901e-21
   2569.5048828   1.8320742e-21
   2603.9948730   1.8986713e-21
   2638.4848633   1.7837225e-21
   2672.9748535   2.0965365e-21
   2707.4648438   2.0278827e-21
   2741.9548340   2.3173311e-21
   2776.4448242   2.6176137e-21
   2810.9348145   3.0153878e-21
   2845.4248047   3.5264390e-21
   2879.9147949   3.2385242e-21
   2914.4047852   4.6388693e-21
   2948.8950195   5.3139314e-21
   2983.3850098   6.4529026e-21
   3017.8750000   7.6294253e-21
   3052.3649902   9.0309229e-21
   3086.8549805   1.0757263e-20
   3121.3449707   1.2592188e-20
   3155.8349609   1.4443596e-20
   3190.3249512   4.1217308e-20
   3224.8149414   7.1389390e-20
   3259.3049316   9.9280957e-20
   3293.7949219   1.2356129e-19
   3328.2849121   1.3857998e-19
   3362.7749023   7.2790330e-20
   3397.2648926   1.3065178e-19
   3431.7548828   1.2979335e-19
   3466.2448730   1.6141528e-19
   3500.7348633   1.7790204e-19
   3535.2248535   1.4824571e-19
   3569.7148438   2.0949903e-19
   3604.2048340   2.6736863e-19
   3638.6948242   2.6648823e-19
   3673.1848145   2.4079044e-19
   3707.6748047   2.6510844e-19
   3742.1647949   2.5051074e-19
   3776.6547852   2.8694567e-19
   3811.1447754   2.8318482e-19
   3845.6347656   2.8777228e-19
   3880.1247559   2.6055135e-19
   3914.6147461   3.0771010e-19
   3949.1049805   3.0678712e-19
   3983.5949707   3.1000387e-19
   4018.0849609   3.0838521e-19
   4052.5749512   2.1869640e-19
   4087.0649414   3.0673460e-19
   4121.5546875   2.9404906e-19
   4156.0449219   2.7315355e-19
   4190.5346680   2.3735500e-19
   4225.0249023   3.9205874e-19
   4259.5146484   4.3781289e-19
   4294.0048828   4.4804843e-19
   4328.4946289   4.5104153e-19
   4362.9848633   4.6626848e-19
   4397.4746094   5.2597158e-19
   4431.9648438   5.4273093e-19
   4466.4550781   5.0409514e-19
   4500.9448242   5.1754825e-19
   4535.4350586   5.7313215e-19
   4569.9248047   5.6408486e-19
   4604.4150391   5.5733021e-19
   4638.9047852   5.8923720e-19
   4673.3950195   5.8947532e-19
   4707.8847656   5.7300130e-19
   4742.3750000   5.7032242e-19
   4776.8647461   5.6947141e-19
   4811.3549805   4.1915558e-19
   4845.8447266   3.9933307e-19
   4880.3349609   5.6960401e-19
   4914.8247070   5.5098304e-19
   4949.3149414   5.9099175e-19
   4973.4580078   5.9651215e-19
   4990.7026367   5.9939818e-19
   5018.2949219   5.8802993e-19
   5052.7846680   5.7632765e-19
   5087.2749023   5.9629207e-19
   5121.7646484   6.1230256e-19
   5156.2548828   6.1204174e-19
   5190.7446289   5.9281925e-19
   5214.8876953   5.6252376e-19
   5232.1328125   5.7602904e-19
   5259.7246094   5.7618093e-19
   5294.2148438   5.0533865e-19
   5328.7045898   4.2880053e-19
   5363.1948242   4.3837083e-19
   5397.6850586   5.0432323e-19
   5432.1748047   5.3553772e-19
   5466.6650391   5.4361834e-19
   5501.1547852   5.4751912e-19
   5535.6450195   5.3722439e-19
   5570.1347656   5.2847230e-19
   5604.6250000   5.3357503e-19
   5639.1147461   5.5801351e-19
   5673.6049805   5.6297856e-19
   5708.0947266   5.6919141e-19
   5742.5849609   5.8052688e-19
   5766.7280273   5.4507909e-19
   5783.9726562   6.1739804e-19
   5811.5649414   6.0383709e-19
   5846.0546875   5.8559192e-19
   5880.5449219   5.7929164e-19
   5915.0346680   5.5560481e-19
   5949.5249023   5.4620292e-19
   5984.0146484   5.7177707e-19
   6018.5048828   5.6686884e-19
   6052.9946289   5.7206338e-19
   6087.4848633   5.6564776e-19
   6121.9746094   5.5177243e-19
   6156.4648438   5.6846442e-19
   6190.9545898   5.7615808e-19
   6225.4448242   5.8362007e-19
   6259.9345703   5.5253876e-19
   6294.4248047   5.6214104e-19
   6328.9145508   5.5844261e-19
   6363.4047852   5.3003195e-19
   6397.8950195   5.3448508e-19
   6432.3847656   5.3986392e-19
   6466.8750000   5.4899755e-19
   6501.3647461   5.1290285e-19
   6535.8549805   4.9577608e-19
   6570.3447266   5.2120242e-19
   6604.8349609   5.0056313e-19
   6639.3247070   4.7807762e-19
   6673.8149414   5.0600267e-19
   6708.3046875   5.1430585e-19
   6742.7949219   4.7407577e-19
   6784.1826172   5.0534532e-19
   6815.2236328   5.1880447e-19
   6842.8159180   4.9820106e-19
   6880.7548828   4.9017942e-19
   6915.2446289   5.0455582e-19
   6949.7348633   5.0071703e-19
   6984.2246094   5.1072695e-19
   7018.7148438   4.8362107e-19
   7053.2045898   4.8844736e-19
   7087.6948242   4.2162034e-19
   7122.1845703   4.5025974e-19
   7153.2255859   5.0306891e-19
   7167.0219727   4.7396126e-19
   7191.1645508   4.8698868e-19
   7225.6547852   4.6801853e-19
   7260.1445312   4.7717144e-19
   7294.6347656   4.8368270e-19
   7329.1245117   4.8320712e-19
   7363.6147461   4.7677346e-19
   7398.1049805   4.6578142e-19
   7432.5947266   4.7827294e-19
   7467.0849609   4.6981636e-19
   7501.5747070   4.7230932e-19
   7536.0649414   4.6216861e-19
   7570.5546875   4.7269944e-19
   7605.0449219   4.7061557e-19
   7639.5346680   4.6184596e-19
   7674.0249023   4.5917225e-19
   7708.5146484   4.6079849e-19
   7743.0048828   4.6049703e-19
   7777.4946289   4.5244024e-19
   7811.9848633   4.6063662e-19
   7846.4746094   4.6219901e-19
   7880.9648438   4.6161274e-19
   7915.4545898   4.3826107e-19
   7949.9448242   4.5093058e-19
   7984.4345703   4.4543511e-19
   8018.9248047   4.0934087e-19
   8053.4145508   4.3735164e-19
   8087.9047852   4.3799751e-19
   8122.3945312   4.3716728e-19
   8156.8847656   4.3103229e-19
   8191.3745117   4.2554741e-19
   8225.8642578   4.1375099e-19
   8260.3544922   4.1876918e-19
   8294.8447266   4.1332416e-19
   8329.3349609   4.1218937e-19
   8363.8251953   4.1374189e-19
   8398.3144531   4.0461330e-19
   8432.8046875   4.0669956e-19
   8467.2949219   4.0349356e-19
   8501.7851562   3.9954183e-19
   8536.2744141   3.9468473e-19
   8570.7646484   3.8895625e-19
   8605.2548828   3.2165107e-19
   8639.7451172   3.7974523e-19
   8667.3369141   3.6460981e-19
   8684.5820312   3.7874421e-19
   8708.7246094   3.7833029e-19
   8743.2148438   3.7843164e-19
   8777.7050781   3.7146787e-19
   8812.1943359   3.7411691e-19
   8846.6845703   3.7170775e-19
   8881.1748047   3.7352752e-19
   8915.6650391   3.7063515e-19
   8950.1542969   3.6685695e-19
   8984.6445312   3.6496069e-19
   9019.1347656   3.6049705e-19
   9053.6250000   3.6159272e-19
   9088.1142578   3.6101194e-19
   9122.6044922   3.6160384e-19
   9157.0947266   3.6067122e-19
   9191.5849609   3.5081645e-19
   9226.0742188   3.5096131e-19
   9260.5644531   3.5193834e-19
   9295.0546875   3.4419301e-19
   9329.5449219   3.4269524e-19
   9364.0351562   3.4061555e-19
   9398.5244141   3.4089840e-19
   9433.0146484   3.3768576e-19
   9467.5048828   3.3303457e-19
   9501.9951172   3.3172370e-19
   9536.4843750   3.3020766e-19
   9570.9746094   3.3257270e-19
   9605.4648438   3.2803085e-19
   9639.9550781   3.1394847e-19
   9674.4443359   3.1821147e-19
   9708.9345703   3.2180934e-19
   9743.4248047   3.1860022e-19
   9777.9150391   3.0952905e-19
   9812.4042969   3.0974802e-19
   9846.8945312   3.0615723e-19
   9881.3847656   3.0625406e-19
   9915.8750000   3.0315345e-19
   9950.3642578   3.0139313e-19
   9984.8544922   2.9796462e-19
  10036.5898438   2.9655076e-19
  10105.5693359   2.9430228e-19
  10174.5498047   2.8942127e-19
  10243.5292969   2.8775840e-19
  10312.5097656   2.8446876e-19
  10381.4892578   2.8008274e-19
  10450.4697266   2.7900236e-19
  10519.4492188   2.7720208e-19
  10588.4296875   2.7480201e-19
  10657.4091797   2.6996329e-19
  10726.3896484   2.6853245e-19
  10795.3701172   2.6375316e-19
  10864.3496094   2.6157865e-19
  10933.3300781   2.5661976e-19
  11002.3095703   2.5193070e-19
  11071.2900391   2.4822514e-19
  11140.2695312   2.4481367e-19
  11209.2500000   2.4192146e-19
  11278.2294922   2.3665035e-19
  11347.2099609   2.3327602e-19
  11416.1894531   2.2940308e-19
  11485.1699219   2.2481709e-19
  11554.1494141   2.2025889e-19
  11623.1298828   2.1668199e-19
  11692.1093750   2.1364025e-19
  11761.0898438   2.1010901e-19
  11830.0693359   2.0530910e-19
  11899.0498047   2.0151958e-19
  11968.0292969   1.9898322e-19
  12037.0097656   1.9554132e-19
  12105.9892578   1.9277940e-19
  12174.9697266   1.8993552e-19
  12243.9492188   1.8685680e-19
  12312.9296875   1.8381428e-19
  12381.9091797   1.7973897e-19
  12450.8896484   1.7696307e-19
  12519.8691406   1.7467361e-19
  12554.3593750   1.7311869e-19
  12588.8496094   1.7298492e-19
  12657.8291016   1.6948136e-19
  12726.8095703   1.6468772e-19
  12795.7900391   1.6732545e-19
  12864.7695312   1.6574637e-19
  12933.7500000   1.7686437e-19
  13002.7294922   1.7563054e-19
  13071.7099609   1.8264665e-19
  13140.6894531   1.9021266e-19
  13209.6699219   1.7125238e-19
  13278.6494141   1.9093328e-19
  13347.6298828   1.9059732e-19
  13416.6093750   1.6341248e-19
  13485.5898438   1.8960049e-19
  13554.5693359   1.8328466e-19
  13623.5498047   1.8344090e-19
  13692.5292969   1.5311319e-19
  13761.5097656   1.8066572e-19
  13830.4892578   1.8082051e-19
  13899.4697266   1.7631761e-19
  13968.4492188   1.7732870e-19
  14037.4296875   1.7211572e-19
  14106.4091797   1.6415912e-19
  14175.3896484   1.4853963e-19
  14244.3691406   1.6617277e-19
  14313.3496094   1.6633047e-19
  14382.3291016   1.6544310e-19
  14451.3095703   1.6426009e-19
  14520.2890625   1.6293019e-19
  14589.2695312   1.6103363e-19
  14658.2490234   1.5858142e-19
  14727.2294922   1.5515069e-19
  14796.2099609   1.5448910e-19
  14865.1894531   1.5057908e-19
  14934.1699219   1.4216343e-19
  15003.1494141   1.3183859e-19
  15072.1298828   1.4713590e-19
  15141.1093750   1.4540147e-19
  15210.0898438   1.4486479e-19
  15279.0693359   1.4404702e-19
  15348.0498047   1.4278730e-19
  15417.0292969   1.3943285e-19
  15486.0097656   1.3993712e-19
  15554.9892578   1.3952902e-19
  15623.9697266   1.3717274e-19
  15692.9492188   1.3516874e-19
  15761.9296875   1.3536181e-19
  15830.9091797   1.3290830e-19
  15899.8896484   1.3182759e-19
  15968.8691406   1.2952855e-19
  16037.8496094   1.2699823e-19
  16106.8291016   1.2758074e-19
  16175.8095703   1.2567438e-19
  16244.7890625   1.2326969e-19
  16313.7695312   1.2406101e-19
  16382.7490234   1.2306306e-19
  16451.7285156   1.2263574e-19
  16520.7089844   1.2097369e-19
  16589.6894531   1.1910431e-19
  16658.6699219   1.1770652e-19
  16727.6503906   1.1122427e-19
  16796.6289062   1.0043613e-19
  16865.6093750   1.1378408e-19
  16934.5898438   1.1307819e-19
  17003.5703125   1.1045562e-19
  17072.5488281   1.1092231e-19
  17141.5292969   1.1000878e-19
  17210.5097656   1.0797686e-19
  17279.4902344   1.0444193e-19
  17348.4687500   1.0551431e-19
  17417.4492188   1.0391440e-19
  17486.4296875   1.0424030e-19
  17555.4101562   1.0254704e-19
  17624.3886719   1.0158509e-19
  17693.3691406   9.9840209e-20
  17762.3496094   9.8525606e-20
  17831.3300781   9.7111805e-20
  17900.3085938   9.6533070e-20
  17969.2890625   9.5687187e-20
  18038.2695312   9.5221019e-20
  18107.2500000   9.4765443e-20
  18176.2285156   9.2585499e-20
  18245.2089844   9.3313347e-20
  18314.1894531   9.2564354e-20
  18383.1699219   9.0856232e-20
  18452.1484375   9.0860620e-20
  18521.1289062   9.0109153e-20
  18590.1093750   8.8788430e-20
  18659.0898438   8.7506668e-20
  18728.0703125   8.7022244e-20
  18797.0488281   8.6644319e-20
  18866.0292969   8.5313289e-20
  18935.0097656   8.4562377e-20
  19003.9902344   8.3758092e-20
  19072.9687500   8.3316740e-20
  19141.9492188   8.2886076e-20
  19210.9296875   8.2006208e-20
  19279.9101562   8.0863897e-20
  19348.8886719   8.0630904e-20
  19417.8691406   7.9575518e-20
  19486.8496094   7.8804482e-20
  19555.8300781   7.7819808e-20
  19624.8085938   7.7330569e-20
  19693.7890625   7.6531183e-20
  19762.7695312   7.6927131e-20
  19831.7500000   7.5504251e-20
  19900.7285156   7.5278438e-20
  19969.7089844   7.4106058e-20
  20038.6894531   7.4037751e-20
  20107.6699219   7.3821508e-20
  20176.6484375   7.2865170e-20
  20245.6289062   7.1133688e-20
  20314.6093750   7.0134822e-20
  20383.5898438   7.0679656e-20
  20452.5683594   7.0153304e-20
  20521.5488281   6.9408596e-20
  20590.5292969   6.9406160e-20
  20659.5097656   6.8357353e-20
  20728.4902344   6.7836378e-20
  20797.4687500   6.7661125e-20
  20866.4492188   6.7368465e-20
  20935.4296875   6.6989926e-20
  21004.4101562   6.5891340e-20
  21073.3886719   6.5424203e-20
  21142.3691406   6.4250479e-20
  21211.3496094   6.3643296e-20
  21280.3300781   6.2831508e-20
  21349.3085938   6.2892519e-20
  21418.2890625   6.2227078e-20
  21487.2695312   6.1171396e-20
  21556.2500000   6.0094019e-20
  21625.2285156   6.0588524e-20
  21694.2089844   6.0557402e-20
  21763.1894531   5.9676370e-20
  21832.1699219   5.9710711e-20
  21901.1484375   5.8960995e-20
  21970.1289062   5.8583626e-20
  22039.1093750   5.8546073e-20
  22108.0898438   5.7977774e-20
  22177.0683594   5.7732076e-20
  22246.0488281   5.7297108e-20
  22315.0292969   5.6962901e-20
  22384.0097656   5.6042533e-20
  22452.9882812   5.6083401e-20
  22521.9687500   5.5486112e-20
  22590.9492188   5.3780983e-20
  22659.9296875   4.8629402e-20
  22728.9101562   5.4061371e-20
  22797.8886719   5.4253070e-20
  22866.8691406   5.3802716e-20
  22935.8496094   5.3315574e-20
  23004.8300781   5.2357237e-20
  23073.8085938   5.2284167e-20
  23142.7890625   5.1617495e-20
  23211.7695312   5.1612280e-20
  23280.7500000   5.1029648e-20
  23349.7285156   5.0882842e-20
  23418.7089844   5.0261623e-20
  23487.6894531   5.0182876e-20
  23556.6699219   5.0015437e-20
  23625.6484375   4.9460169e-20
  23694.6289062   4.9431506e-20
  23763.6093750   4.9402638e-20
  23832.5898438   4.9054980e-20
  23901.5683594   4.8564950e-20
  23970.5488281   4.8037593e-20
  24039.5292969   4.8005117e-20
  24108.5097656   4.7581749e-20
  24177.4882812   4.7050398e-20
  24246.4687500   4.6944306e-20
  24315.4492188   4.6659627e-20
  24384.4296875   4.5518069e-20
  24453.4082031   4.5105341e-20
  24522.3886719   4.4084016e-20
  24591.3691406   4.3542742e-20
  24660.3496094   4.3555557e-20
  24729.3300781   4.3460018e-20
  24798.3085938   4.3094898e-20
  24867.2890625   4.3375545e-20
  24936.2695312   4.3224930e-20
  25005.2500000   4.3307400e-20
  25074.2285156   4.3083547e-20
  25143.2089844   4.2516072e-20
  25212.1894531   4.2796144e-20
  25281.1699219   4.2642485e-20
  25350.1484375   4.2506178e-20
  25419.1289062   4.2713898e-20
  25488.1093750   4.2213915e-20
  25557.0898438   4.1949075e-20
  25626.0683594   4.1846583e-20
  25695.0488281   4.1689376e-20
  25764.0292969   4.1422006e-20
  25833.0097656   4.1135750e-20
  25901.9882812   4.1177326e-20
  25970.9687500   4.1182027e-20
  26039.9492188   4.1076716e-20
  26108.9296875   4.0733055e-20
  26177.9082031   4.0296763e-20
  26246.8886719   4.0042718e-20
  26315.8691406   3.9788182e-20
  26384.8496094   3.9477486e-20
  26453.8281250   3.8779978e-20
  26522.8085938   3.8909290e-20
  26591.7890625   3.8448773e-20
  26660.7695312   3.8263979e-20
  26729.7500000   3.8041794e-20
  26798.7285156   3.7911203e-20
  26867.7089844   3.8002387e-20
  26936.6894531   3.7797152e-20
  27005.6699219   3.7572563e-20
  27074.6484375   3.7087938e-20
  27143.6289062   3.6917791e-20
  27212.6093750   3.6096440e-20
  27281.5898438   3.5664202e-20
  27350.5683594   3.5640715e-20
  27419.5488281   3.5262839e-20
  27488.5292969   3.5630230e-20
  27557.5097656   3.5419292e-20
  27626.4882812   3.5450883e-20
  27695.4687500   3.5295222e-20
  27764.4492188   3.5045455e-20
  27833.4296875   3.4720215e-20
  27902.4082031   3.4206519e-20
  27971.3886719   3.3917207e-20
  28040.3691406   3.4115601e-20
  28109.3496094   3.3956853e-20
  28178.3281250   3.3910654e-20
  28247.3085938   3.3525197e-20
  28316.2890625   3.3139023e-20
  28385.2695312   3.3166834e-20
  28454.2500000   3.3157076e-20
  28523.2285156   3.3071418e-20
  28592.2089844   3.2796312e-20
  28661.1894531   3.2066235e-20
  28730.1699219   3.1979181e-20
  28799.1484375   3.1815696e-20
  28868.1289062   3.1765855e-20
  28937.1093750   3.1468836e-20
  29006.0898438   3.1760553e-20
  29075.0683594   3.1481832e-20
  29144.0488281   3.1278552e-20
  29213.0292969   3.0903464e-20
  29282.0097656   3.1595411e-20
  29350.9882812   3.0017518e-20
  29419.9687500   3.1435409e-20
  29488.9492188   2.9051901e-20
  29557.9296875   3.1809828e-20
  29626.9082031   3.0552055e-20
  29695.8886719   3.0422446e-20
  29764.8691406   3.1711352e-20
  29833.8496094   3.1083412e-20
  29902.8281250   2.8207641e-20
  29971.8085938   3.0765878e-20
  30040.7890625   3.1289131e-20
  30109.7695312   3.0889351e-20
  30178.7480469   2.8736183e-20
  30247.7285156   3.0492537e-20
  30316.7089844   3.0901018e-20
  30385.6894531   3.0499235e-20
  30454.6699219   3.0425251e-20
  30523.6484375   2.9771090e-20
  30592.6289062   2.7993763e-20
  30661.6093750   3.0046932e-20
  30730.5898438   3.0320670e-20
  30799.5683594   2.9858031e-20
  30868.5488281   2.9801960e-20
  30937.5292969   2.9687396e-20
  31006.5097656   2.9300744e-20
  31075.4882812   2.7221587e-20
  31144.4687500   2.8388965e-20
  31213.4492188   2.9499329e-20
  31282.4296875   2.9110912e-20
  31351.4082031   2.8507407e-20
  31420.3886719   2.8546746e-20
  31489.3691406   2.8761939e-20
  31558.3496094   2.8527821e-20
  31627.3281250   2.8195627e-20
  31696.3085938   2.8019225e-20
  31765.2890625   2.7039877e-20
  31834.2695312   2.5177365e-20
  31903.2480469   2.6684541e-20
  31972.2285156   2.7075408e-20
  32041.2089844   2.7152449e-20
  32110.1894531   2.7190399e-20
  32179.1679688   2.6992298e-20
  32248.1484375   2.6892194e-20
  32317.1289062   2.6614785e-20
  32386.1093750   2.6652099e-20
  32455.0898438   2.6117688e-20
  32524.0683594   2.6470124e-20
  32593.0488281   2.6092579e-20
  32662.0292969   2.6208347e-20
  32731.0097656   2.6146265e-20
  32799.9882812   2.5767681e-20
  32868.9687500   2.5408190e-20
  32937.9492188   2.3582965e-20
  33006.9296875   2.5163327e-20
  33075.9101562   2.5635277e-20
  33144.8906250   2.5354018e-20
  33213.8671875   2.5231051e-20
  33282.8476562   2.5087960e-20
  33351.8281250   2.4904846e-20
  33420.8085938   2.5039744e-20
  33489.7890625   2.4836471e-20
  33558.7695312   2.4752188e-20
  33627.7500000   2.4568179e-20
  33696.7304688   2.4543484e-20
  33765.7070312   2.4259282e-20
  33834.6875000   2.4513536e-20
  33903.6679688   2.4308767e-20
  33972.6484375   2.4343383e-20
  34041.6289062   2.4178126e-20
  34110.6093750   2.4032558e-20
  34179.5898438   2.3906864e-20
  34248.5703125   2.3901093e-20
  34317.5468750   2.3815066e-20
  34386.5273438   2.3748953e-20
  34455.5078125   2.3602342e-20
  34576.2226562   2.2987913e-20
  34748.6718750   2.2421954e-20
  34921.1250000   2.2841988e-20
  35093.5742188   2.2617186e-20
  35266.0234375   2.2472428e-20
  35438.4726562   2.2325755e-20
  35610.9218750   2.1914827e-20
  35783.3750000   2.1685335e-20
  35955.8242188   2.1555629e-20
  36128.2734375   2.1284047e-20
  36300.7226562   2.1112373e-20
  36473.1718750   2.0837861e-20
  36645.6250000   2.0643115e-20
  36818.0742188   2.0234524e-20
  36990.5234375   2.0111287e-20
  37162.9726562   1.9880414e-20
  37335.4218750   1.9458442e-20
  37507.8750000   1.9179557e-20
  37680.3242188   1.8293324e-20
  37852.7734375   1.8366660e-20
  38025.2226562   1.8272286e-20
  38197.6718750   1.8080065e-20
  38370.1250000   1.7927778e-20
  38542.5742188   1.7762570e-20
  38715.0234375   1.7632303e-20
  38887.4726562   1.7397385e-20
  39059.9218750   1.7270331e-20
  39232.3750000   1.7151356e-20
  39404.8242188   1.6985915e-20
  39577.2734375   1.7008758e-20
  39749.7226562   1.6886765e-20
  39922.1718750   1.6678181e-20
  40094.6250000   1.6454385e-20
  40267.0742188   1.6352304e-20
  40439.5234375   1.6365954e-20
  40611.9726562   1.6130331e-20
  40784.4218750   1.5989269e-20
  40956.8750000   1.5741981e-20
  41129.3242188   1.5829056e-20
  41301.7734375   1.5403790e-20
  41474.2226562   1.5506690e-20
  41646.6718750   1.5314950e-20
  41819.1250000   1.5212519e-20
  41991.5742188   1.5156700e-20
  42164.0234375   1.5002328e-20
  42336.4726562   1.4869171e-20
  42508.9218750   1.4712233e-20
  42681.3750000   1.4619162e-20
  42853.8242188   1.4470074e-20
  43026.2734375   1.4365783e-20
  43198.7226562   1.4179554e-20
  43371.1718750   1.4091896e-20
  43543.6250000   1.3983698e-20
  43716.0742188   1.3823594e-20
  43888.5234375   1.3758120e-20
  44060.9726562   1.3636305e-20
  44233.4218750   1.2977852e-20
  44405.8750000   1.3365872e-20
  44578.3242188   1.3207736e-20
  44750.7734375   1.3223581e-20
  44923.2226562   1.3047632e-20
  45095.6718750   1.3039382e-20
  45268.1250000   1.2841102e-20
  45440.5742188   1.2762165e-20
  45613.0234375   1.2700492e-20
  45785.4726562   1.2513574e-20
  45957.9218750   1.2517091e-20
  46130.3750000   1.2368944e-20
  46302.8242188   1.2361340e-20
  46475.2734375   1.2252216e-20
  46647.7226562   1.2171338e-20
  46820.1718750   1.1987206e-20
  46992.6250000   1.1912524e-20
  47165.0742188   1.1872881e-20
  47337.5234375   1.1822149e-20
  47509.9726562   1.1736068e-20
  47682.4218750   1.1682175e-20
  47854.8750000   1.1542135e-20
  48027.3242188   1.1429043e-20
  48199.7734375   1.1381357e-20
  48372.2226562   1.1180953e-20
  48544.6718750   1.1119692e-20
  48717.1250000   1.0900987e-20
  48889.5742188   1.0848213e-20
  49062.0234375   1.0694800e-20
  49234.4726562   1.0559545e-20
  49406.9218750   1.0628591e-20
  49579.3750000   1.0610355e-20
  49751.8242188   1.0358268e-20
  49924.2734375   1.0456264e-20
  50096.7226562   1.0321803e-20
  50251.9296875   1.0331599e-20
  50424.3789062   1.0234188e-20
  50614.0742188   1.0187684e-20
  50786.5234375   1.0034045e-20
  50958.9726562   1.0033076e-20
  51131.4218750   9.9962184e-21
  51303.8750000   9.9250445e-21
  51476.3242188   1.0020438e-20
  51648.7734375   9.9064927e-21
  51821.2226562   9.8559362e-21
  51993.6718750   9.7596657e-21
  52166.1250000   9.8095995e-21
  52338.5742188   9.8032688e-21
  52511.0234375   9.7811207e-21
  52683.4726562   9.7386865e-21
  52855.9218750   9.6600074e-21
  53028.3750000   9.7258208e-21
  53200.8242188   9.6396656e-21
  53373.2734375   9.6529255e-21
  53545.7226562   9.5377560e-21
  53718.1718750   9.0916504e-21
  53890.6250000   9.2286707e-21
  54063.0742188   9.1809681e-21
  54235.5234375   9.2784954e-21
  54407.9726562   8.7730630e-21
  54580.4218750   8.7158406e-21
  54752.8750000   8.6233571e-21
  54925.3242188   8.9119333e-21
  55097.7734375   8.6417441e-21
  55356.4492188   8.7533198e-21
  55701.3476562   8.7662840e-21
  56046.2500000   8.5906212e-21
  56391.1484375   8.7018423e-21
  56736.0468750   8.3261868e-21
  57080.9492188   8.4625537e-21
  57425.8476562   8.2753321e-21
  57770.7460938   8.1911180e-21
  58115.6484375   7.9708085e-21
  58460.5468750   8.0141596e-21
  58805.4492188   7.8438815e-21
  59150.3476562   7.7647064e-21
  59495.2460938   7.6052714e-21
  59840.1484375   7.3750543e-21
  60185.0468750   7.3692584e-21
  60529.9492188   7.2589517e-21
  60874.8476562   7.1553861e-21
  61219.7460938   7.0189975e-21
  61564.6484375   6.9521776e-21
  61909.5468750   6.8307533e-21
  62254.4492188   6.6888793e-21
  62599.3476562   6.5435694e-21
  62944.2460938   6.4704685e-21
  63289.1484375   6.3722165e-21
  63634.0468750   6.2495753e-21
  63978.9492188   6.1712424e-21
  64323.8476562   6.0176154e-21
  64668.7460938   5.8683795e-21
  65013.6484375   5.8576423e-21
  65358.5468750   5.6742926e-21
  65703.4453125   5.7033994e-21
  66048.3515625   5.5933848e-21
  66393.2500000   5.5178702e-21
  66738.1484375   5.3838173e-21
  67083.0468750   5.2299326e-21
  67427.9453125   5.2391512e-21
  67772.8515625   5.1393782e-21
  68117.7500000   5.0400216e-21
  68462.6484375   4.9731128e-21
  68807.5468750   4.9013420e-21
  69152.4453125   4.8532326e-21
  69497.3437500   4.7853978e-21
  69842.2500000   4.6656351e-21
  70187.1484375   4.5933360e-21
  70532.0468750   4.5662632e-21
  70876.9453125   4.4788712e-21
  71221.8437500   4.4014567e-21
  71566.7500000   4.3425104e-21
  71911.6484375   4.2715025e-21
  72256.5468750   4.1961237e-21
  72601.4453125   4.1632473e-21
  72946.3437500   4.0847346e-21
  73291.2500000   4.0229214e-21
  73636.1484375   3.9879331e-21
  73981.0468750   3.9235329e-21
  74325.9453125   3.8614447e-21
  74670.8437500   3.7578835e-21
  75015.7500000   3.7317171e-21
  75360.6484375   3.6886512e-21
  75705.5468750   3.6455219e-21
  76050.4453125   3.5660911e-21
  76395.3437500   3.5465207e-21
  76740.2500000   3.4693389e-21
  77085.1484375   3.4259139e-21
  77430.0468750   3.3795874e-21
  77774.9453125   3.3360257e-21
  78119.8437500   3.2754426e-21
  78464.7500000   3.2560085e-21
  78809.6484375   3.1924452e-21
  79154.5468750   2.7550412e-21
  79499.4453125   2.9175290e-21
  79844.3437500   2.8876742e-21
  80189.2500000   2.5221745e-21
  80534.1484375   2.6970020e-21
  80879.0468750   2.5600063e-21
  81223.9453125   2.3144427e-21
  81568.8437500   2.4975277e-21
  81913.7500000   2.3728100e-21
  82258.6484375   2.2009255e-21
  82603.5468750   2.3451691e-21
  82948.4453125   2.2817624e-21
  83293.3437500   2.1268722e-21
  83638.2500000   2.2362848e-21
  83983.1484375   2.1702103e-21
  84328.0468750   2.0947143e-21
  84672.9453125   2.1070413e-21
  85017.8437500   2.1184261e-21
  85362.7500000   2.0678140e-21
  85707.6484375   1.9206278e-21
  86052.5468750   1.9247570e-21
  86397.4453125   1.9752219e-21
  86742.3437500   1.8947644e-21
  87087.2500000   1.9470151e-21
  87432.1484375   1.9573379e-21
  87777.0468750   1.9513554e-21
  88121.9453125   1.9399223e-21
  88466.8437500   1.9351656e-21
  88811.7500000   1.9489658e-21
  89156.6484375   1.8849455e-21
  89501.5468750   1.8858482e-21
  89846.4453125   1.8904587e-21
  90191.3437500   1.8426450e-21
  90536.2500000   1.8104378e-21
  90881.1484375   1.8257207e-21
  91226.0468750   1.8111218e-21
  91570.9453125   1.7800600e-21
  91915.8437500   1.7499919e-21
  92260.7500000   1.7577562e-21
  92605.6484375   1.7460613e-21
  92950.5468750   1.6993751e-21
  93295.4453125   1.7066600e-21
  93640.3437500   1.6866456e-21
  93985.2500000   1.6796232e-21
  94330.1484375   1.6320449e-21
  94675.0468750   1.6354961e-21
  95019.9453125   1.6168773e-21
  95364.8437500   1.5977265e-21
  95709.7500000   1.5655453e-21
  96054.6484375   1.5666871e-21
  96399.5468750   1.5582742e-21
  96744.4453125   1.5395944e-21
  97089.3437500   1.5097375e-21
  97434.2500000   1.5032799e-21
  97779.1484375   1.4952993e-21
  98124.0468750   1.4757598e-21
  98468.9453125   1.4559956e-21
  98813.8437500   1.4393318e-21
  99158.7500000   1.4156035e-21
  99503.6484375   1.4092886e-21
  99848.5468750   1.3931287e-21
 100193.4453125   1.3764708e-21
 100538.3437500   1.3640978e-21
 100883.2500000   1.3401139e-21
 101228.1484375   1.3348097e-21
 101573.0468750   1.3128449e-21
 101917.9453125   1.2976997e-21
 102262.8437500   1.2873458e-21
 102607.7500000   1.2719471e-21
 102952.6484375   1.2540201e-21
 103297.5468750   1.2393794e-21
 103642.4453125   1.2237212e-21
 103987.3437500   1.2128651e-21
 104332.2500000   1.1962067e-21
 104677.1484375   1.1719689e-21
 105022.0468750   1.1661620e-21
 105366.9453125   1.1540412e-21
 105711.8437500   1.1411639e-21
 106056.7500000   1.1298039e-21
 106401.6484375   1.1126384e-21
 106746.5468750   1.1002666e-21
 107091.4453125   1.0916797e-21
 107436.3437500   1.0737581e-21
 107781.2500000   1.0641621e-21
 108126.1484375   1.0522971e-21
 108471.0468750   1.0401758e-21
 108815.9453125   1.0273006e-21
 109160.8437500   1.0139210e-21
 109505.7500000   1.0050849e-21
 109850.6484375   9.9271367e-22
 110195.5468750   9.8211098e-22
 110712.8984375   9.6393259e-22
 111402.6953125   9.4196555e-22
 112092.5000000   9.2050712e-22
 112782.2968750   8.9904778e-22
 113472.0937500   8.7405273e-22
 114161.8984375   8.5839830e-22
 114851.6953125   8.3946281e-22
 115541.4921875   8.2280025e-22
 116231.2968750   8.0361167e-22
 116921.0937500   7.8568799e-22
 117610.8984375   7.6776265e-22
 118300.6953125   7.5286704e-22
 118990.4921875   7.3797193e-22
 119680.2968750   7.2181328e-22
 120370.0937500   7.0716915e-22
 121059.8984375   6.9328474e-22
 121749.6953125   6.7737832e-22
 122439.4921875   6.6425092e-22
 123129.2968750   6.5011181e-22
 123819.0937500   6.3698385e-22
 124508.8984375   6.2486422e-22
 125198.6953125   6.1324987e-22
 125888.4921875   5.9835405e-22
 126578.2968750   5.8724532e-22
 127268.0937500   5.7209854e-22
 127957.8984375   5.6073556e-22
 128647.6953125   5.5063708e-22
 129337.4921875   5.3549065e-22
 130027.2968750   5.3069346e-22
 130717.0937500   5.2008890e-22
 131406.8906250   5.1049595e-22
 132096.7031250   5.0191031e-22
 132786.5000000   4.9332609e-22
 133476.2968750   4.8247127e-22
 134166.0937500   4.7363456e-22
 134855.8906250   4.6429253e-22
 135545.7031250   4.5722429e-22
 136235.5000000   4.4687332e-22
 136925.2968750   4.3904519e-22
 137615.0937500   4.2869509e-22
 138304.8906250   4.2187781e-22
 138994.6875000   4.1480808e-22
 139684.5000000   4.0546718e-22
 140374.2968750   4.0016526e-22
 141064.0937500   3.9309666e-22
 141753.8906250   3.8653129e-22
 142443.6875000   3.7996711e-22
 143133.5000000   3.7264600e-22
 143823.2968750   3.6456660e-22
 144513.0937500   3.5926579e-22
 145202.8906250   3.5244876e-22
 145892.6875000   3.4790432e-22
 146582.5000000   3.4083552e-22
 147272.2968750   3.3553329e-22
 147962.0937500   3.1887038e-22
 148651.8906250   3.0498430e-22
 149341.6875000   3.0599458e-22
 150031.5000000   2.9185544e-22
 150721.2968750   2.8402933e-22
 151411.0937500   2.7797012e-22
 152100.8906250   2.6433646e-22
 152790.6875000   2.6307406e-22
 153480.5000000   2.5650932e-22
 154170.2968750   2.4681519e-22
 154860.0937500   2.4827964e-22
 155549.8906250   2.4115978e-22
 156239.6875000   2.3391415e-22
 156929.5000000   2.3383811e-22
 157619.2968750   2.2962183e-22
 158309.0937500   2.2159300e-22
 158998.8906250   2.2295673e-22
 159688.6875000   2.1740262e-22
 160378.5000000   2.1366556e-22
 161068.2968750   2.1174680e-22
 161758.0937500   2.0846465e-22
 162447.8906250   2.0445070e-22
 163137.6875000   2.0450099e-22
 163827.5000000   2.0013308e-22
 164517.2968750   1.9745716e-22
 165207.0937500   1.9430090e-22
 165896.8906250   1.9016087e-22
 166586.6875000   1.9064001e-22
 167276.5000000   1.8682810e-22
 167966.2968750   1.8311651e-22
 168656.0937500   1.8134939e-22
 169345.8906250   1.7809280e-22
 170035.6875000   1.7579491e-22
 170725.5000000   1.7271467e-22
 171415.2968750   1.7193213e-22
 172105.0937500   1.6857421e-22
 172794.8906250   1.6723656e-22
 173484.6875000   1.6488819e-22
 174174.5000000   1.6125301e-22
 174864.2968750   1.5973826e-22
 175554.0937500   1.5761697e-22
 176243.8906250   1.5499131e-22
 176933.6875000   1.5229030e-22
 177623.5000000   1.5059827e-22
 178313.2968750   1.5021975e-22
 179003.0937500   1.4751830e-22
 179692.8906250   1.4532167e-22
 180382.6875000   1.4335279e-22
 181072.5000000   1.4209041e-22
 181762.2968750   1.4163558e-22
 182452.0937500   1.3802543e-22
 183141.8906250   1.3580365e-22
 183831.6875000   1.3489477e-22
 184521.5000000   1.3312737e-22
 185211.2968750   1.3138543e-22
 185901.0937500   1.2999699e-22
 186590.8906250   1.2840651e-22
 187280.6875000   1.2618485e-22
 187970.5000000   1.2552819e-22
 188660.2968750   1.2307926e-22
 189350.0937500   1.2227166e-22
 190039.8906250   1.1994841e-22
 190729.6875000   1.2042823e-22
 191419.5000000   1.1734831e-22
 192109.2968750   1.1684330e-22
 192799.0937500   1.1482373e-22
 193488.8906250   1.1429344e-22
 194178.6875000   1.1192008e-22
 194868.5000000   1.1136455e-22
 195558.2968750   1.0984994e-22
 196248.0937500   1.0770405e-22
 196937.8906250   1.0729991e-22
 197627.6875000   1.0608816e-22
 198317.5000000   1.0464900e-22
 199007.2968750   1.0333595e-22
 199697.0937500   1.0250292e-22
 200386.8906250   1.0108929e-22
 201076.6875000   9.9952968e-23
 201766.5000000   9.8741328e-23
 202456.2968750   9.7150625e-23
 203146.0937500   9.6140864e-23
 203835.8906250   9.4600774e-23
 204525.6875000   9.4146100e-23
 205215.5000000   9.2681911e-23
 205905.2968750   9.2050715e-23
 206595.0937500   9.0965230e-23
 207284.8906250   8.9879517e-23
 207974.6875000   8.8793893e-23
 208664.5000000   8.7480926e-23
 209354.2968750   8.6546959e-23
 210044.0937500   8.5435902e-23
 210733.8906250   8.4375408e-23
 211423.6875000   8.3618063e-23
 212113.5000000   8.2759858e-23
 212803.2968750   8.2053039e-23
 213493.0937500   8.0942064e-23
 214182.8906250   8.0209900e-23
 214872.6875000   7.9023169e-23
 215562.5000000   7.7937470e-23
 216252.2968750   7.7079315e-23
 216942.0937500   7.6246019e-23
 217631.8906250   7.5362457e-23
 218321.6875000   7.4756568e-23
 219011.5000000   7.3771918e-23
 219701.2968750   7.3216427e-23
 220391.0937500   7.2130633e-23
 221425.7968750   7.1020062e-23
 222805.3906250   6.9303204e-23
 224185.0000000   6.7813437e-23
 225564.5937500   6.6273568e-23
 226944.1875000   6.4910183e-23
 228323.7968750   6.3420637e-23
 229703.3906250   6.2057327e-23
 231082.9843750   6.0719047e-23
 232462.5937500   5.9330626e-23
 233842.1875000   5.8068241e-23
 235221.7968750   5.6780573e-23
 236601.3906250   5.5619320e-23
 237980.9843750   5.4356820e-23
 239360.5937500   5.3220829e-23
 240740.1875000   5.2084548e-23
 242119.7968750   5.0948578e-23
 243499.3906250   4.9913397e-23
 244878.9843750   4.8827789e-23
 246258.5937500   4.7843051e-23
 247638.1875000   4.6833315e-23
 249017.7968750   4.5848709e-23
 250397.3906250   4.4889145e-23
 251776.9843750   4.3980365e-23
 253156.5937500   4.3071436e-23
 254536.1875000   4.2187779e-23
 255915.7968750   4.1278901e-23
 257295.3906250   4.0344751e-23
 258674.9843750   3.9511657e-23
 260054.5937500   3.8829911e-23
 261434.1875000   3.8097804e-23
 262813.7812500   3.7340450e-23
 264193.4062500   3.6582885e-23
 265573.0000000   3.5850765e-23
 266952.5937500   3.5169114e-23
 268332.1875000   3.4462260e-23
 269711.7812500   3.3805820e-23
 271091.4062500   3.3149361e-23
 272471.0000000   3.2492947e-23
 273850.5937500   3.1861701e-23
 275230.1875000   3.1255893e-23
 276609.7812500   3.0649894e-23
 277989.3750000   3.0069241e-23
 279369.0000000   2.9513846e-23
 280748.5937500   2.8933102e-23
 282128.1875000   2.8402934e-23
 283507.7812500   2.7898034e-23
 284887.3750000   2.7367831e-23
 286267.0000000   2.6862800e-23
 287646.5937500   2.6357946e-23
 289026.1875000   2.5878259e-23
 290405.7812500   2.5398484e-23
 291785.3750000   2.4946554e-23
 293165.0000000   2.4494704e-23
 294544.5937500   2.4055367e-23
 295924.1875000   2.3623601e-23
 297303.7812500   2.3207123e-23
 298683.3750000   2.2795587e-23
 300063.0000000   2.2394103e-23
 301442.5937500   2.1997756e-23
 302822.1875000   2.1611461e-23
 304201.7812500   2.1227662e-23
 305581.3750000   2.0859104e-23
 306961.0000000   2.0495504e-23
 308340.5937500   2.0149656e-23
 309720.1875000   1.9793643e-23
 311099.7812500   1.9465449e-23
 312479.3750000   1.9137235e-23
 313859.0000000   1.8798943e-23
 315238.5937500   1.8488380e-23
 316618.1875000   1.8185424e-23
 317997.7812500   1.7884996e-23
 319377.3750000   1.7584588e-23
 320757.0000000   1.7294239e-23
 322136.5937500   1.7003903e-23
 323516.1875000   1.6728651e-23
 324895.7812500   1.6453518e-23
 326275.3750000   1.6180850e-23
 327655.0000000   1.5920808e-23
 329034.5937500   1.5663294e-23
 330414.1875000   1.5413331e-23
 331793.7812500   1.5163360e-23
 333173.3750000   1.4923536e-23
 334553.0000000   1.4686217e-23
 335932.5937500   1.4438777e-23
 337312.1875000   1.4219155e-23
 338691.7812500   1.3996969e-23
 340071.3750000   1.3779830e-23
 341451.0000000   1.3565224e-23
 342830.5937500   1.3353140e-23
 344210.1875000   1.3148645e-23
 345589.7812500   1.2944154e-23
 689800.0000000   8.5865094e-25
1379600.0000000   5.4685101e-26
2069399.8750000   1.0820900e-26
2759200.0000000   3.4184440e-27
3449000.0000000   1.3971727e-27
4138799.7500000   6.7207704e-28
4828600.0000000   3.6178970e-28
5518400.0000000   2.1167150e-28
