    400.2179871   9.0647525e-24
    413.4119873   1.0373855e-23
    422.2079773   1.1093273e-23
    431.0039673   6.2153429e-23
    439.7999878   1.7200114e-22
    448.5959778   1.8664878e-22
    457.3919678   1.7723791e-22
    466.1879883   1.8016288e-22
    474.9839783   1.8384204e-22
    483.7799683   2.1002447e-22
    501.3719788   2.1790292e-22
    518.9639893   2.1160492e-22
    532.1579590   2.6819110e-22
    549.7500000   2.7833459e-22
    558.5459595   2.8423070e-22
    562.9439697   2.8871335e-22
    576.1379395   2.7857062e-22
    580.5359497   2.8824202e-22
    589.3319702   2.7526750e-22
    602.5259399   3.0616848e-22
    615.7199707   3.0687522e-22
    628.9139404   3.8778168e-22
    646.5059814   4.8236822e-22
    664.0979614   4.3188951e-22
    681.6899414   4.8732106e-22
    699.2819824   4.8944455e-22
    712.4759521   4.9015222e-22
    730.0679321   4.9321861e-22
    747.6599731   4.9274655e-22
    760.8539429   4.0499975e-22
    778.4459839   4.9651996e-22
    791.6399536   4.9722910e-22
    800.4359741   4.9722910e-22
    818.0279541   4.9793496e-22
    840.0179443   4.9864405e-22
    853.2119751   5.0147486e-22
    870.8039551   5.0029357e-22
    888.3959351   5.0194641e-22
    901.5899658   5.0147486e-22
    923.5799561   4.6960261e-22
    949.9679565   4.5025060e-22
    967.5599365   4.3171310e-22
    980.7539673   4.1162926e-22
    998.3459473   3.9917591e-22
   1011.5399170   4.8324609e-22
   1029.1319580   6.8986585e-22
   1055.5198975   7.0321535e-22
   1081.9079590   6.1421043e-22
   1108.2958984   5.9404513e-22
   1130.2858887   5.1840899e-22
   1143.4799805   5.2708934e-22
   1161.0718994   6.3388440e-22
   1183.0618896   6.1683798e-22
   1205.0518799   5.9424864e-22
   1227.0419922   4.8544556e-22
   1249.0319824   5.4603351e-22
   1275.4199219   5.3216476e-22
   1301.8079834   4.6098138e-22
   1323.7979736   4.0076916e-22
   1354.5839844   4.0210025e-22
   1398.5639648   3.5850666e-22
   1442.5439453   3.3604260e-22
   1486.5239258   2.8868545e-22
   1530.5039062   2.4859537e-22
   1570.0859375   3.0666371e-22
   1609.6679688   4.2946653e-22
   1649.2498779   3.8980336e-22
   1693.2298584   2.8343914e-22
   1737.2099609   3.8658117e-22
   1781.1899414   4.4032423e-22
   1820.7718506   4.0650735e-22
   1855.9559326   3.4585586e-22
   1891.1398926   3.1028085e-22
   1939.5179443   3.3359284e-22
   1983.4979248   3.1625032e-22
   2023.0798340   2.6095945e-22
   2067.0598145   2.4870565e-22
   2111.0397949   2.6227043e-22
   2155.0197754   2.0873984e-22
   2199.0000000   2.4346310e-22
   2225.3879395   2.0275476e-22
   2251.7758789   3.0973628e-22
   2286.9599609   2.8272674e-22
   2330.9399414   2.4861394e-22
   2374.9199219   1.9547723e-22
   2418.8999023   1.8213108e-22
   2462.8798828   2.3108000e-22
   2506.8598633   2.5073460e-22
   2550.8398438   2.3817198e-22
   2594.8198242   2.3664032e-22
   2638.7998047   1.9460439e-22
   2682.7797852   1.8610038e-22
   2726.7597656   2.3424862e-22
   2770.7397461   2.1931424e-22
   2814.7197266   2.4211209e-22
   2858.6999512   2.3420440e-22
   2893.8837891   2.1660434e-22
   2924.6699219   2.4757553e-22
   2968.6499023   2.6603376e-22
   3012.6298828   2.3375637e-22
   3056.6098633   2.8097769e-22
   3100.5898438   2.3577722e-22
   3148.9677734   3.1860214e-22
   3192.9477539   3.4029314e-22
   3232.5297852   3.6105217e-22
   3276.5097656   3.7362987e-22
   3320.4897461   4.0042958e-22
   3364.4697266   3.9082845e-22
   3408.4497070   4.7862254e-22
   3452.4299316   4.8471057e-22
   3496.4099121   5.8234338e-22
   3540.3898926   6.8163499e-22
   3584.3698730   8.0317188e-22
   3628.3498535   9.6536198e-22
   3672.3298340   9.1487024e-22
   3716.3098145   1.3607671e-21
   3760.2897949   1.6274094e-21
   3804.2697754   2.0744302e-21
   3848.2497559   2.5875116e-21
   3892.2297363   3.2539268e-21
   3936.2097168   4.1387522e-21
   3980.1896973   5.2063366e-21
   4024.1696777   6.6089683e-21
   4068.1499023   2.6214720e-20
   4112.1298828   5.0322663e-20
   4156.1098633   7.5352651e-20
   4200.0898438   1.0105751e-19
   4244.0698242   1.0835041e-19
   4288.0498047   5.2983965e-20
   4332.0297852   1.0366523e-19
   4376.0097656   1.0081103e-19
   4419.9897461   1.2594754e-19
   4463.9697266   1.3028985e-19
   4507.9497070   9.3198000e-20
   4551.9296875   1.5530979e-19
   4595.9096680   2.0986496e-19
   4639.8896484   2.0164031e-19
   4683.8696289   1.7090628e-19
   4727.8496094   1.8743244e-19
   4771.8295898   1.6513777e-19
   4815.8095703   1.9224285e-19
   4859.7895508   1.8181620e-19
   4903.7695312   1.7699987e-19
   4947.7495117   1.5436660e-19
   4991.7294922   1.8318358e-19
   5035.7099609   1.7356737e-19
   5079.6899414   1.7306273e-19
   5123.6699219   1.6911209e-19
   5167.6499023   1.1332248e-19
   5211.6298828   1.6038948e-19
   5255.6098633   1.4087091e-19
   5299.5898438   1.1893672e-19
   5343.5698242   9.7926559e-20
   5387.5498047   2.4816664e-19
   5431.5297852   2.9133978e-19
   5475.5097656   2.9724624e-19
   5519.4897461   2.9080418e-19
   5563.4697266   2.8700285e-19
   5607.4497070   3.2123233e-19
   5651.4296875   3.2682490e-19
   5695.4096680   2.8387140e-19
   5739.3896484   2.9025424e-19
   5783.3696289   3.2848118e-19
   5827.3496094   3.1486446e-19
   5871.3295898   2.9965672e-19
   5915.3095703   3.2206435e-19
   5959.2895508   3.1640315e-19
   6003.2695312   2.9701008e-19
   6047.2495117   2.9531656e-19
   6091.2294922   2.9307614e-19
   6135.2094727   2.1953012e-19
   6179.1894531   2.1600015e-19
   6223.1694336   2.7864036e-19
   6267.1499023   2.7125917e-19
   6311.1298828   2.8434807e-19
   6341.9155273   2.8815723e-19
   6363.9057617   2.8750622e-19
   6399.0898438   2.7939031e-19
   6443.0698242   2.6619975e-19
   6487.0498047   2.7183520e-19
   6531.0297852   2.7461184e-19
   6575.0097656   2.7246748e-19
   6618.9897461   2.5831175e-19
   6649.7758789   2.3862848e-19
   6671.7656250   2.4624717e-19
   6706.9497070   2.4638673e-19
   6750.9296875   2.1317010e-19
   6794.9096680   1.9144664e-19
   6838.8896484   1.9177482e-19
   6882.8696289   2.1425229e-19
   6926.8496094   2.2714576e-19
   6970.8295898   2.3092582e-19
   7014.8095703   2.3121603e-19
   7058.7895508   2.2763910e-19
   7102.7695312   2.2423269e-19
   7146.7495117   2.2180755e-19
   7190.7294922   2.3264207e-19
   7234.7094727   2.3293140e-19
   7278.6894531   2.3002693e-19
   7322.6694336   2.3680666e-19
   7353.4555664   2.2191475e-19
   7375.4458008   2.4634126e-19
   7410.6293945   2.4304748e-19
   7454.6093750   2.3247355e-19
   7498.5893555   2.2737533e-19
   7542.5698242   2.1547335e-19
   7586.5498047   2.1198164e-19
   7630.5297852   2.2226198e-19
   7674.5097656   2.1789429e-19
   7718.4897461   2.2156707e-19
   7762.4697266   2.1533995e-19
   7806.4497070   2.0919412e-19
   7850.4296875   2.1449896e-19
   7894.4096680   2.1884568e-19
   7938.3896484   2.2039276e-19
   7982.3696289   2.0354525e-19
   8026.3496094   2.0848513e-19
   8070.3295898   2.0406440e-19
   8114.3095703   1.9053236e-19
   8158.2895508   1.9036088e-19
   8202.2695312   1.9293048e-19
   8246.2500000   2.0040520e-19
   8290.2294922   1.8378150e-19
   8334.2099609   1.7517403e-19
   8378.1894531   1.8689815e-19
   8422.1699219   1.7704574e-19
   8466.1494141   1.6955534e-19
   8510.1298828   1.7949472e-19
   8554.1093750   1.8234959e-19
   8598.0898438   1.6699536e-19
   8650.8652344   1.7968875e-19
   8690.4472656   1.8481998e-19
   8725.6318359   1.7524405e-19
   8774.0097656   1.7153870e-19
   8817.9892578   1.7707763e-19
   8861.9697266   1.7397568e-19
   8905.9492188   1.7914269e-19
   8949.9296875   1.6700563e-19
   8993.9091797   1.6953523e-19
   9037.8896484   1.5168846e-19
   9081.8691406   1.5838261e-19
   9121.4511719   1.7376339e-19
   9139.0439453   1.6104520e-19
   9169.8291016   1.6706798e-19
   9213.8095703   1.5899242e-19
   9257.7890625   1.6236686e-19
   9301.7695312   1.6375616e-19
   9345.7490234   1.6400230e-19
   9389.7294922   1.6023176e-19
   9433.7099609   1.5585917e-19
   9477.6894531   1.6086072e-19
   9521.6699219   1.5798176e-19
   9565.6494141   1.5755217e-19
   9609.6298828   1.5302806e-19
   9653.6093750   1.5667587e-19
   9697.5898438   1.5505352e-19
   9741.5693359   1.5121487e-19
   9785.5498047   1.4849486e-19
   9829.5292969   1.4968920e-19
   9873.5097656   1.4858163e-19
   9917.4892578   1.4462472e-19
   9961.4697266   1.4702568e-19
  10005.4492188   1.4709802e-19
  10049.4296875   1.4697017e-19
  10093.4091797   1.3885192e-19
  10137.3896484   1.4172979e-19
  10181.3691406   1.3823555e-19
  10225.3496094   1.2151010e-19
  10269.3291016   1.3346184e-19
  10313.3095703   1.3333707e-19
  10357.2890625   1.3373116e-19
  10401.2695312   1.3085183e-19
  10445.2490234   1.2947473e-19
  10489.2294922   1.2580050e-19
  10533.2089844   1.2779461e-19
  10577.1894531   1.2490149e-19
  10621.1689453   1.2488778e-19
  10665.1494141   1.2557747e-19
  10709.1298828   1.2186335e-19
  10753.1093750   1.2340043e-19
  10797.0898438   1.2224125e-19
  10841.0693359   1.2069528e-19
  10885.0498047   1.1857111e-19
  10929.0292969   1.1792611e-19
  10973.0097656   1.0122763e-19
  11016.9892578   1.1541342e-19
  11052.1738281   1.0999544e-19
  11074.1630859   1.1430668e-19
  11104.9492188   1.1271097e-19
  11148.9296875   1.1237190e-19
  11192.9091797   1.0978212e-19
  11236.8896484   1.1125230e-19
  11280.8691406   1.1014239e-19
  11324.8496094   1.1119222e-19
  11368.8291016   1.1015739e-19
  11412.8095703   1.0901961e-19
  11456.7890625   1.0761156e-19
  11500.7695312   1.0624547e-19
  11544.7490234   1.0631316e-19
  11588.7294922   1.0606132e-19
  11632.7089844   1.0675624e-19
  11676.6894531   1.0632156e-19
  11720.6689453   1.0259586e-19
  11764.6494141   1.0314841e-19
  11808.6289062   1.0284218e-19
  11852.6093750   1.0020542e-19
  11896.5898438   9.9575007e-20
  11940.5693359   9.8528798e-20
  11984.5498047   9.8321738e-20
  12028.5292969   9.8139254e-20
  12072.5097656   9.5190652e-20
  12116.4892578   9.4792242e-20
  12160.4697266   9.4583062e-20
  12204.4492188   9.5548763e-20
  12248.4296875   9.4192989e-20
  12292.4091797   8.9020900e-20
  12336.3896484   9.0704878e-20
  12380.3691406   9.2430047e-20
  12424.3496094   9.1488231e-20
  12468.3291016   8.8291236e-20
  12512.3095703   8.8306746e-20
  12556.2890625   8.7469923e-20
  12600.2695312   8.7972300e-20
  12644.2490234   8.6843709e-20
  12688.2294922   8.6292044e-20
  12732.2089844   8.5263238e-20
  12798.1796875   8.4916442e-20
  12886.1396484   8.3692415e-20
  12974.0996094   8.1899081e-20
  13062.0595703   8.1203183e-20
  13150.0195312   7.9919237e-20
  13237.9794922   7.8448930e-20
  13325.9394531   7.7960532e-20
  13413.8994141   7.6980995e-20
  13501.8593750   7.5935025e-20
  13589.8193359   7.4398369e-20
  13677.7792969   7.3616683e-20
  13765.7392578   7.2206179e-20
  13853.6992188   7.1377900e-20
  13941.6591797   6.9901841e-20
  14029.6191406   6.8295347e-20
  14117.5791016   6.7552855e-20
  14205.5390625   6.6382911e-20
  14293.4990234   6.5583396e-20
  14381.4589844   6.4339245e-20
  14469.4189453   6.3337510e-20
  14557.3789062   6.2353566e-20
  14645.3388672   6.1100614e-20
  14733.2988281   5.9893608e-20
  14821.2587891   5.8870787e-20
  14909.2187500   5.8013530e-20
  14997.1787109   5.7133365e-20
  15085.1396484   5.5758578e-20
  15173.0996094   5.4836950e-20
  15261.0595703   5.4161269e-20
  15349.0195312   5.3297163e-20
  15436.9794922   5.2584078e-20
  15524.9394531   5.1799255e-20
  15612.8994141   5.1051920e-20
  15700.8593750   5.0118867e-20
  15788.8193359   4.8976921e-20
  15876.7792969   4.8277091e-20
  15964.7392578   4.7695224e-20
  16008.7187500   4.7432229e-20
  16052.6992188   4.7287880e-20
  16140.6591797   4.6408532e-20
  16228.6191406   4.4570191e-20
  16316.5791016   4.5290219e-20
  16404.5390625   4.4800984e-20
  16492.5000000   4.8789500e-20
  16580.4589844   4.8759295e-20
  16668.4199219   5.1501189e-20
  16756.3789062   5.4197436e-20
  16844.3398438   4.7708844e-20
  16932.2988281   5.4636701e-20
  17020.2597656   5.5124531e-20
  17108.2187500   4.5107991e-20
  17196.1796875   5.4744060e-20
  17284.1386719   5.2220684e-20
  17372.0996094   5.2635835e-20
  17460.0585938   4.1600189e-20
  17548.0195312   5.1815637e-20
  17635.9785156   5.2433031e-20
  17723.9394531   5.0928754e-20
  17811.8984375   5.1287660e-20
  17899.8593750   4.9593148e-20
  17987.8183594   4.6590079e-20
  18075.7792969   4.1267007e-20
  18163.7382812   4.7469533e-20
  18251.6992188   4.7658373e-20
  18339.6582031   4.7302627e-20
  18427.6191406   4.6962530e-20
  18515.5781250   4.6600516e-20
  18603.5390625   4.5908427e-20
  18691.4980469   4.5314492e-20
  18779.4589844   4.4082733e-20
  18867.4199219   4.3907484e-20
  18955.3789062   4.2500459e-20
  19043.3398438   3.9526299e-20
  19131.2988281   3.6333799e-20
  19219.2597656   4.1717468e-20
  19307.2187500   4.1032249e-20
  19395.1796875   4.1003246e-20
  19483.1386719   4.0829121e-20
  19571.0996094   4.0568692e-20
  19659.0585938   3.9475295e-20
  19747.0195312   3.9729924e-20
  19834.9785156   3.9963548e-20
  19922.9394531   3.8922173e-20
  20010.8984375   3.8462179e-20
  20098.8593750   3.8607725e-20
  20186.8183594   3.7807511e-20
  20274.7792969   3.7529908e-20
  20362.7382812   3.6807602e-20
  20450.6992188   3.6293771e-20
  20538.6582031   3.6347046e-20
  20626.6191406   3.5850350e-20
  20714.5781250   3.4927201e-20
  20802.5390625   3.5209970e-20
  20890.4980469   3.5025357e-20
  20978.4589844   3.4860690e-20
  21066.4179688   3.4333001e-20
  21154.3789062   3.3738978e-20
  21242.3378906   3.3356646e-20
  21330.2988281   3.0919401e-20
  21418.2597656   2.7619270e-20
  21506.2187500   3.2155839e-20
  21594.1796875   3.2067553e-20
  21682.1386719   3.1311865e-20
  21770.0996094   3.1586858e-20
  21858.0585938   3.1172460e-20
  21946.0195312   3.0433186e-20
  22033.9785156   2.9324606e-20
  22121.9394531   2.9812610e-20
  22209.8984375   2.9349344e-20
  22297.8593750   2.9642625e-20
  22385.8183594   2.9047103e-20
  22473.7792969   2.8862080e-20
  22561.7382812   2.8263485e-20
  22649.6992188   2.7793514e-20
  22737.6582031   2.7191756e-20
  22825.6191406   2.7089842e-20
  22913.5781250   2.6943782e-20
  23001.5390625   2.6993883e-20
  23089.4980469   2.7021874e-20
  23177.4589844   2.6195501e-20
  23265.4179688   2.6704400e-20
  23353.3789062   2.6643599e-20
  23441.3378906   2.5879208e-20
  23529.2988281   2.6102823e-20
  23617.2578125   2.5930178e-20
  23705.2187500   2.5470686e-20
  23793.1796875   2.5164361e-20
  23881.1386719   2.4989690e-20
  23969.0996094   2.4925021e-20
  24057.0585938   2.4439618e-20
  24145.0195312   2.4241001e-20
  24232.9785156   2.4041782e-20
  24320.9394531   2.4041572e-20
  24408.8984375   2.3996739e-20
  24496.8593750   2.3729493e-20
  24584.8183594   2.3327947e-20
  24672.7792969   2.3326409e-20
  24760.7382812   2.2968070e-20
  24848.6992188   2.2809646e-20
  24936.6582031   2.2516822e-20
  25024.6191406   2.2580796e-20
  25112.5781250   2.2286997e-20
  25200.5390625   2.2641273e-20
  25288.4980469   2.2113837e-20
  25376.4589844   2.2109661e-20
  25464.4179688   2.1679371e-20
  25552.3789062   2.1811355e-20
  25640.3378906   2.1842510e-20
  25728.2988281   2.1448577e-20
  25816.2578125   2.0966137e-20
  25904.2187500   2.0406171e-20
  25992.1777344   2.0782784e-20
  26080.1386719   2.0672635e-20
  26168.0976562   2.0476375e-20
  26256.0585938   2.0548535e-20
  26344.0195312   2.0220521e-20
  26431.9785156   2.0091104e-20
  26519.9394531   2.0178472e-20
  26607.8984375   2.0173155e-20
  26695.8593750   2.0106373e-20
  26783.8183594   1.9696812e-20
  26871.7792969   1.9608945e-20
  26959.7382812   1.9111817e-20
  27047.6992188   1.8970906e-20
  27135.6582031   1.8590758e-20
  27223.6191406   1.8688173e-20
  27311.5781250   1.8452879e-20
  27399.5390625   1.8050740e-20
  27487.4980469   1.7675286e-20
  27575.4589844   1.8011700e-20
  27663.4179688   1.8138232e-20
  27751.3789062   1.7882984e-20
  27839.3378906   1.7993435e-20
  27927.2988281   1.7813142e-20
  28015.2578125   1.7721845e-20
  28103.2187500   1.7809231e-20
  28191.1777344   1.7646509e-20
  28279.1386719   1.7612055e-20
  28367.0976562   1.7517865e-20
  28455.0585938   1.7457804e-20
  28543.0175781   1.7135421e-20
  28630.9785156   1.7252164e-20
  28718.9375000   1.7081099e-20
  28806.8984375   1.6490367e-20
  28894.8593750   1.5015667e-20
  28982.8183594   1.6663051e-20
  29070.7792969   1.6786377e-20
  29158.7382812   1.6628036e-20
  29246.6992188   1.6455497e-20
  29334.6582031   1.6109260e-20
  29422.6191406   1.6137371e-20
  29510.5781250   1.5808934e-20
  29598.5390625   1.5880819e-20
  29686.4980469   1.5658298e-20
  29774.4589844   1.5672058e-20
  29862.4179688   1.5486230e-20
  29950.3789062   1.5522999e-20
  30038.3378906   1.5538893e-20
  30126.2988281   1.5359432e-20
  30214.2578125   1.5433269e-20
  30302.2187500   1.5537391e-20
  30390.1777344   1.5478546e-20
  30478.1386719   1.5321703e-20
  30566.0976562   1.5164650e-20
  30654.0585938   1.5226649e-20
  30742.0175781   1.5115910e-20
  30829.9785156   1.4949012e-20
  30917.9375000   1.4954726e-20
  31005.8984375   1.4815482e-20
  31093.8574219   1.4339207e-20
  31181.8183594   1.4061255e-20
  31269.7773438   1.3607433e-20
  31357.7382812   1.3380284e-20
  31445.6992188   1.3427141e-20
  31533.6582031   1.3476294e-20
  31621.6191406   1.3394100e-20
  31709.5781250   1.3619330e-20
  31797.5390625   1.3694423e-20
  31885.4980469   1.3785965e-20
  31973.4589844   1.3778822e-20
  32061.4179688   1.3651668e-20
  32149.3789062   1.3858569e-20
  32237.3378906   1.3841901e-20
  32325.2988281   1.3872270e-20
  32413.2578125   1.4046503e-20
  32501.2187500   1.3859969e-20
  32589.1777344   1.3812449e-20
  32677.1386719   1.3838011e-20
  32765.0976562   1.3816333e-20
  32853.0585938   1.3773317e-20
  32941.0195312   1.3690033e-20
  33028.9765625   1.3750955e-20
  33116.9375000   1.3811843e-20
  33204.8984375   1.3806506e-20
  33292.8593750   1.3701583e-20
  33380.8164062   1.3527885e-20
  33468.7773438   1.3398983e-20
  33556.7382812   1.3286591e-20
  33644.6992188   1.3147915e-20
  33732.6562500   1.2835766e-20
  33820.6171875   1.2941333e-20
  33908.5781250   1.2768970e-20
  33996.5390625   1.2729495e-20
  34084.5000000   1.2663864e-20
  34172.4570312   1.2671820e-20
  34260.4179688   1.2722621e-20
  34348.3789062   1.2694881e-20
  34436.3398438   1.2655190e-20
  34524.2968750   1.2479566e-20
  34612.2578125   1.2463463e-20
  34700.2187500   1.2144448e-20
  34788.1796875   1.1968235e-20
  34876.1367188   1.2006772e-20
  34964.0976562   1.1899628e-20
  35052.0585938   1.2100578e-20
  35140.0195312   1.2057872e-20
  35227.9765625   1.2132239e-20
  35315.9375000   1.2101428e-20
  35403.8984375   1.2025032e-20
  35491.8593750   1.1924635e-20
  35579.8164062   1.1737891e-20
  35667.7773438   1.1666044e-20
  35755.7382812   1.1785828e-20
  35843.6992188   1.1761835e-20
  35931.6562500   1.1773774e-20
  36019.6171875   1.1634475e-20
  36107.5781250   1.1555087e-20
  36195.5390625   1.1607680e-20
  36283.5000000   1.1602685e-20
  36371.4570312   1.1624056e-20
  36459.4179688   1.1525184e-20
  36547.3789062   1.1236154e-20
  36635.3398438   1.1230876e-20
  36723.2968750   1.1191878e-20
  36811.2578125   1.1210621e-20
  36899.2187500   1.1063107e-20
  36987.1796875   1.1231270e-20
  37075.1367188   1.1049851e-20
  37163.0976562   1.0962361e-20
  37251.0585938   1.0891673e-20
  37339.0195312   1.1062330e-20
  37426.9765625   1.0561695e-20
  37514.9375000   1.1010129e-20
  37602.8984375   1.0240769e-20
  37690.8593750   1.1214117e-20
  37778.8164062   1.0845753e-20
  37866.7773438   1.0847277e-20
  37954.7382812   1.1253043e-20
  38042.6992188   1.1075504e-20
  38130.6562500   1.0086329e-20
  38218.6171875   1.0938075e-20
  38306.5781250   1.1184360e-20
  38394.5390625   1.1076817e-20
  38482.4960938   1.0464596e-20
  38570.4570312   1.0977875e-20
  38658.4179688   1.1122494e-20
  38746.3789062   1.0963709e-20
  38834.3398438   1.0969971e-20
  38922.2968750   1.0791494e-20
  39010.2578125   1.0262876e-20
  39098.2187500   1.0867017e-20
  39186.1796875   1.0994810e-20
  39274.1367188   1.0813601e-20
  39362.0976562   1.0809992e-20
  39450.0585938   1.0784433e-20
  39538.0195312   1.0671170e-20
  39625.9765625   1.0048526e-20
  39713.9375000   1.0417456e-20
  39801.8984375   1.0808616e-20
  39889.8593750   1.0665876e-20
  39977.8164062   1.0398533e-20
  40065.7773438   1.0419058e-20
  40153.7382812   1.0529876e-20
  40241.6992188   1.0440495e-20
  40329.6562500   1.0297324e-20
  40417.6171875   1.0229801e-20
  40505.5781250   9.8345918e-21
  40593.5390625   9.3462386e-21
  40681.4960938   9.7186209e-21
  40769.4570312   9.8929880e-21
  40857.4179688   9.9230557e-21
  40945.3789062   9.9628808e-21
  41033.3359375   9.9023334e-21
  41121.2968750   9.8833898e-21
  41209.2578125   9.7639269e-21
  41297.2187500   9.8062132e-21
  41385.1796875   9.6008107e-21
  41473.1367188   9.7583103e-21
  41561.0976562   9.6067157e-21
  41649.0585938   9.6857252e-21
  41737.0195312   9.6714846e-21
  41824.9765625   9.5393627e-21
  41912.9375000   9.4611731e-21
  42000.8984375   8.9405655e-21
  42088.8593750   9.3636175e-21
  42176.8164062   9.5532818e-21
  42264.7773438   9.4503761e-21
  42352.7382812   9.4433225e-21
  42440.6992188   9.3673600e-21
  42528.6562500   9.3110447e-21
  42616.6171875   9.3827186e-21
  42704.5781250   9.3337267e-21
  42792.5390625   9.2970294e-21
  42880.4960938   9.2307128e-21
  42968.4570312   9.2333890e-21
  43056.4179688   9.1225832e-21
  43144.3789062   9.2559628e-21
  43232.3359375   9.1821119e-21
  43320.2968750   9.2168180e-21
  43408.2578125   9.1577069e-21
  43496.2187500   9.1182970e-21
  43584.1757812   9.0714838e-21
  43672.1367188   9.0838826e-21
  43760.0976562   9.0641959e-21
  43848.0585938   9.0493995e-21
  43936.0195312   8.9950342e-21
  44089.9492188   8.8096020e-21
  44309.8476562   8.6307209e-21
  44529.7460938   8.7761981e-21
  44749.6484375   8.6887577e-21
  44969.5468750   8.6533036e-21
  45189.4492188   8.6175402e-21
  45409.3476562   8.4772983e-21
  45629.2460938   8.3940519e-21
  45849.1484375   8.3651992e-21
  46069.0468750   8.2693149e-21
  46288.9492188   8.2253782e-21
  46508.8476562   8.1239928e-21
  46728.7460938   8.0621829e-21
  46948.6484375   7.9128526e-21
  47168.5468750   7.8760317e-21
  47388.4492188   7.7961555e-21
  47608.3476562   7.6287677e-21
  47828.2460938   7.4937151e-21
  48048.1484375   7.2078499e-21
  48268.0468750   7.1473890e-21
  48487.9492188   7.0843552e-21
  48707.8476562   7.0086278e-21
  48927.7460938   6.9703190e-21
  49147.6484375   6.9269542e-21
  49367.5468750   6.8910583e-21
  49587.4492188   6.8223700e-21
  49807.3476562   6.7888942e-21
  50027.2460938   6.7553450e-21
  50247.1484375   6.7087785e-21
  50467.0468750   6.7357333e-21
  50686.9492188   6.7067756e-21
  50906.8476562   6.6377080e-21
  51126.7460938   6.5630937e-21
  51346.6484375   6.5339889e-21
  51566.5468750   6.5529268e-21
  51786.4453125   6.4730938e-21
  52006.3476562   6.4235623e-21
  52226.2460938   6.3308591e-21
  52446.1484375   6.3827304e-21
  52666.0468750   6.2160805e-21
  52885.9453125   6.2702875e-21
  53105.8476562   6.2001577e-21
  53325.7460938   6.1703312e-21
  53545.6484375   6.1582300e-21
  53765.5468750   6.1032221e-21
  53985.4453125   6.0554039e-21
  54205.3476562   5.9999178e-21
  54425.2460938   5.9698748e-21
  54645.1484375   5.9142630e-21
  54865.0468750   5.8815999e-21
  55084.9453125   5.8131103e-21
  55304.8476562   5.7854510e-21
  55524.7460938   5.7473874e-21
  55744.6484375   5.6887994e-21
  55964.5468750   5.6685484e-21
  56184.4453125   5.6354595e-21
  56404.3476562   5.4076654e-21
  56624.2460938   5.5282120e-21
  56844.1484375   5.4666460e-21
  57064.0468750   5.4872605e-21
  57283.9453125   5.4179110e-21
  57503.8476562   5.4231249e-21
  57723.7460938   5.3459859e-21
  57943.6484375   5.3201749e-21
  58163.5468750   5.3020508e-21
  58383.4453125   5.2297343e-21
  58603.3476562   5.2398499e-21
  58823.2460938   5.1854793e-21
  59043.1484375   5.1904238e-21
  59263.0468750   5.1488524e-21
  59482.9453125   5.1227106e-21
  59702.8476562   5.0501331e-21
  59922.7460938   5.0265011e-21
  60142.6484375   5.0183400e-21
  60362.5468750   5.0050017e-21
  60582.4453125   4.9735801e-21
  60802.3476562   4.9574857e-21
  61022.2460938   4.8999938e-21
  61242.1484375   4.8322696e-21
  61462.0468750   4.8161040e-21
  61681.9453125   4.7351886e-21
  61901.8476562   4.7034156e-21
  62121.7460938   4.6068592e-21
  62341.6484375   4.5827850e-21
  62561.5468750   4.5248468e-21
  62781.4453125   4.4721956e-21
  63001.3476562   4.5155164e-21
  63221.2460938   4.5172022e-21
  63441.1484375   4.4175956e-21
  63661.0468750   4.4661505e-21
  63880.9453125   4.4158302e-21
  64078.8554688   4.4277540e-21
  64298.7578125   4.3772706e-21
  64540.6484375   4.3609414e-21
  64760.5468750   4.3051649e-21
  64980.4453125   4.3171881e-21
  65200.3476562   4.3109923e-21
  65420.2460938   4.2916295e-21
  65640.1484375   4.3453789e-21
  65860.0468750   4.3051459e-21
  66079.9453125   4.2937035e-21
  66299.8437500   4.2638810e-21
  66519.7500000   4.2940618e-21
  66739.6484375   4.2981561e-21
  66959.5468750   4.2917991e-21
  67179.4453125   4.2880502e-21
  67399.3437500   4.2581545e-21
  67619.2500000   4.2857718e-21
  67839.1484375   4.2688279e-21
  68059.0468750   4.2727853e-21
  68278.9453125   4.2297679e-21
  68498.8437500   4.0426938e-21
  68718.7500000   4.0805276e-21
  68938.6484375   4.0819255e-21
  69158.5468750   4.1436268e-21
  69378.4453125   3.8957573e-21
  69598.3437500   3.8551302e-21
  69818.2500000   3.8588739e-21
  70038.1484375   3.9861531e-21
  70258.0468750   3.8507984e-21
  70587.8984375   3.8894489e-21
  71027.6953125   3.9416218e-21
  71467.5000000   3.8284047e-21
  71907.2968750   3.9226948e-21
  72347.0937500   3.7487906e-21
  72786.8984375   3.8220708e-21
  73226.6953125   3.7346583e-21
  73666.4921875   3.7077898e-21
  74106.2968750   3.6254741e-21
  74546.0937500   3.6326303e-21
  74985.8984375   3.5686821e-21
  75425.6953125   3.5255928e-21
  75865.4921875   3.4615219e-21
  76305.2968750   3.3706990e-21
  76745.0937500   3.3565616e-21
  77184.8984375   3.3079750e-21
  77624.6953125   3.2593475e-21
  78064.4921875   3.2000447e-21
  78504.2968750   3.1725194e-21
  78944.0937500   3.1155899e-21
  79383.8984375   3.0534801e-21
  79823.6953125   2.9964486e-21
  80263.4921875   2.9552934e-21
  80703.2968750   2.9063053e-21
  81143.0937500   2.8517722e-21
  81582.8984375   2.8158298e-21
  82022.6953125   2.7478920e-21
  82462.4921875   2.6878776e-21
  82902.2968750   2.6731270e-21
  83342.0937500   2.5904793e-21
  83781.8984375   2.6007390e-21
  84221.6953125   2.5499006e-21
  84661.4921875   2.5138182e-21
  85101.2968750   2.4532747e-21
  85541.0937500   2.3917301e-21
  85980.8984375   2.3841373e-21
  86420.6953125   2.3377689e-21
  86860.4921875   2.2901491e-21
  87300.2968750   2.2586847e-21
  87740.0937500   2.2255892e-21
  88179.8984375   2.2037148e-21
  88619.6953125   2.1715107e-21
  89059.4921875   2.1179645e-21
  89499.2968750   2.0847597e-21
  89939.0937500   2.0703071e-21
  90378.8984375   2.0307648e-21
  90818.6953125   1.9948054e-21
  91258.4921875   1.9683667e-21
  91698.2968750   1.9357297e-21
  92138.0937500   1.9021046e-21
  92577.8984375   1.8866299e-21
  93017.6953125   1.8515063e-21
  93457.4921875   1.8228153e-21
  93897.2968750   1.8063270e-21
  94337.0937500   1.7767904e-21
  94776.8984375   1.7483125e-21
  95216.6953125   1.7092130e-21
  95656.4921875   1.6906605e-21
  96096.2968750   1.6704891e-21
  96536.0937500   1.6497538e-21
  96975.8984375   1.6144390e-21
  97415.6953125   1.6054593e-21
  97855.4921875   1.5703752e-21
  98295.2968750   1.5503923e-21
  98735.0937500   1.5292325e-21
  99174.8984375   1.5094880e-21
  99614.6953125   1.4816263e-21
 100054.4921875   1.4721307e-21
 100494.2968750   1.4433411e-21
 100934.0937500   1.2184409e-21
 101373.8984375   1.3016917e-21
 101813.6953125   1.2931277e-21
 102253.4921875   1.1066898e-21
 102693.2968750   1.1981067e-21
 103133.0937500   1.1285907e-21
 103572.8906250   1.0145061e-21
 104012.6953125   1.1059804e-21
 104452.4921875   1.0420659e-21
 104892.2968750   9.6420512e-22
 105332.0937500   1.0362062e-21
 105771.8906250   1.0050645e-21
 106211.6953125   9.3396315e-22
 106651.4921875   9.8721977e-22
 107091.2968750   9.5385244e-22
 107531.0937500   9.2263758e-22
 107970.8906250   9.2997658e-22
 108410.6953125   9.3301621e-22
 108850.4921875   9.1237840e-22
 109290.2968750   8.2665186e-22
 109730.0937500   8.2444017e-22
 110169.8906250   8.4733900e-22
 110609.6953125   8.2064708e-22
 111049.4921875   8.4869094e-22
 111489.2968750   8.5634761e-22
 111929.0937500   8.5855057e-22
 112368.8906250   8.5993927e-22
 112808.6953125   8.6346256e-22
 113248.4921875   8.6894829e-22
 113688.2968750   8.4302205e-22
 114128.0937500   8.4353682e-22
 114567.8906250   8.4492355e-22
 115007.6953125   8.2634692e-22
 115447.4921875   8.1349896e-22
 115887.2968750   8.1646972e-22
 116327.0937500   8.0936154e-22
 116766.8906250   7.9622490e-22
 117206.6953125   7.8330500e-22
 117646.4921875   7.8741299e-22
 118086.2968750   7.8028355e-22
 118526.0937500   7.6053845e-22
 118965.8906250   7.6267577e-22
 119405.6953125   7.5361258e-22
 119845.4921875   7.4948016e-22
 120285.2968750   7.3020661e-22
 120725.0937500   7.3045677e-22
 121164.8906250   7.2329008e-22
 121604.6953125   7.1364735e-22
 122044.4921875   6.9983554e-22
 122484.2968750   6.9897539e-22
 122924.0937500   6.9454146e-22
 123363.8906250   6.8620958e-22
 123803.6953125   6.7378632e-22
 124243.4921875   6.7016230e-22
 124683.2968750   6.6626208e-22
 125123.0937500   6.5763661e-22
 125562.8906250   6.4913428e-22
 126002.6953125   6.4196985e-22
 126442.4921875   6.3315541e-22
 126882.2968750   6.2874673e-22
 127322.0937500   6.2158347e-22
 127761.8906250   6.1441819e-22
 128201.6953125   6.0863317e-22
 128641.4921875   5.9816321e-22
 129081.2968750   5.9540853e-22
 129521.0937500   5.8631596e-22
 129960.8906250   5.7942745e-22
 130400.6953125   5.7446871e-22
 130840.4921875   5.6757974e-22
 131280.2968750   5.5986531e-22
 131720.0937500   5.5325110e-22
 132159.8906250   5.4636456e-22
 132599.6875000   5.4140577e-22
 133039.5000000   5.3424185e-22
 133479.2968750   5.2487407e-22
 133919.0937500   5.2156742e-22
 134358.8906250   5.1550523e-22
 134798.6875000   5.0971941e-22
 135238.5000000   5.0476056e-22
 135678.2968750   4.9732089e-22
 136118.0937500   4.9181042e-22
 136557.8906250   4.8767649e-22
 136997.6875000   4.7996342e-22
 137437.5000000   4.7583080e-22
 137877.2968750   4.7031882e-22
 138317.0937500   4.6508508e-22
 138756.8906250   4.5929799e-22
 139196.6875000   4.5323646e-22
 139636.5000000   4.4937935e-22
 140076.2968750   4.4414454e-22
 140516.0937500   4.3918474e-22
 141175.7968750   4.3119581e-22
 142055.3906250   4.2155253e-22
 142935.0000000   4.1190777e-22
 143814.5937500   4.0254020e-22
 144694.1875000   3.9234703e-22
 145573.7968750   3.8463192e-22
 146453.3906250   3.7636539e-22
 147332.9843750   3.6892727e-22
 148212.5937500   3.6038524e-22
 149092.1875000   3.5267076e-22
 149971.7968750   3.4468067e-22
 150851.3906250   3.3806767e-22
 151730.9843750   3.3145484e-22
 152610.5937500   3.2429130e-22
 153490.1875000   3.1795494e-22
 154369.7968750   3.1161783e-22
 155249.3906250   3.0472907e-22
 156128.9843750   2.9894294e-22
 157008.5937500   2.9260671e-22
 157888.1875000   2.8682016e-22
 158767.7968750   2.8158545e-22
 159647.3906250   2.7607504e-22
 160526.9843750   2.6990327e-22
 161406.5937500   2.6475050e-22
 162286.1875000   2.5835942e-22
 163165.7968750   2.5312446e-22
 164045.3906250   2.4890889e-22
 164924.9843750   2.4251649e-22
 165804.5937500   2.3973354e-22
 166684.1875000   2.3499465e-22
 167563.7968750   2.3083352e-22
 168443.3906250   2.2697623e-22
 169322.9843750   2.2292674e-22
 170202.5937500   2.1815952e-22
 171082.1875000   2.1427487e-22
 171961.7968750   2.1036234e-22
 172841.3906250   2.0691891e-22
 173720.9843750   2.0234468e-22
 174600.5937500   1.9879050e-22
 175480.1875000   1.9438229e-22
 176359.7968750   1.9129619e-22
 177239.3906250   1.8812767e-22
 178118.9843750   1.8424295e-22
 178998.5937500   1.8140464e-22
 179878.1875000   1.7826368e-22
 180757.7968750   1.7526099e-22
 181637.3906250   1.7233989e-22
 182516.9843750   1.6911656e-22
 183396.5937500   1.6580999e-22
 184276.1875000   1.6316533e-22
 185155.7968750   1.6013469e-22
 186035.3906250   1.5801299e-22
 186914.9843750   1.5489970e-22
 187794.5937500   1.5255766e-22
 188674.1875000   1.4553204e-22
 189553.7968750   1.3947042e-22
 190433.3906250   1.3947042e-22
 191312.9843750   1.3351872e-22
 192192.5937500   1.3026754e-22
 193072.1875000   1.2742976e-22
 193951.7968750   1.2191956e-22
 194831.3906250   1.2092768e-22
 195710.9843750   1.1822739e-22
 196590.5937500   1.1417723e-22
 197470.1875000   1.1439758e-22
 198349.7968750   1.1142197e-22
 199229.3906250   1.0836373e-22
 200108.9843750   1.0806053e-22
 200988.5937500   1.0621468e-22
 201868.1875000   1.0285302e-22
 202747.7968750   1.0312848e-22
 203627.3906250   1.0078669e-22
 204506.9843750   9.9271102e-23
 205386.5937500   9.8361905e-23
 206266.1875000   9.6708907e-23
 207145.7812500   9.4918054e-23
 208025.3906250   9.4752702e-23
 208904.9843750   9.2824234e-23
 209784.5937500   9.1584309e-23
 210664.1875000   9.0206705e-23
 211543.7812500   8.8360676e-23
 212423.3906250   8.8388229e-23
 213302.9843750   8.6679853e-23
 214182.5937500   8.5054169e-23
 215062.1875000   8.4117658e-23
 215941.7812500   8.2740004e-23
 216821.3906250   8.1637650e-23
 217700.9843750   8.0260065e-23
 218580.5937500   7.9791924e-23
 219460.1875000   7.8331534e-23
 220339.7812500   7.7587537e-23
 221219.3906250   7.6513159e-23
 222098.9843750   7.4942423e-23
 222978.5937500   7.4226049e-23
 223858.1875000   7.3206576e-23
 224737.7812500   7.2021858e-23
 225617.3906250   7.0974971e-23
 226496.9843750   7.0038283e-23
 227376.5937500   6.9735033e-23
 228256.1875000   6.8522781e-23
 229135.7812500   6.7586094e-23
 230015.3906250   6.6621821e-23
 230894.9843750   6.6015421e-23
 231774.5937500   6.5712568e-23
 232654.1875000   6.4169644e-23
 233533.7812500   6.3177768e-23
 234413.3906250   6.2709210e-23
 235292.9843750   6.1882692e-23
 236172.5937500   6.1083709e-23
 237052.1875000   6.0422542e-23
 237931.7812500   5.9678564e-23
 238811.3906250   5.8686726e-23
 239690.9843750   5.8328533e-23
 240570.5937500   5.7253934e-23
 241450.1875000   5.6813093e-23
 242329.7812500   5.5821054e-23
 243209.3906250   5.5903732e-23
 244088.9843750   5.4553739e-23
 244968.5937500   5.4305847e-23
 245848.1875000   5.3396505e-23
 246727.7812500   5.3065935e-23
 247607.3906250   5.2046446e-23
 248486.9843750   5.1743324e-23
 249366.5937500   5.1054614e-23
 250246.1875000   5.0117766e-23
 251125.7812500   4.9869877e-23
 252005.3906250   4.9291324e-23
 252884.9843750   4.8657468e-23
 253764.5937500   4.8051389e-23
 254644.1875000   4.7638073e-23
 255523.7812500   4.6976765e-23
 256403.3906250   4.6453393e-23
 257282.9843750   4.5902377e-23
 258162.5937500   4.5185915e-23
 259042.1875000   4.4717634e-23
 259921.7812500   4.4083895e-23
 260801.3906250   4.3753296e-23
 261680.9843750   4.3119582e-23
 262560.5937500   4.2788885e-23
 263440.1875000   4.2292849e-23
 264319.7812500   4.1769349e-23
 265199.3750000   4.1273531e-23
 266079.0000000   4.0694857e-23
 266958.5937500   4.0254020e-23
 267838.1875000   3.9730623e-23
 268717.7812500   3.9262109e-23
 269597.3750000   3.8876388e-23
 270477.0000000   3.8463195e-23
 271356.5937500   3.8132517e-23
 272236.1875000   3.7636541e-23
 273115.7812500   3.7278411e-23
 273995.3750000   3.6754942e-23
 274875.0000000   3.6259039e-23
 275754.5937500   3.5845628e-23
 276634.1875000   3.5459973e-23
 277513.7812500   3.5046591e-23
 278393.3750000   3.4771089e-23
 279273.0000000   3.4302705e-23
 280152.5937500   3.4027222e-23
 281032.1875000   3.3558837e-23
 282351.5937500   3.3035327e-23
 284110.7812500   3.2236296e-23
 285870.0000000   3.1547488e-23
 287629.1875000   3.0831123e-23
 289388.3750000   3.0197397e-23
 291147.5937500   2.9508579e-23
 292906.7812500   2.8874884e-23
 294665.9687500   2.8241151e-23
 296425.1875000   2.7607506e-23
 298184.3750000   2.7023418e-23
 299943.5937500   2.6433804e-23
 301702.7812500   2.5891032e-23
 303461.9687500   2.5315116e-23
 305221.1875000   2.4786167e-23
 306980.3750000   2.4259854e-23
 308739.5937500   2.3739188e-23
 310498.7812500   2.3254195e-23
 312257.9687500   2.2758312e-23
 314017.1875000   2.2292674e-23
 315776.3750000   2.1824291e-23
 317535.5937500   2.1375134e-23
 319294.7812500   2.0931544e-23
 321053.9687500   2.0507244e-23
 322813.1875000   2.0082898e-23
 324572.3750000   1.9680641e-23
 326331.5937500   1.9261893e-23
 328090.7812500   1.8848577e-23
 329849.9687500   1.8471123e-23
 331609.1875000   1.8126687e-23
 333368.3750000   1.7779533e-23
 335127.5937500   1.7426856e-23
 336886.7812500   1.7085225e-23
 338645.9687500   1.6746320e-23
 340405.1875000   1.6421205e-23
 342164.3750000   1.6104379e-23
 343923.5937500   1.5790267e-23
 345682.7812500   1.5487181e-23
 347441.9687500   1.5189646e-23
 349201.1875000   1.4897564e-23
 350960.3750000   1.4616554e-23
 352719.5937500   1.4332785e-23
 354478.7812500   1.4062738e-23
 356237.9687500   1.3803777e-23
 357997.1875000   1.3542031e-23
 359756.3750000   1.3294004e-23
 361515.5937500   1.3048799e-23
 363274.7812500   1.2806373e-23
 365033.9687500   1.2574911e-23
 366793.1875000   1.2337985e-23
 368552.3750000   1.2114776e-23
 370311.5937500   1.1899889e-23
 372070.7812500   1.1684965e-23
 373829.9687500   1.1475586e-23
 375589.1875000   1.1271691e-23
 377348.3750000   1.1070543e-23
 379107.5937500   1.0874944e-23
 380866.7812500   1.0684817e-23
 382625.9687500   1.0497462e-23
 384385.1875000   1.0312848e-23
 386144.3750000   1.0133751e-23
 387903.5937500   9.9547020e-24
 389662.7812500   9.7838434e-24
 391421.9687500   9.6157908e-24
 393181.1875000   9.4532397e-24
 394940.3750000   9.2879284e-24
 396699.5937500   9.1363748e-24
 398458.7812500   8.9820862e-24
 400217.9687500   8.8250138e-24
 401977.1875000   8.6789940e-24
 403736.3750000   8.5385019e-24
 405495.5937500   8.3979608e-24
 407254.7812500   8.2574473e-24
 409013.9687500   8.1224590e-24
 410773.1875000   7.9874320e-24
 412532.3750000   7.8579279e-24
 414291.5625000   7.7312013e-24
 416050.7812500   7.6044487e-24
 417809.9687500   7.4832237e-24
 419569.1875000   7.3619915e-24
 421328.3750000   7.2462862e-24
 423087.5625000   7.1277969e-24
 424846.7812500   7.0175914e-24
 426605.9687500   6.9046305e-24
 428365.1875000   6.7916672e-24
 430124.3750000   6.6869814e-24
 431883.5625000   6.5850369e-24
 433642.7812500   6.4830806e-24
 435401.9687500   6.3838798e-24
 437161.1875000   6.2847065e-24
 438920.3750000   6.1882695e-24
 440679.5625000   6.0918407e-24
 879599.9375000   4.0998023e-25
1759199.8750000   2.6353821e-26
2638799.7500000   5.2377102e-27
3518399.7500000   1.6594841e-27
4398000.0000000   6.7944122e-28
5277599.5000000   3.2732188e-28
6157199.5000000   1.7652787e-28
7036799.5000000   1.0334883e-28
